2451

0	-0.51907046982872
0.02	-0.51907218299488
0.04	-0.51907732779728
0.06	-0.51908588302024
0.08	-0.51909784866376
0.1	-0.51911319290432
0.12	-0.51913272724168
0.14	-0.51915475442144
0.16	-0.51918006472768
0.18	-0.5192094537484
0.2	-0.5192411977096
0.22	-0.43303619345952
0.24	-0.45161136992672
0.26	-0.472030714074
0.28	-0.52213386551096
0.3	-0.5535961726472
0.32	-0.5686796194608
0.34	-0.5896243752272
0.36	-0.6124616226888
0.38	-0.6073048864688
0.4	-0.606044993312
0.42	-0.6292153799888
0.44	-0.6069452806928
0.46	-0.566902594104
0.48	-0.5604783270824
0.5	-0.5494550310288
0.52	-0.551981871556
0.54	-0.54514750544
0.56	-0.5411667543624
0.58	-0.5389639833472
0.6	-0.53372286176
0.62	-0.53025535510904
0.64	-0.52599395771248
0.66	-0.5335122430968
0.68	-0.5366785772584
0.7	-0.52889875027496
0.72	-0.52679780391592
0.74	-0.5251532121376
0.76	-0.52365613298232
0.78	-0.52118318558624
0.8	-0.521888622858
0.82	-0.52602475757592
0.84	-0.52545430506816
0.86	-0.52709859982696
0.88	-0.52569467341864
0.9	-0.52574670487384
0.92	-0.5306578324704
0.94	-0.52869353100232
0.96	-0.5337971696792
0.98	-0.52982309093296
1	-0.5343864351912
1.02	-0.5337421149896
1.04	-0.5313941226448
1.06	-0.5276847201144
1.08	-0.52680351093384
1.1	-0.52898070114288
1.12	-0.5304518812568
1.14	-0.53008968186392
1.16	-0.5344142807712
1.18	-0.5339546961032
1.2	-0.535166058392
1.22	-0.534533300736
1.24	-0.5372166599424
1.26	-0.5367886866376
1.28	-0.531868611328
1.3	-0.51325197411816
1.32	-0.48358523484304
1.34	-0.48096676909784
1.36	-0.51346924389704
1.38	-0.5304151250912
1.4	-0.5362202655312
1.42	-0.540020205976
1.44	-0.5382801489416
1.46	-0.52951612656296
1.48	-0.48771133454432
1.5	-0.331351263768
1.52	0.040828180698648
1.54	0.24282945952664
1.56	-0.06194433847416
1.58	-0.38684711221792
1.6	-0.49737998291032
1.62	-0.52653003551472
1.64	-0.5356527460912
1.66	-0.5389903968688
1.68	-0.5374549120288
1.7	-0.5357592488048
1.72	-0.5363815577384
1.74	-0.5312465145512
1.76	-0.52943770280184
1.78	-0.5305020033008
1.8	-0.52875574068
1.82	-0.52701046989224
1.84	-0.5248270475772
1.86	-0.52231938602472
1.88	-0.520988547634
1.9	-0.51771327625952
1.92	-0.51703257647064
1.94	-0.51983840849376
1.96	-0.51820575053544
1.98	-0.51718194546568
2	-0.5144784101476
2.02	-0.50980224620704
2.04	-0.50462230533704
2.06	-0.49931669338656
2.08	-0.48083774593992
2.1	-0.4119717229148
2.12	-0.19563048009352
2.14	0.3485156240348
2.16	1.547352626196
2.18	3.048624795432
2.2	1.8555951348376
2.22	0.29067079140704
2.24	-0.21936215410432
2.26	-0.40061172341176
2.28	-0.45619253005224
2.3	-0.47066678983032
2.32	-0.47937506800976
2.34	-0.48684651447656
2.36	-0.4865112643012
2.38	-0.48351581183416
2.4	-0.4761932039704
2.42	-0.4696338195868
2.44	-0.46674519337248
2.46	-0.47558366687616
2.48	-0.48278421562896
2.5	-0.480073578362
2.52	-0.45274803711016
2.54	-0.39032193827848
2.56	-0.33070907574224
2.58	-0.37518098636424
2.6	-0.3580640325344
2.62	-0.181824742304
2.64	0.33149135620696
2.66	1.6651009231368
2.68	1.9413691213328
2.7	0.4459467515432
2.72	-0.19658598658544
2.74	-0.38645312112856
2.76	-0.45812677420568
2.78	-0.48161063316232
2.8	-0.48463482226792
2.82	-0.4850038902372
2.84	-0.4847177172336
2.86	-0.47937530138224
2.88	-0.47157984374656
2.9	-0.47204266380576
2.92	-0.4753840379352
2.94	-0.4678032776772
2.96	-0.45515672221152
2.98	-0.41769585128072
3	-0.31619668077936
3.02	-0.047493283876472
3.04	0.6459312673
3.06	2.7749242779472
3.08	6.26667695056
3.1	4.2931139364936
3.12	1.144862005036
3.14	0.11300867159744
3.16	-0.22820984051704
3.18	-0.36773230432208
3.2	-0.41604525016104
3.22	-0.43185364736808
3.24	-0.43592573194808
3.26	-0.43412608006856
3.28	-0.43380888443688
3.3	-0.42342568136064
3.32	-0.40014344561888
3.34	-0.33956424068216
3.36	-0.26681525495248
3.38	-0.27797223100576
3.4	-0.23831004763776
3.42	-3.178154742908E-4
3.44	0.49821638987864
3.46	0.42933627433808
3.48	-0.10471168059048
3.5	-0.31850514831232
3.52	-0.38768162038288
3.54	-0.4142628307176
3.56	-0.42091011696736
3.58	-0.42107392853656
3.6	-0.41170433639584
3.62	-0.40451869696216
3.64	-0.39676171926608
3.66	-0.38150959718864
3.68	-0.35434401686008
3.7	-0.29239368495632
3.72	-0.14710325588656
3.74	0.21745974407872
3.76	1.274913327848
3.78	2.4422537701576
3.8	0.9305391371472
3.82	0.040917042574328
3.84	-0.22249863780416
3.86	-0.31757197662752
3.88	-0.35902056268288
3.9	-0.3735660381948
3.92	-0.37281511980904
3.94	-0.37272294828728
3.96	-0.37903767344912
3.98	-0.3715337351684
4	-0.34066125575968
4.02	-0.35413130314848
4.04	-0.39573816348056
4.06	-0.40445744199008
4.08	-0.41069386007704
4.1	-0.41174385590376
4.12	-0.41027826612152
4.14	-0.40698040004784
4.16	-0.40132886113104
4.18	-0.39262887828248
4.2	-0.37653711384552
4.22	-0.35786747456312
4.24	-0.34687566788256
4.26	-0.3257128255336
4.28	-0.25134947506568
4.3	-0.06603904957688
4.32	0.43211157699768
4.34	2.1214204979848
4.36	7.046846985512
4.38	2.45198630424
4.4	0.40156944163832
4.42	-0.0919890138728
4.44	-0.26684809682512
4.46	-0.33468457593904
4.48	-0.35340351515784
4.5	-0.35145364565608
4.52	-0.3515975463096
4.54	-0.33157849430864
4.56	-0.2779965866064
4.58	-0.22459708601688
4.6	-0.023774702592192
4.62	0.6948929727216
4.64	0.25882997532392
4.66	-0.21685825833504
4.68	-0.31852250804248
4.7	-0.34827171266576
4.72	-0.35307937139096
4.74	-0.3410974289248
4.76	-0.33620086058864
4.78	-0.3461661465924
4.8	-0.33533078964008
4.82	-0.29133879891536
4.84	-0.16647295956976
4.86	0.26530574340872
4.88	0.8451453356376
4.9	-0.0546659653032
4.92	-0.27620093388256
4.94	-0.35071700542296
4.96	-0.3810641898988
4.98	-0.39384736903976
5	-0.38945015946768
5.02	-0.38013516057552
5.04	-0.3455180871272
5.06	-0.28591156277536
5.08	-0.18366539348512
5.1	0.24361632257824
5.12	0.6415760594704
5.14	-0.12484069346088
5.16	-0.301663897548
5.18	-0.35441157288912
5.2	-0.37098225478248
5.22	-0.36908940242072
5.24	-0.35182922683912
5.26	-0.31572470615424
5.28	-0.2344388861552
5.3	-0.032220881200128
5.32	0.5593154956616
5.34	2.0366972710808
5.36	0.7020374060008
5.38	-0.033636349999152
5.4	-0.20739662196664
5.42	-0.26610785523032
5.44	-0.277330573372
5.46	-0.27385511084104
5.48	-0.2652006939692
5.5	-0.21049984478416
5.52	-0.1756130298764
5.54	-0.05905003176152
5.56	0.19487440629752
5.58	-0.1170387385232
5.6	-0.23610226441816
5.62	-0.26377214146032
5.64	-0.26098616731368
5.66	-0.24375189077344
5.68	-0.21774868572856
5.7	-0.16437472351384
5.72	-0.04742034383824
5.74	0.24889090659672
5.76	1.097613359696
5.78	1.0746253217888
5.8	0.13423658774088
5.82	-0.09471338829256
5.84	-0.1899901006244
5.86	-0.2285902270516
5.88	-0.23656075117472
5.9	-0.21111215582856
5.92	-0.14253740287416
5.94	-0.21597739390928
5.96	-0.27020560017528
5.98	-0.29003444830112
6	-0.29877188743272
6.02	-0.29773652512128
6.04	-0.2906823698644
6.06	-0.27701676164128
6.08	-0.2619205907236
6.1	-0.23366169745368
6.12	-0.16796378009944
6.14	0.015192238699072
6.16	0.5839614328824
6.18	0.47652452924496
6.2	-0.06279062134152
6.22	-0.17534429616176
6.24	-0.20980379014688
6.26	-0.20522654961824
6.28	-0.18053341811728
6.3	-0.10474945510872
6.32	0.021428087675416
6.34	0.30501864816368
6.36	0.7467122711216
6.38	0.1171829255884
6.4	-0.1173998293968
6.42	-0.18661527997544
6.44	-0.20522370671712
6.46	-0.20293308687496
6.48	-0.16579631727968
6.5	-0.0708774233028
6.52	0.18618067677064
6.54	0.7502970845712
6.56	0.29276348486656
6.58	-0.0587779884008
6.6	-0.15473143318936
6.62	-0.1887059420336
6.64	-0.20385400650456
6.66	-0.20173948741424
6.68	-0.1789696686876
6.7	-0.16776965662744
6.72	-0.08194904867544
6.74	-0.15475551829008
6.76	-0.20705101323552
6.78	-0.20449439650144
6.8	-0.16771328126176
6.82	-0.10465253127464
6.84	0.026586814456592
6.86	0.33139665471536
6.88	1.1989635271728
6.9	2.2130617868624
6.92	0.7093570807968
6.94	0.14832657321104
6.96	-0.035846441484736
6.98	-0.10322760134312
7	-0.09596098165888
7.02	-0.013479655970272
7.04	0.16875245709168
7.06	0.6374443588296
7.08	0.43321820277824
7.1	-0.008192677221144
7.12	-0.1200647840008
7.14	-0.16091723596776
7.16	-0.17558535932576
7.18	-0.1733930741604
7.2	-0.12833206244792
7.22	-5.1295059477592E-4
7.24	0.05762530337896
7.26	-0.12226743832976
7.28	-0.1836235137328
7.3	-0.20009253539152
7.32	-0.21246432658552
7.34	-0.22736840012864
7.36	-0.23206176998568
7.38	-0.23492925477488
7.4	-0.22995720104928
7.42	-0.2202660163272
7.44	-0.19660366985472
7.46	-0.15959415190808
7.48	-0.1015245338468
7.5	-0.00920461105716
7.52	0.20580227422248
7.54	0.78283339838
7.56	1.2658767211088
7.58	0.3776034881772
7.6	0.046325902753096
7.62	-0.06596683670608
7.64	-0.1047335645644
7.66	-0.09096178777464
7.68	-0.037976394451864
7.7	0.07921087875976
7.72	0.07705912084712
7.74	-0.09026557932368
7.76	-0.12849270757688
7.78	-0.12190631563264
7.8	-0.08121354878512
7.82	0.013750179757912
7.84	0.22983412358568
7.86	0.6197019508416
7.88	0.34480025989832
7.9	0.024588858024936
7.92	-0.07936056599
7.94	-0.12367356056096
7.96	-0.13694168771536
7.98	-0.13959372197024
8	-0.15688549300328
8.02	-0.16884550376024
8.04	-0.19407376896568
8.059999	-0.20145768484072
8.08	-0.20404643802608
8.099999	-0.2068330433392
8.12	-0.21151426191552
8.139999	-0.21427904159784
8.16	-0.2098548456808
8.179999	-0.2037165129864
8.2	-0.18796878732024
8.22	-0.15923798307224
8.24	-0.11788149428376
8.26	-0.043763606051088
8.28	0.12072523872704
8.3	0.39504320675472
8.32	0.22004684244104
8.34	-0.023496755968512
8.36	-0.09329501400616
8.38	-0.11418407330864
8.4	-0.10611898029192
8.42	-0.05606048786136
8.44	0.06024768872104
8.46	0.010480520991576
8.48	-0.1097363545064
8.5	-0.14668984714608
8.52	-0.16080787444128
8.54	-0.15750919156392
8.559999	-0.16091644037976
8.58	-0.18391540436216
8.599999	-0.18513778819672
8.62	-0.17854304257848
8.639999	-0.16448521477528
8.66	-0.14411472503512
8.679999	-0.10578703445872
8.7	-0.019684306758784
8.72	0.143785160662
8.74	0.0669774774464
8.76	-0.05291405931152
8.78	-0.07088706582936
8.8	-0.038016646431136
8.82	0.035737841070776
8.84	0.14477530705544
8.86	0.2487293704092
8.88	0.06461993274168
8.9	-0.03632182493924
8.92	-0.0613714726828
8.94	-0.05836575182664
8.96	-0.026754175409056
8.98	0.05704288522768
9	0.0851445437892
9.02	-0.036864995143304
9.04	-0.0840600512668
9.059999	-0.09820090663368
9.08	-0.10087740787152
9.099999	-0.10833823589048
9.12	-0.11843272538544
9.139999	-0.12306575254464
9.16	-0.1137757934588
9.179999	-0.08318074619352
9.2	-0.029501318496592
9.22	0.07964201320088
9.24	0.3155699536804
9.26	0.43053982395272
9.28	0.1377976184132
9.3	0.021820977140592
9.32	-0.0041465581406216
9.34	0.01106054548376
9.36	0.06687949813224
9.38	0.13899131334448
9.4	0.035538120902392
9.42	-0.034429268536216
9.44	-0.042765802388344
9.46	-0.016195316049472
9.48	0.06176948414352
9.5	0.19766974716688
9.52	0.14527221540848
9.54	-0.011244675840088
9.559999	-0.06785685677456
9.58	-0.0879829630968
9.599999	-0.09089381273592
9.62	-0.11142481500704
9.639999	-0.11991655534856
9.66	-0.11328741911304
9.679999	-0.09302860340848
9.7	-0.05225320679128
9.719999	0.024886508711416
9.74	0.17820901230472
9.76	0.261710926766
9.78	0.09603971304736
9.8	0.0517712846642
9.82	0.08125460112592
9.84	0.1864423085364
9.86	0.41809845063224
9.88	0.52805039357488
9.9	0.21381367565704
9.92	0.05772598769232
9.94	0.008082565189984
9.96	0.005362502326792
9.98	0.04805395012144
10	0.05779758000448
10.02	-0.028308644569912
10.04	-0.06729328345104
10.059999	-0.07851382698552
10.08	-0.06968652884128
10.099999	-0.08103746394504
10.12	-0.09266193811496
10.139999	-0.09707965264176
10.16	-0.08707609355128
10.179999	-0.06072008235584
10.2	0.0025095510209408
10.219999	0.11066170821312
10.24	0.1245422471864
10.26	0.016716758745256
10.28	-0.0030732290968808
10.3	0.026498501536632
10.32	0.11251607533136
10.34	0.21523454278584
10.36	0.14213244858216
10.38	0.01466809418644
10.4	-0.018219589471384
10.42	-0.01289570180376
10.44	0.03841793147128
10.46	0.09198036317928
10.48	0.008310274144208
10.5	-0.07564624142184
10.52	-0.11111656178448
10.54	-0.12909617168272
10.559999	-0.14411229053584
10.58	-0.14585978897
10.599999	-0.14486168669656
10.62	-0.14275944618104
10.639999	-0.12833520767248
10.66	-0.11012141379448
10.679999	-0.08022522694016
10.7	-0.07273358844992
10.719999	-0.07591282174496
10.74	-0.049561595215752
10.76	0.005622730144928
10.78	0.09117348843752
10.8	0.13601180976488
10.82	0.02809574734268
10.84	-0.021270166639768
10.86	-0.025782958706096
10.88	1.7454078410528E-4
10.9	0.034291960124864
10.92	0.013452630906696
10.94	-0.040518389339288
10.96	-0.0574525653124
10.98	-0.06361827153792
11	-0.0593184048096
11.02	-0.06301183193296
11.04	-0.06362344285992
11.059999	-0.05347663549808
11.08	-0.036989926326944
11.099999	0.01341962832528
11.12	0.06608804188592
11.139999	0.035117061257312
11.16	0.011566096044048
11.179999	0.029931379954696
11.2	0.09088711918888
11.219999	0.18938592579328
11.24	0.1527499258048
11.259999	0.042680400790072
11.28	0.00907352997828
11.3	0.005798334449856
11.32	0.048586063773872
11.34	0.05200969321624
11.36	-0.00824739935496
11.38	-0.042069920658856
11.4	-0.05866132337648
11.42	-0.06523534127536
11.44	-0.0708774233028
11.46	-0.06143834450616
11.48	-0.045974671866776
11.5	-0.017208400305736
11.52	0.05317131003936
11.54	0.11809019823184
11.559999	0.06884119007168
11.58	5.976790672568E-4
11.599999	-0.010010791515792
11.62	0.0051801335083744
11.639999	0.017084595674704
11.66	-0.013549752576992
11.679999	-0.052088036357776
11.7	-0.0732324698612
11.719999	-0.07759791956032
11.74	-0.07731920386824
11.759999	-0.07561242893184
11.78	-0.07444921032488
11.8	-0.05711044125672
11.82	-0.043324239926128
11.84	-0.033479340707352
11.86	-0.0568910127824
11.88	-0.07752966871776
11.9	-0.08478484784656
11.92	-0.08645207675544
11.94	-0.07985668936288
11.96	-0.06657993273064
11.98	-0.042963421143624
12	9.051338377E-4
12.02	0.06170234712416
12.04	0.12661917209176
12.059999	0.09129031257944
12.08	0.0247446166524
12.099999	0.0013776586384416
12.12	0.01538611766036
12.139999	0.040314300332
12.16	0.010875912846208
12.179999	-0.027982388782088
12.2	-0.042520291887424
12.219999	-0.052568215086352
12.24	-0.06480509258888
12.259999	-0.07215011481856
12.28	-0.07216957490104
12.3	-0.0694074153552
12.32	-0.05575536925552
12.34	-0.04418833919116
12.36	-0.02932969902676
12.38	-0.005933211013888
12.4	0.045487393310888
12.42	0.11892332207368
12.44	0.1364137991656
12.46	0.06211490193352
12.48	0.024235579295104
12.5	0.029060276332912
12.52	0.05987975579064
12.54	0.046557649581616
12.559999	0.00112638951246
12.58	-0.02672699387984
12.599999	-0.03676728526828
12.62	-0.037728311549744
12.639999	-0.039401053353072
12.66	-0.028741286385096
12.679999	-0.009333142011304
12.7	0.034183314097192
12.719999	0.06559526528656
12.74	0.049206500423712
12.759999	0.047383515008936
12.78	0.08115914647768
12.799999	0.13783581724504
12.82	0.13214336388936
12.84	0.051446948365024
12.86	0.005666742073088
12.88	-0.007812507616912
12.9	-0.0042392836037864
12.92	-0.022287351886976
12.94	-0.04134392645396
12.96	-0.049106673223824
12.98	-0.052565603436144
13	-0.0582980897192
13.02	-0.05550048937992
13.04	-0.038376073995424
13.059999	-0.017442880244232
13.08	0.015466815742376
13.099999	0.018346823617088
13.12	0.010389640974336
13.139999	0.022042817837728
13.16	0.05351434636928
13.179999	0.07979446907736
13.2	0.050971715011456
13.219999	0.032781353321624
13.24	0.052175065198704
13.259999	0.07695169525144
13.28	0.06862233442072
13.299999	0.033527582511712
13.32	0.017479839019576
13.34	0.016916459289136
13.36	0.01417752932172
13.38	-0.003800936520976
13.4	-0.018760632273136
13.42	-0.014536961659536
13.44	-3.7849756466768E-5
13.46	0.0080126452038
13.48	0.018227901244416
13.5	0.051065565223896
13.52	0.09855852343968
13.54	0.10463219604536
13.559999	0.047468958508176
13.58	0.0036357298616984
13.599999	-0.018107209484032
13.62	-0.028266346868696
13.639999	-0.036746527846968
13.66	-0.045498670505592
13.679999	-0.04809470279076
13.7	-0.050027598157344
13.719999	-0.05349997274608
13.74	-0.049694604799944
13.759999	-0.040087877047984
13.78	-0.019979857092944
13.799999	5.653309365296E-4
13.82	0.013894148301608
13.84	0.029729135120392
13.86	0.07018836983992
13.88	0.10221074440856
13.9	0.06592212466048
13.92	0.021757048992832
13.94	0.0012540491386264
13.96	-0.0012671850390552
13.98	-0.008489175365808
14	-0.016377159355496
14.02	-0.010948570715896
14.04	-0.008263144571872
14.059999	-0.009944991614664
14.08	-0.022252952253032
14.099999	-0.022804033784168
14.12	-0.00904484637892
14.139999	-0.0052350027729312
14.16	-0.019274808068128
14.179999	-0.025731903172176
14.2	-0.0266248960718
14.219999	-0.019217178325368
14.24	-0.02002157401492
14.259999	-0.0261075384552
14.28	-0.017397906184984
14.299999	-0.0044577728069136
14.32	-0.017260943589216
14.34	-0.032298775630032
14.36	-0.0395021508418
14.38	-0.050343146921864
14.4	-0.052647385109016
14.42	-0.046303458685224
14.44	-0.036328182748144
14.46	-0.023692081308784
14.48	-0.003985742596712
14.5	0.016550960858016
14.52	0.046556946812216
14.54	0.0842405436644
14.559999	0.08701617516704
14.58	0.049201009805728
14.599999	0.026017155945656
14.62	0.024383653603272
14.639999	0.020305775551456
14.66	-0.0050565821395224
14.679999	-0.017873143251296
14.7	-0.027234275639616
14.719999	-0.034498383387344
14.74	-0.048778944537416
14.759999	-0.05422748493288
14.78	-0.05742639577112
14.799999	-0.049890249966592
14.82	-0.041287114575664
14.839999	-0.026047258874008
14.86	-0.012750213686984
14.88	-0.00821932835836
14.9	-0.020841843276248
14.92	-0.029278778212408
14.94	-0.025227120089112
14.96	-0.028849055674792
14.98	-0.041748935376336
15	-0.050700181357448
15.02	-0.05617075105424
15.04	-0.05774720337232
15.059999	-0.05456715857752
15.08	-0.05339786698216
15.099999	-0.046574223270832
15.12	-0.035475301804304
15.139999	-0.03100293197308
15.16	-0.018809826131136
15.179999	-0.007747856544856
15.2	-0.006910696950288
15.219999	-0.011416077318808
15.24	-0.0014567219992744
15.259999	0.007688295644824
15.28	0.01286146765212
15.299999	0.0118634237218
15.32	0.016261119663344
15.339999	0.022165031823152
15.36	0.021326564281912
15.38	0.01151003414004
15.4	0.006944720005912
15.42	0.018694163017304
15.44	0.027226679365392
15.46	0.039808740755048
15.48	0.0699318404452
15.5	0.0884292614452
15.52	0.0607708833016
15.54	0.031594679189248
15.559999	0.0164008609828
15.58	0.008184509714736
15.599999	5.2913484366592E-4
15.62	-0.00608827960136
15.639999	-0.013188725350432
15.66	-0.0142657945064
15.679999	-0.009551406275184
15.7	-0.0012977404448224
15.719999	0.01956407643944
15.74	0.029452767473696
15.759999	0.031258410130856
15.78	0.044033168238032
15.799999	0.05527584715224
15.82	0.041446425768744
15.839999	0.021795966505832
15.86	0.012133325359624
15.88	0.005676423848656
15.9	-0.0013907967134776
15.92	0.0010593650422824
15.94	0.0050366380213032
15.96	0.009667053477256
15.98	0.0024518923718168
16	-0.0030488424683088
16.02	7.58976101024E-4
16.039999	0.005067239465096
16.059999	0.007756649383432
16.08	0.019862712063864
16.1	0.029721887313712
16.119999	0.026764945018616
16.139999	0.023245487001648
16.16	0.024057365991928
16.18	0.0259028071432
16.199999	0.011683873300392
16.219999	-0.0046465981932256
16.24	-0.01376800570264
16.26	-0.02315315954464
16.279999	-0.026204022594312
16.299999	-0.022011968647832
16.32	-0.019432135064736
16.34	-0.01670915928868
16.359999	-0.0037293551879304
16.379999	0.013155186012312
16.4	0.021727180497744
16.42	0.016827880112392
16.440001	0.015924955622568
16.459999	0.019850297708712
16.48	0.016030926352992
16.5	0.011198586896856
16.52	0.0041830613092376
16.539999	0.0044006948309512
16.559999	0.004143481442708
16.58	0.0023220826956
16.6	0.00943312514644
16.619999	0.016342540139264
16.639999	0.01755982584592
16.66	0.029538404035624
16.68	0.03369570033356
16.699999	0.025552166052784
16.719999	0.009547772559592
16.74	5.926927990256E-4
16.76	-0.008492072897304
16.779999	-0.015975084031272
16.799999	-0.019018219799896
16.82	-0.02766498947988
16.84	-0.030365717963496
16.859999	-0.026739104850768
16.879999	-0.0199549912552
16.9	-0.014030767733752
16.92	-0.010243923728216
16.940001	-0.007704797200728
16.959999	-0.005367741008576
16.98	-0.0035380883542032
17	-0.011316885528536
17.02	8.295390814296E-5
17.039999	-0.0025020125594448
17.059999	-0.00407330845954
17.08	-0.0039938007893288
17.1	-0.011965334301464
17.119999	-0.01692019165764
17.139999	-0.021160026497832
17.16	-0.021550441684328
17.18	-0.013941951471784
17.199999	-0.0048426122475096
17.219999	0.01370319975612
17.24	0.019802750717872
17.26	0.021384431640288
17.279999	0.012282676321336
17.299999	0.006324074912016
17.32	-0.0013059748336616
17.34	-0.005946324425696
17.359999	-0.016439719091896
17.379999	-0.01873096850936
17.4	-0.020968768203416
17.42	-0.023314021603928
17.440001	-0.01976039838628
17.459999	-0.016007192371776
17.48	-0.009633043681432
17.5	0.0030774312866184
17.52	0.012849866918296
17.539999	0.013281009845688
17.559999	0.0010359623969488
17.58	-0.0047191953330296
17.6	-0.006635213997448
17.619999	-0.006446796482584
17.639999	-0.0030109328592264
17.66	0.006420538896232
17.68	-0.007802663541392
17.699999	-0.012564927076096
17.719999	-0.008781464849952
17.74	-0.004540739481592
17.76	-0.006197318119112
17.779999	-0.0043323880850744
17.799999	-0.0026126173247728
17.82	-0.0034964780410192
17.84	0.0019933203812624
17.859999	0.0023442679852152
17.879999	-0.0021622141666064
17.9	-0.011139071080144
17.92	-0.01201496732404
17.940001	-0.014349825041352
17.959999	-0.013409898814432
17.98	-0.016333771168328
18	-0.0033397263075744
18.02	-0.0016006014371144
18.039999	1.080950299428E-4
18.059999	0.0038305535041776
18.08	6.084652780864E-4
18.1	8.675178005896E-5
18.119999	0.0023240008052288
18.139999	0.0020203228501392
18.16	-0.0014226097847552
18.18	-0.0021371399378456
18.199999	-0.006009102153208
18.219999	-0.005696078585
18.24	-0.003807584984696
18.26	-0.008871973592792
18.279999	-0.00627950448108
18.299999	-0.0047615458082496
18.32	-5.367246683232E-4
18.34	-0.003959719178428
18.359999	-0.011773205103384
18.379999	-0.018012973146216
18.4	-0.01460707258684
18.42	-0.013820688479216
18.440001	-0.019061373023408
18.459999	-0.020609948998752
18.48	-0.02051474840828
18.5	-0.012321359931464
18.52	-0.0056532759506
18.539999	0.00548341526064
18.559999	0.01402521134716
18.58	0.019903589905696
18.6	0.021064432356496
18.619999	0.022442000934376
18.639999	0.015961834839112
18.66	0.017271851100696
18.68	0.01533321371032
18.699999	0.0040892414882592
18.719999	0.002416309751556
18.74	0.008691087644328
18.76	0.008435836494328
18.779999	0.005696828028896
18.799999	0.0176825665106
18.82	0.01844571573588
18.84	0.020517144188944
18.859999	0.022525226334272
18.879999	0.020809865412176
18.9	0.011340417960792
18.92	0.006815280490272
18.939999	0.0019972619894104
18.959999	-5.7678008432E-4
18.98	0.0021103132408776
19	0.006519754554144
19.02	0.011782508179064
19.039999	0.01598639676224
19.059999	0.01435060949112
19.08	0.016987974164064
19.1	0.02059820824144
19.119999	0.01542412024716
19.139999	0.013969352583288
19.16	0.011444009883096
19.18	0.0069270653778
19.199999	0.0058586702526
19.219999	-0.0021860029903552
19.24	-0.006328272964696
19.26	-0.009029121847296
19.279999	-0.010838203035792
19.299999	-0.0040953808286984
19.32	-8.719002175288E-4
19.34	8.095596921424E-4
19.359999	-0.006185480830456
19.379999	-0.0045981701682344
19.4	-0.007045255809512
19.42	-0.013848615739584
19.439999	-0.013167298574416
19.459999	-0.01183702876392
19.48	-0.008136312463304
19.5	-0.008481643799408
19.52	0.0013620420415896
19.539999	0.011139098660528
19.559999	0.00823773826468
19.58	0.008791148216696
19.6	0.008604463492496
19.619999	0.008081226480576
19.639999	0.008031018513072
19.66	0.0026406263715872
19.68	4.1196515666184E-4
19.699999	-0.005469228335424
19.719999	-0.0015172270501056
19.74	0.0048553858371632
19.76	0.009367925649056
19.779999	0.0016632479986848
19.799999	0.0016955478107008
19.82	5.04039075686E-4
19.84	-0.003020447985628
19.859999	-0.0027841250940496
19.879999	-0.003423359738036
19.9	-0.010681208064576
19.92	-0.013938100825864
19.939999	-0.013146999942184
19.959999	-0.01430183729476
19.98	-0.007590980381448
20	-0.0022359945579232
20.02	-0.005661004292432
20.039999	7.083402662936E-4
20.059999	0.003009987064212
20.08	0.0045730786486944
20.1	0.0041638404865888
20.119999	0.0036193293985096
20.139999	0.0017701457482464
20.16	0.0036298106339392
20.18	0.0030764798694488
20.199999	0.0025645148543912
20.219999	-2.2260672638984E-4
20.24	-0.0012806658003624
20.26	0.0026328333749704
20.279999	0.0013604813100904
20.299999	8.706417564304E-4
20.32	9.702143151192E-4
20.34	-9.073770776248E-4
20.359999	-0.0041283107994496
20.379999	-0.005757913275536
20.4	-0.010095825022016
20.42	-0.01136101520372
20.439999	-0.011394644178088
20.459999	-0.008552758228376
20.48	-0.008447175744896
20.5	-0.007525091374464
20.52	-0.005931734932952
20.539999	-0.006762674620536
20.559999	-0.005733916219888
20.58	-0.0011618911949016
20.6	-0.0029663219593808
20.619999	0.0018813466741824
20.639999	0.0050128974632264
20.66	0.0025636129758344
20.68	0.0016638455913512
20.699999	2.184212333924E-5
20.719999	-0.0023871349561648
20.74	0.0040777376040144
20.76	-4.9975418192384E-4
20.779999	0.001494145291932
20.799999	0.006608178326032
20.82	0.005803187006264
20.84	0.0051688592838656
20.859999	8.783348802336E-5
20.879999	-0.0047836972588552
20.9	-0.0036366369380968
20.92	0.0010788120771192
20.939999	0.0023297217724584
20.959999	0.010427034140728
20.98	0.013941609899336
21	0.006031158504528
21.02	-9.17823731496E-4
21.039999	0.0021322152481256
21.059999	0.0035780013069088
21.08	-0.001695466713764
21.1	-0.0052910470679248
21.119999	-0.0011248295235096
21.139999	-0.005339898610928
21.16	-0.00858675211244
21.18	-0.0012187913304264
21.199999	-0.003030093429344
21.219999	-0.001786840525956
21.24	-0.008100333852376
21.26	-0.00842209987192
21.279999	-0.008859943241448
21.299999	-0.010022071362456
21.32	-0.01073740946168
21.34	-0.009490744811752
21.359999	-0.009492362507352
21.379999	-0.012973777097336
21.4	-0.010382475908808
21.42	-0.006877204817056
21.439999	0.005533960557456
21.459999	0.0033927397305232
21.48	0.0036642162082736
21.5	0.009887984552112
21.52	0.011946247614952
21.539999	0.010294566086768
21.559999	0.00791464732592
21.58	0.007213814917504
21.6	0.0032223021331848
21.619999	0.007039170622096
21.639999	0.005464236816312
21.66	-5.311495588936E-4
21.68	0.0017745517145904
21.699999	-0.002980226503896
21.719999	-0.0011471668765112
21.74	-0.0041397473769496
21.76	-0.006370887840328
21.779999	-8.76958353876E-4
21.799999	-6.006640073544E-4
21.82	0.0031472628034168
21.84	8.85297442096E-4
21.859999	0.004145760271936
21.879999	-0.0029462391436536
21.9	6.856177426216E-5
21.92	-0.0015037685652624
21.939999	-0.0026909819471848
21.959999	0.0011143999482608
21.98	0.0030659348278616
22	0.001497397655676
22.02	0.0025710732575496
22.039999	-0.0044068915598048
22.059999	0.0028012189387
22.08	0.003068489832204
22.1	0.006708309440536
22.119999	0.0040790417849032
22.139999	0.011252808871016
22.16	0.006624862867176
22.18	0.01031362094976
22.199999	0.00590775538024
22.219999	0.0028904323051584
22.24	0.006497152429456
22.26	-6.663101478416E-4
22.279999	0.0047073022471352
22.299999	0.0028263573448928
22.32	0.0029998853242584
22.34	0.0046204718788936
22.359999	0.008498517690496
22.379999	-0.004450354585284
22.4	0.0015459849573848
22.42	-0.0026420293645056
22.439999	-0.0042565673287728
22.459999	0.0032649028473504
22.48	-0.0045468863005584
22.5	-3.0454850339096E-4
22.519999	-0.006973709641456
22.539999	-5.82771922744E-4
22.559999	-0.0037944891288632
22.58	-0.008348750901456
22.6	-0.006071281598544
22.619999	-0.0025046094647552
22.639999	-0.005275894617112
22.66	-0.009197509638672
22.68	-0.0036754862957248
22.699999	-7.455771792024E-4
22.719999	0.003562573847844
22.74	6.611905921008E-4
22.76	-1.05217043392E-4
22.779999	5.58552102456E-4
22.799999	0.0038293163117984
22.82	-0.0013697142149088
22.84	-0.007567392258032
22.859999	0.0014717978614824
22.879999	0.008472466426632
22.9	0.0012206020887144
22.92	0.006510220757944
22.939999	0.0038366508375704
22.959999	0.0013073278106144
22.98	7.926272988168E-5
23	0.001231064495228
23.019999	0.005695271328376
23.039999	-0.0017469316572688
23.059999	-0.00893273476992
23.08	-0.006789136407808
23.1	9.313435296544E-4
23.119999	-0.0012310882567896
23.139999	-7.90938053336E-4
23.16	-0.0010063853522648
23.18	0.0012263943406288
23.199999	-0.0023081736427528
23.219999	0.0033454392128456
23.24	7.798038523152E-4
23.26	-0.004966820878128
23.279999	-0.006851594308944
23.299999	-0.002617412386688
23.32	-6.713097819512E-4
23.34	0.0024520098006056
23.359999	0.008086172916368
23.379999	0.0012929635223136
23.4	0.0022782785750256
23.42	0.007450535231808
23.439999	2.2097670978368E-4
23.459999	-0.0013204874726048
23.48	-0.0051699032544392
23.5	-8.884386356768E-4
23.519999	-0.0028407460312256
23.539999	0.0032982053654424
23.559999	-0.003904671914316
23.58	0.0022778078521256
23.6	0.006980056312128
23.619999	-0.002228143377304
23.639999	0.0012194696487552
23.66	0.001840007020036
23.68	5.866546043408E-4
23.699999	-0.0029961359832104
23.719999	-0.001570064011636
23.74	-0.005729117233072
23.76	0.0024259845789888
23.779999	-0.0012579285317928
23.799999	-0.0041814583585352
23.82	-0.005663753314168
23.84	-0.0028856873652872
23.859999	-0.0048633283512848
23.879999	-0.0034586838982752
23.9	-0.0022278358029832
23.92	0.0033087867919208
23.939999	0.0048877653140576
23.959999	-0.001953126904228
23.98	0.0012391525489144
24	0.002124352558
24.019999	-0.005350870830232
24.039999	-0.0031097987236144
24.059999	0.00725233357572
24.08	0.006745252834512
24.1	0.0054710995584
24.119999	0.0033877954162992
24.139999	0.00210132824128
24.16	3.696794582168E-4
24.18	-0.0023080762097424
24.199999	-0.0050026706568392
24.219999	0.003269424333072
24.24	0.0045866642154608
24.26	6.639745666696E-4
24.279999	0.0012032427298288
24.299999	5.2921587695568E-5
24.32	-0.0021894780657
24.34	-6.919844621112E-4
24.359999	-0.0015706566716568
24.379999	0.0021224676509104
24.4	-8.057301027848E-4
24.42	-4.6978672629648E-6
24.439999	-3.0884948394248E-4
24.459999	-0.004057809344516
24.48	0.005638412775584
24.5	-5.1394352042344E-4
24.519999	-0.0026993069269776
24.539999	-5.73736164632E-6
24.559999	0.006488154859568
24.58	0.0017558737481536
24.6	-0.0013993257350728
24.619999	-0.005143759649328
24.639999	-0.009587997488872
24.66	-0.007301293000456
24.68	-0.0049402535958872
24.699999	-0.0026113217892736
24.719999	-0.0021919704837864
24.74	0.001286767058656
24.76	0.004597278473204
24.779999	5.2094498123512E-4
24.799999	0.0010712354273992
24.82	0.002494013505536
24.84	0.006305317068544
24.859999	0.005105792598792
24.879999	0.003044086496284
24.9	-0.0021146170537224
24.92	-0.0027852462896984
24.939999	-0.00211701723664
24.959999	0.0051016633909936
24.98	0.0022828862494472
25	9.46607044552E-4
25.019999	0.0016342161439376
25.039999	0.0048904039612184
25.059999	0.0018757183664352
25.08	-0.0022882042248352
25.1	0.0021178509067856
25.119999	0.0017732150737112
25.139999	-0.0010963487990896
25.16	-0.011250986444104
25.18	-0.0039490987150984
25.199999	-0.0037507060648512
25.219999	0.008119089043888
25.24	0.004031911098744
25.26	-0.0011482966645104
25.279999	-0.006216633404576
25.299999	0.003711475302336
25.32	0.006041797107264
25.34	0.007140469129392
25.359999	-0.0041881130808808
25.379999	0.0029756138437896
25.4	0.0028031840940992
25.42	0.00284086839266
25.439999	0.0022006790961128
25.459999	9.403875618816E-4
25.48	0.0017833858707032
25.5	0.0036015309280872
25.519999	-0.0013511591933376
25.539999	-0.0035246620111152
25.559999	0.007447235663176
25.58	6.928395070544E-4
25.599998	-0.0033475705400584
25.619999	-0.01356462689024
25.639999	-0.00691432536196
25.66	0.006139737172416
25.68	0.0050021196856296
25.699999	-0.0014786386983808
25.719999	-9.804384165072E-4
25.74	0.0016309235234408
25.76	0.0024436608470944
25.779999	-0.004493254016224
25.799999	0.0023275288667344
25.82	-0.0040258534386728
25.84	6.333569459208E-5
25.859999	-9.059558392216E-4
25.879999	-5.692556251728E-4
25.9	-0.007525885371288
25.92	0.0014422849942304
25.939999	0.0019212865177624
25.959999	-0.012399728531816
25.98	-0.0043184347975344
26	-0.0048319797973208
26.019999	0.001471537863324
26.039999	2.8110212193304E-4
26.059999	0.001954660532696
26.08	0.0050157920245272
26.099998	-0.0019498276538312
26.119999	2.7089891798984E-4
26.139999	-0.001879579832352
26.16	-3.7140148722712E-4
26.18	-0.005366956028416
26.199999	-0.0015731838834584
26.219999	-0.0010332623834336
26.24	-6.796796329072E-4
26.26	-0.0015663229447032
26.279999	8.020348617208E-4
26.299999	-0.0011192373354576
26.32	-6.850842213088E-4
26.34	-0.002389118675284
26.359999	0.0036066832620536
26.379999	0.00740484514336
26.4	-0.0019583601760136
26.42	-6.59888002388E-4
26.439999	0.0051156721044976
26.459999	0.0026508962458048
26.48	0.0019859993804864
26.5	-0.0014832182620264
26.519999	8.103520977904E-4
26.539999	0.002234826051308
26.559999	-7.782814151184E-4
26.58	-0.0038245216741968
26.599998	-0.0015792749051864
26.619999	-0.0040778338701624
26.639999	-0.0028050847538312
26.66	-0.00125853667926
26.68	-0.007269193146224
26.699999	-3.9348640546024E-4
26.719999	-0.0048415469551776
26.74	-0.01186470461848
26.76	-0.007515094015656
26.779999	-0.0043789172536664
26.799999	-3.0801238216064E-4
26.82	-0.0013128345525152
26.84	-0.0010586280625984
26.859999	0.00540208495136
26.879999	0.011648692399032
26.9	-8.873894142224E-4
26.92	0.005499577365664
26.939999	0.0024310270157328
26.959999	-8.863416778656E-4
26.98	8.646727248624E-4
27	-0.0020070859630736
27.019999	0.0010090078224696
27.039999	0.0038208026715712
27.059999	0.006807912284608
27.08	-0.0018227791453272
27.099998	-2.775560164916E-4
27.119999	0.00100556223692
27.139999	6.77249854116E-4
27.16	0.00434108216466
27.18	-0.007211929373944
27.199999	-0.0029433930071424
27.219999	-0.0039992030440056
27.24	-9.225975777312E-4
27.26	6.05260013152E-4
27.279999	0.00844918699136
27.299999	0.008042342382272
27.32	0.0028929441886312
27.34	0.0013989360560704
27.359999	0.0013246596951944
27.379999	0.0045352236169488
27.4	0.0024833071187024
27.42	6.833627810336E-4
27.439999	0.0028425027425688
27.459999	3.249383206156E-6
27.48	-0.0011315549471088
27.5	2.3777876988312E-4
27.519999	0.0032727786381584
27.539999	0.0043480371419168
27.559999	-0.0026112533156664
27.58	0.0012333459233768
27.599998	0.007069608758192
27.619999	0.0044859355613296
27.639999	0.006104834726856
27.66	0.0021245817403832
27.68	-0.005966853248056
27.699999	-0.0045161999940456
27.719999	-0.00911197279044
27.74	-0.0032875537150632
27.76	0.0043321713669032
27.779999	0.0040643210731784
27.799999	6.7731323596E-4
27.82	0.006963666138544
27.84	0.0049902773052104
27.859999	-0.0032919035659336
27.879999	2.0787357697264E-4
27.9	0.0017398004307504
27.92	0.0052610590755192
27.939999	-0.0036837639645512
27.959999	-0.0010900334215456
27.98	-0.0016269068648248
28	0.012266547631008
28.019999	0.008797648701048
28.039999	-6.019526477576E-4
28.059999	4.82376142632E-4
28.08	0.001805749265952
28.099998	-0.0037654473557856
28.119999	0.0019841528737776
28.139999	0.0021233328263408
28.16	0.0021170436501616
28.18	-0.0047317619637248
28.199999	-0.0040972080821776
28.219999	-0.0021704553444632
28.24	0.0012284224005192
28.26	-8.600574658352E-4
28.279999	-0.0044440481713648
28.299999	-0.0019599361828024
28.32	0.0018156327495976
28.34	4.2081498585824E-4
28.359999	0.002708296381868
28.379999	-4.1225483025264E-4
28.4	0.0033367173937584
28.42	-5.851977235952E-4
28.439999	-0.00101538377078
28.459999	-0.0042935490170512
28.48	-0.0050224115818832
28.5	0.0021078321201408
28.519999	0.0018726206649984
28.539999	-4.2747666164296E-5
28.559999	0.006378043889192
28.58	0.0029732968793768
28.599998	0.002390290311212
28.619999	0.0043715504270216
28.639999	-0.0022958457414968
28.66	9.013928768456E-4
28.68	6.937691251128E-4
28.699999	-0.00235504390644
28.719999	-0.008552034243296
28.74	-0.0021823998783816
28.76	2.6993420919672E-4
28.779999	-7.5350006882E-4
28.799999	0.0018999221158456
28.82	0.005309582995384
28.84	0.0035830686720768
28.859999	0.0037335336691456
28.879999	-0.0043378391358152
28.9	0.001499395907536
28.92	-0.001821866818048
28.939999	-0.00699220281932
28.959999	-0.004275070637124
28.98	-0.011423666167544
29	-0.009630082502896
29.019999	-0.007088414336944
29.039999	-0.01207693832532
29.059999	-0.006079067753104
29.08	0.005247978494976
29.099998	0.0035303990492224
29.119999	-0.007304343284848
29.139999	-0.016079614747416
29.16	-0.00841508543772
29.179998	-0.0039455684789856
29.199999	-0.0033370574280696
29.219999	-0.0039288791643136
29.24	0.0027198277934576
29.26	-8.833545631608E-4
29.279999	-0.0022545691509592
29.299999	-0.0047122265125416
29.32	-0.0015336792795536
29.34	0.007758077729088
29.359999	0.007492819142832
29.379999	0.0050302980866096
29.4	0.002460095467528
29.42	-0.0013451109212048
29.439999	-0.003436635714992
29.459999	-0.0022662780847512
29.48	-0.004087112176536
29.5	9.801613397264E-4
29.519999	0.0017655090613824
29.539999	-0.0049339482957912
29.559999	-0.0044449193402248
29.58	1.5685098039584E-5
29.599998	-0.0049561755924528
29.619999	-0.0035830012062144
29.639999	0.0021900378414168
29.66	0.0045624815226128
29.679998	0.0010287997181848
29.699999	-0.0022759610802208
29.719999	0.008297324623528
29.74	0.0030249025358792
29.76	0.0027803101965504
29.779999	0.0011883255609072
29.799999	-5.313145638448E-4
29.82	-8.873608260936E-4
29.84	0.0045568236720312
29.859999	-0.0019230953666392
29.879999	0.0038747316571904
29.9	4.1074799718848E-4
29.92	-0.01479169673812
29.939999	-0.006727971602368
29.959999	-8.832502350544E-4
29.98	0.0022291349981872
30	0.007075527932912
30.019999	0.005360300139208
30.039999	0.007956366369464
30.059999	6.905263084248E-4
30.08	-0.0014462105315008
30.099998	-0.002066067250728
30.119999	0.009826836188824
30.139999	0.001031051285264
30.16	0.00778828673584
30.179998	-7.649174461296E-4
30.199999	-0.0044193678117032
30.219999	-0.0045598855189688
30.24	0.0021797882281736
30.26	-0.006726103561744
30.279999	0.0029859747863136
30.299999	0.0020024229687664
30.32	0.013833510705816
30.34	0.014272406903464
30.359999	-0.0012916876643576
30.379999	-0.0010850752110512
30.4	5.1520219898256E-4
30.42	0.0013419696745848
30.439999	-5.1776396582296E-4
30.459999	0.00690404901696
30.48	0.005677581164
30.5	-0.0011015952245968
30.519999	-0.0030854375538584
30.539999	-0.0022570831029608
30.559999	-0.005844258971568
30.58	-0.0038744189380672
30.599998	0.0010231138629056
30.619999	0.006831367279632
30.639999	0.005362001636744
30.66	0.004128259987896
30.679998	0.0033488275160592
30.699999	-0.0043080043736584
30.719999	0.007884116371224
30.74	0.011690223153416
30.76	-0.0010120007184472
30.779999	-0.0037058194142048
30.799999	0.008165897198672
30.82	-0.0031669825127808
30.84	0.0010526790268088
30.859999	0.008133875842456
30.879999	-0.0022390673839752
30.9	0.0025377781119064
30.92	-0.0012431194037216
30.939999	-0.007684386655784
30.959999	0.0010686829689384
30.98	-0.0025792865367872
31	-6.712522344192E-4
31.019999	0.003386894492448
31.039999	0.005383798626376
31.059999	8.415450877808E-4
31.08	0.0018148482998296
31.099998	-0.0010408204163944
31.119999	8.045251052E-4
31.139999	0.0036124156857504
31.16	-0.0027068977912032
31.179998	0.0038515843956048
31.199999	3.9074993279896E-4
31.219999	-0.0014225560560456
31.24	-0.0017682393602808
31.26	0.0025301696386664
31.279999	0.0048647405199848
31.299999	-8.203516842448E-4
31.32	-0.00977237182552
31.34	-0.0039533882073592
31.359999	-0.0039447976072528
31.379999	-0.003384587552444
31.4	0.001153771264656
31.42	-0.00630693370336
31.439999	-8.872822750384E-4
31.459999	-0.006260130322104
31.48	0.0050593198108696
31.5	-0.0032663736243664
31.519999	-0.0051933326315296
31.539999	-0.0038022779353832
31.559999	-9.71508948952E-4
31.58	-0.0037397386190752
31.599998	9.702777500024E-4
31.619999	0.0033526932781512
31.639999	-0.004511761249476
31.66	0.006229187252824
31.679998	-0.0044525025137664
31.699999	-0.0045446029099592
31.719999	-6.088125257288E-4
31.74	-7.880524026208E-4
31.76	0.0046459792788008
31.779999	0.007466186569336
31.799999	-0.0013575156232224
31.82	-0.010107101155936
31.84	-0.006449714699368
31.859999	-0.0047582355256992
31.879999	-0.0017150602959104
31.9	-0.0049935265926808
31.92	-0.005384423958544
31.939999	-8.996561612808E-4
31.959999	0.0028019212307472
31.98	-8.323117056096E-4
32	0.009147144144744
32.02	0.006924220355112
32.040001	0.002908065876708
32.059998	-4.255512432124E-5
32.079998	-0.004311007347084
32.099998	-0.0083218239604
32.119999	-9.041301238792E-4
32.139999	0.0021324055527752
32.16	0.006038996107112
32.18	0.002620737679332
32.200001	0.0040949462254936
32.219997	0.005577704637656
32.239998	0.0040881510023072
32.259998	-0.0027191021111232
32.279999	-0.001964872169872
32.299999	0.0043669169225096
32.32	0.0037024751865664
32.34	0.0011188872767376
32.360001	-0.0034300412451776
32.380001	-0.0050611639838536
32.399998	-0.0021197915580744
32.419998	0.0012504130362704
32.439999	0.0036258828159832
32.459999	0.0023352428879824
32.48	-0.00601582275024
32.5	-0.010047644212736
32.52	-0.005241026912228
32.540001	0.001694606948332
32.559998	-1.7719560822208E-4
32.579998	-0.005658871055808
32.599998	-0.0033823054347856
32.619999	-0.0054203543038
32.639999	-0.008862271131936
32.66	0.005323508437344
32.68	-0.0023207981392152
32.700001	-0.00136417617988
32.719997	0.0025609265403544
32.739998	0.006443937669704
32.759998	-0.0037975300253168
32.779999	-0.010153598501008
32.799999	-0.0018957466578648
32.82	0.0033837628989624
32.84	0.0014323272557048
32.860001	0.00657334164908
32.880001	-0.0034490583442592
32.899998	-0.0043215879779744
32.919998	-6.25309891536E-4
32.939999	0.0015055556680672
32.959999	0.0022055361608528
32.98	0.0028289084773736
33	0.010305470415896
33.02	2.179706388688E-4
33.040001	0.0048947111155328
33.059998	0.002937274298952
33.079998	-0.002808801953124
33.099998	5.670067100536E-4
33.119999	0.0048887564045488
33.139999	0.005622416152864
33.16	0.009757199431968
33.18	0.0022550397677808
33.200001	-0.007787111387168
33.219997	-0.009052333392392
33.239998	-0.0024673980637016
33.259998	-4.5509734482712E-4
33.279999	0.0012850490659288
33.299999	0.00669452561324
33.32	0.00847959436472
33.34	0.01089864332576
33.360001	0.00776957185412
33.380001	0.0017976075896344
33.399998	0.0013996676787952
33.419998	-0.0043244112015512
33.439999	-0.009929508941792
33.459999	-0.0017425662128736
33.48	-0.003670830832984
33.5	-0.009982816520144
33.52	-0.0047211145564816
33.540001	-0.0042343303789768
33.559998	-0.0020705240286256
33.579998	-0.0046313144703928
33.599998	-0.00790755863684
33.619999	0.009214433917
33.639999	0.0011541700664008
33.66	0.0037052395896704
33.68	0.006191108289576
33.700001	-6.099609304872E-5
33.719997	5.539250687264E-4
33.739998	-0.001107289831344
33.759998	-0.006718317407184
33.779999	-0.009918816239072
33.799999	7.121000030248E-4
33.82	0.004754765383
33.84	0.0014078190082472
33.860001	0.006345596097808
33.880001	0.005924710421304
33.899998	0.009267670953216
33.919998	-0.0040295021113192
33.939999	-0.0014289201235752
33.959999	-1.6719498219936E-4
33.98	-0.004902166888916
34	-0.0051083707812648
34.02	8.168463235168E-4
34.040001	6.536947741216E-4
34.059998	0.0022430277149608
34.079998	-0.0046600601256168
34.099998	-0.0028644039011896
34.119999	-0.0015082372239408
34.139999	-0.00837140765652
34.16	-0.004059266861732
34.18	0.006558238206488
34.200001	0.00362262111734
34.219997	0.0034073380277744
34.239998	0.0026137873695248
34.259998	0.005600179468264
34.279999	0.0011634576015952
34.299999	7.698913562272E-4
34.32	0.002254779133152
34.34	-9.93970254564E-4
34.360001	-0.0046173000286552
34.380001	-6.018687927824E-4
34.399998	-2.9351626492824E-4
34.419998	-0.0033291304544336
34.439999	0.001718770812264
34.459999	-0.0011666776114272
34.48	-0.005776163533864
34.5	0.005539505275424
34.52	0.0018756052338216
34.540001	-0.0028431061695472
34.559998	-0.006263820259248
34.579998	-0.0015557814567424
34.599998	-0.0035870808223608
34.619999	0.0044447576767432
34.639999	-0.0050061492858104
34.66	-0.0026254070383432
34.68	-4.8838915960856E-4
34.700001	0.017669307771384
34.719997	0.005726619086752
34.739998	0.001987625986672
34.759998	0.0038980839683232
34.779999	-0.0038540764424168
34.799999	-0.0039968053539304
34.82	0.01310326010512
34.84	0.0041202572742824
34.860001	-0.004482722817868
34.880001	0.00565737853272
34.899998	-9.551388772248E-4
34.919998	-0.014342762871872
34.939999	-0.0024619373598264
34.959999	0.0016369155740216
34.98	0.006465620094664
35	0.009016875626408
35.02	-0.0024958305224496
35.040001	0.0024905352478392
35.059998	-0.0033165473815864
35.079998	0.0042220696783872
35.099998	0.0029437491123312
35.119999	0.0046514929688368
35.139999	0.009614327208536
35.16	0.006967570354056
35.18	0.0011635432599032
35.200001	0.0025701070424432
35.219997	-8.336350336496E-4
35.239998	0.0042994194487464
35.259998	0.0014283716982472
35.279999	0.0017942211427928
35.299999	-0.0038906254899408
35.32	-3.1493545103472E-4
35.34	-0.0044553412247896
35.360001	0.003198363738892
35.380001	-4.3992302064824E-4
35.399998	-0.00745339192312
35.419998	-0.008834211273568
35.439999	2.7350181672984E-4
35.459999	0.009633925192936
35.48	-0.006178673779528
35.5	-0.0014839596970032
35.52	-0.0039169145285384
35.540001	-0.0023190590899256
35.559998	-2.3080386579888E-4
35.579998	-0.0013097296907864
35.599998	-0.0037658251540072
35.619999	0.00589160229188
35.639999	-0.002051283899708
35.66	-4.0265776889488E-4
35.68	-0.0050803192500512
35.700001	0.003372303143332
35.719997	0.008156018647672
35.739998	0.001794727454996
35.759998	0.0012757867243544
35.779999	0.0046920097728344
35.799999	-0.006856099988984
35.82	-0.00237634710112
35.84	-0.002869364233252
35.860001	-0.0030657900308456
35.880001	-0.0026520115010632
35.899998	-0.004179754421196
35.919998	-0.008987586849776
35.939999	0.006493380811944
35.959999	-0.0019044550580344
35.98	-0.0020673547242688
36	0.0048253830468208
36.02	0.0030383522162152
36.040001	0.001176656353476
36.059998	-0.006682655970672
36.079998	-0.00914423918776
36.099998	-0.019079815814032
36.119999	-0.0031905562095344
36.139999	0.0037813418250064
36.16	-1.01012758606E-4
36.18	0.00667965342156
36.200001	-0.0039366426711352
36.219997	-0.0028178642838752
36.239998	0.0043507253807296
36.259998	7.806741195088E-4
36.279999	0.003693728916408
36.299999	0.0014857848289144
36.32	0.006355996554536
36.34	0.008220406645296
36.360001	0.005609224773432
36.380001	-0.00686902192928
36.399998	-0.005427567635
36.419998	0.0010908388217976
36.439999	-0.0038010289683016
36.459999	-0.0049297466894848
36.48	-0.007720622506832
36.5	6.857116220056E-4
36.52	-0.0035469993110776
36.540001	-0.006068123114184
36.559998	-0.0014630529703432
36.579998	-0.0034535351709744
36.599998	-2.1921630160824E-4
36.619999	0.0025876429688256
36.639999	-0.0047422448433696
36.66	-0.0024510823041152
36.68	0.008145662743872
36.700001	0.00312095382208
36.719997	-0.0034205137076032
36.739998	-0.0034892862437344
36.759998	-0.0046572069879312
36.779999	0.0022494343199288
36.799999	6.637771547672E-7
36.82	-0.008369817010912
36.84	0.011388350016224
36.860001	-0.005236168786704
36.880001	6.66870082676E-4
36.899998	0.0091729837822
36.919998	0.011606946835888
36.939999	0.00290078412494
36.959999	4.8667458260584E-4
36.98	-0.009467720495032
37	8.079301157616E-4
37.02	-0.010605121210608
37.040001	0.0039169780164608
37.059998	-0.011652517055744
37.079998	-0.0027814155865176
37.099998	-0.0026562939921496
37.119999	-0.0025746772711896
37.139999	0.0016128916805384
37.16	0.0035922777092552
37.18	0.0037092682351456
37.200001	0.0031151172293944
37.219997	-0.005733145560312
37.239998	-5.1031279624232E-4
37.259998	0.009522431490616
37.279999	0.010826537594144
37.299999	-0.005823689839416
37.32	-0.0013121117342976
37.34	0.0041438085884936
37.360001	0.0053019550567576
37.380001	-0.001700765064648
37.399998	-0.0030996822387632
37.419998	0.00798878021576
37.439999	0.0039857491735728
37.459999	0.009999226318232
37.48	0.004559814234284
37.5	-0.006859305678232
37.52	-0.009594746727072
37.540001	-0.0052186510527672
37.559998	-0.0022717492373488
37.579998	-0.0040889573042256
37.599998	-0.0043256125924704
37.619999	-0.0015903174014304
37.639999	0.0027131340873
37.66	-0.0013358342590464
37.68	-0.0017122275252776
37.700001	6.728486082608E-4
37.719997	0.011681269075672
37.739998	0.005488691069864
37.759998	-0.0033529201268096
37.779999	-0.0031627043709088
37.799999	0.0019725882596488
37.82	0.008973867199912
37.84	0.007786030448272
37.860001	0.004348534702652
37.879997	0.005401340280992
37.899998	-7.298218318032E-4
37.919998	-0.0030111135107416
37.939999	-0.0013600183309136
37.959999	0.0033725948058928
37.98	0.006481852211432
38	-0.0052753671953072
38.02	0.0021069924565656
38.040001	-0.0039428309137168
38.059998	-0.00156345771408
38.079998	0.006688418679752
38.099998	0.007823034306936
38.119999	-3.2595638684392E-4
38.139999	0.0020388271662352
38.16	0.0021380706697272
38.18	-0.00258657857816
38.200001	-4.7076881073152E-4
38.219997	0.005460866175152
38.239998	-0.005536484692984
38.259998	-0.006301562423576
38.279999	-0.005922247280856
38.299999	-0.01596388957772
38.32	-0.0037606679934736
38.34	0.0044000810082896
38.360001	0.005855200958528
38.379997	0.007871999565984
38.399998	0.0022580180779784
38.419998	-0.005908875037752
38.439999	0.009820380787792
38.459999	0.0021124215490776
38.48	0.0030471249529344
38.5	0.0026964816879112
38.52	0.0020846411012152
38.540001	-0.007855647580624
38.559998	6.418042341088E-4
38.579998	0.013149623791408
38.599998	0.007403669264296
38.619999	0.0129180551746
38.639999	0.014948500768216
38.66	5.440367054744E-4
38.68	-0.010703438914864
38.700001	0.0018064477391768
38.719997	-0.00219040094778
38.739998	2.41909271838E-4
38.759998	-0.0024140981229944
38.779999	-0.0026905620358384
38.799999	-0.004113043571808
38.82	-0.0021574191046912
38.84	0.007381880230544
38.860001	-0.0013954200344632
38.879997	-0.00684002274668
38.899998	0.0012211722601144
38.919998	-0.0022199937451064
38.939999	0.007023483748304
38.959999	0.0052275697003256
38.98	-0.010326177449968
39	0.0019310806833952
39.02	-8.329868946256E-4
39.040001	-3.5961735976128E-6
39.059998	-0.00305934216138
39.079998	-0.006257627402256
39.099998	-0.012850015428056
39.119999	-0.0048010600122496
39.139999	0.005308003488008
39.16	0.007962638785256
39.18	-0.007200890325248
39.200001	-0.0037279375561928
39.219997	-0.006178529512904
39.239998	-0.0023493989974232
39.259998	-0.009971464009776
39.279999	3.6961402375576E-5
39.299999	-0.0051277657316072
39.32	-0.005560134872264
39.34	0.0017892339728952
39.360001	-0.00757036192284
39.379997	0.001166840388732
39.399998	-0.00767639523952
39.419998	-0.0023882403991712
39.439999	-3.9508764299648E-4
39.459999	-0.0036140271227248
39.48	0.0047945773490688
39.5	0.0040306364606896
39.52	0.0029691098058112
39.540001	-0.0011381409836904
39.559998	-0.0032536563623432
39.579998	6.036719134256E-4
39.599998	0.006855485795048
39.619999	0.00157206730222
39.639999	-0.005319400020912
39.66	-0.0017229260623096
39.68	0.0040840460334232
39.700001	0.009951700543072
39.719997	-0.0026596324915544
39.739998	-0.011112795460464
39.759998	-8.425856638456E-4
39.779999	-0.008273096316968
39.799999	-0.009034097454648
39.82	7.58970001516E-4
39.84	0.0017659235627304
39.860001	0.002293942217648
39.879997	-0.00112473734138
39.899998	2.2804083110624E-4
39.919998	-0.003276126896776
39.939999	2.2767909845832E-4
39.959999	0.0040027967150016
39.98	0.0034921004506472
40	0.007117486183248
40.02	0.010694025517648
40.040001	0.006450992413696
40.059998	0.003955761128128
40.079998	0.00716963485508
40.099998	-0.0020146124907496
40.119999	-0.002276119985664
40.139999	0.0021580980064512
40.16	0.0020144987747048
40.18	-0.004745316714716
40.200001	-0.0045250140483016
40.219997	-6.363783239488E-4
40.239998	6.823795933832E-4
40.259998	0.012681814334664
40.279999	0.0041551865576776
40.299999	-0.01066901010936
40.32	-0.0049150233788392
40.34	0.002880775882328
40.360001	-0.008662689395864
40.379997	0.005539093691232
40.399998	-0.011673711520064
40.419998	-0.011601909172672
40.439999	0.0041526605127384
40.459999	-0.01084379018512
40.48	0.006223334907496
40.5	-0.01604664133756
40.52	-0.0026507094417424
40.540001	-5.574406129808E-4
40.559998	-6.046697929344E-4
40.579998	0.0038741366634448
40.599998	0.01030250128148
40.619999	0.005512429824608
40.639999	-0.0022408906064752
40.66	0.008364219784136
40.68	-8.095958648768E-4
40.700001	-0.0033701989721896
40.719997	-0.00687209555092
40.739998	0.010641843961512
40.759998	-4.4853947736464E-4
40.779999	2.0109911863304E-6
40.799999	0.011499995410656
40.82	-2.1813398899696E-4
40.84	-0.010240773199736
40.860001	0.0013623506236552
40.879997	-9.976895223856E-4
40.899998	0.0040362639198096
40.919998	-0.006229874640856
40.939999	0.005192493127072
40.959999	-0.006404795270496
40.98	-0.005359351798312
41	0.0018537610393016
41.02	0.006428092208704
41.040001	-0.0014694466337464
41.059998	-0.00350135494242
41.079998	-0.0031032328419288
41.099998	-0.0030257013592704
41.119999	-0.0024311119845312
41.139999	0.00450611628742
41.16	0.0036045462066072
41.18	-0.006721991432568
41.200001	-0.0054885361954
41.219997	-0.008210986352984
41.239998	0.003378824578168
41.259998	0.0051607362243072
41.279999	0.0034653891139392
41.299999	0.0021731993805144
41.32	-0.00833600929444
41.34	-0.001672584276904
41.360001	0.0043813766813704
41.379997	-0.0024211336137568
41.399998	0.00209780776438
41.419998	-5.1071166163416E-4
41.439999	-0.0040225148862288
41.459999	-1.172365217E-4
41.48	-8.339214983688E-4
41.5	-0.005131088054056
41.52	0.006819190009704
41.540001	0.012826222573328
41.559998	0.008710009378928
41.579998	0.00758490261952
41.599998	0.01596639833188
41.619999	0.011609338373416
41.639999	0.0043195680330816
41.66	0.0037791415468336
41.68	-0.005521247591608
41.700001	-0.0036909587850704
41.719997	-0.001629341417144
41.739998	-0.005423598181272
41.759998	-9.971142592224E-4
41.779999	0.008626308217408
41.799999	0.007518949435104
41.82	0.010703182735528
41.84	0.015531528339904
41.860001	0.0029171328749088
41.879997	-0.008888352628144
41.899998	7.954981515952E-4
41.919998	-0.0013284932094528
41.939999	-0.009359661611304
41.959999	-0.0025854006305672
41.98	-0.001816552290208
42	-0.009330052477904
42.02	0.019926388805816
42.040001	0.0044994510102736
42.059998	-0.0046083826009984
42.079998	-0.0040391025777936
42.099998	-0.005987736902664
42.119999	0.006580918829192
42.139999	9.713083016584E-4
42.16	0.01242161356652
42.18	0.00769077416664
42.200001	0.011740712759072
42.219997	-0.007344247326968
42.239998	-2.7322940209472E-4
42.259998	0.012029033850272
42.279999	0.009928533020512
42.299999	0.00568216109892
42.32	-6.66358784788E-4
42.34	-0.0047719945306496
42.360001	-0.006155280840368
42.379997	-0.0042492709381856
42.399998	0.0045871107524856
42.419998	-0.0054902997488
42.439999	-0.0050119556991912
42.459999	0.00773208639952
42.48	-0.008907077587312
42.5	-0.006878126638352
42.52	-0.005881090452832
42.540001	-0.005646117780168
42.559998	-0.0028052953724944
42.579998	-0.009638651516048
42.599998	-0.005440177174408
42.619999	-3.0128474152288E-4
42.639999	-1.804329671764E-4
42.66	-0.001341637967428
42.68	0.003866167311488
42.700001	0.0032157737502136
42.719997	-0.00871237545764
42.739998	-0.007808032169216
42.759998	-0.001468098801596
42.779999	-0.005675587420472
42.799999	-5.745118098928E-4
42.82	0.0039029951330472
42.84	8.197084248272E-4
42.860001	-0.0017763480992552
42.879997	-0.0031861771340648
42.899998	-0.001668468169788
42.919998	-0.007965762794136
42.939999	-0.010579584957376
42.959999	-0.0051541629171336
42.98	-0.0035799911785752
43	-0.005514585337696
43.02	-0.0029305511560384
43.040001	0.006683403823392
43.059998	0.007151165544856
43.079998	-0.0025192472762104
43.099998	0.0047542203521808
43.119999	6.2189655382E-4
43.139999	-0.0043403856538856
43.16	-0.0014408867218008
43.18	-0.007194080091968
43.200001	-5.34953636396E-4
43.219997	-0.003007171213084
43.239998	-0.0034266828030336
43.259998	0.009681069085856
43.279999	0.0029405239576968
43.299999	0.010314014500624
43.32	0.0020126023050696
43.34	-0.00588992625316
43.360001	-0.0044286627723856
43.379997	0.0017336282060072
43.399998	-0.002111842201896
43.419998	-0.009833308032008
43.439999	-0.0048750251391
43.459999	-0.00548783077404
43.48	-0.01156525855508
43.5	-0.001356487352252
43.52	0.0041254689060744
43.540001	-0.0018271760950072
43.559998	-0.00252662704442
43.579998	0.0032972076980904
43.599998	-0.009003993995904
43.619999	-0.008623723617192
43.639999	0.0010560718913936
43.66	0.001134248065528
43.68	0.007210068758808
43.700001	0.009005631316008
43.719997	0.007207581220328
43.739998	0.01090296071664
43.759998	-0.0014295941457288
43.779999	-0.008933854957824
43.799999	-0.0092974004856
43.82	-4.900572000172E-4
43.84	-0.005993208956928
43.860001	-0.005491179138736
43.879997	-3.2665812197952E-4
43.899998	6.113718792856E-4
43.919998	0.0036007621248832
43.939999	-0.010456869751512
43.959999	0.005325373826008
43.98	0.011167023799328
44	0.0044288860143784
44.02	0.001646905878616
44.040001	-0.0015957464409032
44.059998	-7.864715692648E-4
44.079998	0.00764155113708
44.099998	0.013258583280752
44.119999	0.01214625790776
44.139999	-0.0033893961393552
44.16	-0.007192262968976
44.18	0.0038621484782648
44.200001	0.0031333162518552
44.219997	5.1377687125704E-4
44.239998	0.01110266656444
44.259998	0.0015780921840656
44.279999	-0.006311596909824
44.299999	-0.0048121448337752
44.32	0.005994759292744
44.34	-0.0028025414181128
44.360001	0.006347392535512
44.379997	4.4039872392912E-4
44.399998	-0.0026811910699824
44.419998	-0.006082402327608
44.439999	0.005524076702536
44.459999	7.07038790404E-4
44.48	-0.006896744988728
44.5	-0.0013777038808792
44.52	-0.007422119480408
44.539997	-0.012195376450096
44.559998	-0.01217274038032
44.579998	0.002276706864412
44.599998	-0.0034183972844056
44.619999	0.0046737545288216
44.639999	-0.0023601491415968
44.66	-0.0023450967757544
44.68	4.1102013071584E-4
44.700001	-0.0052246772075536
44.719997	0.0051948007035464
44.739998	0.005722144169448
44.759998	-0.010168858939632
44.779999	0.005010301883896
44.799999	0.009056169187336
44.82	0.0051551175166552
44.84	0.014174109884496
44.860001	0.01466191511964
44.879997	0.012963227070064
44.899998	5.2329499967736E-4
44.919998	0.005624959912896
44.939999	0.0040663654161032
44.959999	0.015091165077984
44.98	-0.011057802826728
45	0.0045070152488208
45.02	-0.0035443843194
45.039997	-0.0026097062152416
45.059998	0.009111787683632
45.079998	-0.006490025552152
45.099998	-0.0025695247781056
45.119999	-0.007284086023192
45.139999	0.005990327867584
45.16	0.008077129732768
45.18	-0.006265787483176
45.200001	0.009294702911888
45.219997	0.0077693941728
45.239998	7.082445305376E-5
45.259998	0.007843353624456
45.279999	0.009063830699776
45.299999	-0.0052227436104784
45.32	-0.006900252471024
45.34	0.0021719732202888
45.360001	-0.0045855332605992
45.379997	-0.005311370416424
45.399998	0.008010300340768
45.419998	0.0011448122542664
45.439999	0.0032918598616328
45.459999	0.017434792827016
45.48	0.007728010337
45.5	-0.0049475109496232
45.52	0.003490423298104
45.539997	0.0040624591851016
45.559998	-1.8286393404568E-4
45.579998	7.707505912672E-4
45.599998	0.011318683557416
45.619999	-0.0010398477305056
45.639999	-0.013810469946944
45.66	-0.006805439066712
45.68	0.0024877685640496
45.700001	0.0013624656126408
45.719997	-0.0027720829680032
45.739998	0.0014876907395272
45.759998	-0.00921170770212
45.779999	-0.0034530897477728
45.799999	-0.007456939715208
45.82	0.0032971486654608
45.84	0.003125942954428
45.860001	-0.0013056893766872
45.879997	-9.627066163592E-4
45.899998	-0.008060763426824
45.919998	-0.0026786862407232
45.939999	-0.008040403799512
45.959999	-0.006735213574736
45.98	-0.0012009746145192
46	-0.0037614563151032
46.02	-0.008045589972488
46.039997	-0.012249349670408
46.059998	-0.005237383914776
46.079998	0.007533607348416
46.099998	0.01295749777568
46.119999	7.514117563984E-4
46.139999	0.008678028332504
46.16	-0.011025158259912
46.18	-0.015649627544192
46.200001	-0.0044592537144168
46.219997	0.004277771127992
46.239998	-1.1343199866832E-4
46.259998	0.0044158517370568
46.279999	-0.0016957651653424
46.299999	-0.013778923291568
46.32	-0.017359233713088
46.34	-0.0017230613122696
46.360001	0.005384005479256
46.379997	0.00714418664692
46.399998	-0.0010062741290624
46.419998	2.2906114619664E-4
46.439999	-8.092366834144E-4
46.459999	-0.011819304654456
46.48	0.0042889438885112
46.5	0.001937485378952
46.52	0.0024042346351272
46.539997	-1.4267554877448E-5
46.559998	-0.015434194512808
46.579998	-0.0019120543024536
46.599998	-0.007840859721272
46.619999	-0.0048948948433216
46.639999	-0.0039157472418248
46.66	0.014024954637432
46.68	-0.00542177840632
46.700001	-0.007091626921288
46.719997	-0.013666325843496
46.739998	-0.011647778003224
46.759998	0.0039469759271968
46.779999	0.0049052462387896
46.799999	-9.081640202352E-4
46.82	4.9587744071744E-4
46.84	4.36339708208E-4
46.860001	0.0052851148986008
46.879997	0.009257869839448
46.899998	0.020292859445472
46.919998	0.0149482764124
46.939999	0.006077684490768
46.959999	0.003113901199656
46.98	-0.0035789393051608
47	0.00570081498556
47.02	4.2641802573056E-4
47.039997	-0.0048254036790696
47.059998	-0.0011714594665816
47.079998	6.223315282992E-5
47.099998	-0.007034096361832
47.119999	-0.008808847928128
47.139999	-0.0044706002313552
47.16	0.008769220750632
47.18	0.006849036228328
47.200001	-0.0050748803983264
47.219997	-0.015135157912032
47.239998	-0.007750716948912
47.259998	0.00794104758772
47.279999	0.013717340537232
47.299999	0.0045737164450744
47.32	0.009637239082152
47.34	0.012532071943656
47.360001	0.013863127264704
47.379997	-0.0046551025515928
47.399998	0.007626653486584
47.419998	-0.0028161328191912
47.439999	0.007616360699432
47.459999	0.003147031340348
47.48	-0.006986057167216
47.5	-0.0040798194456536
47.52	-0.005374147083152
47.539997	-0.0032806849265064
47.559998	-0.012218558823632
47.579998	-0.005583544783968
47.599998	0.0017760999818776
47.619999	-0.006472544362224
47.639999	-0.00705026483156
47.66	-0.013479112848864
47.68	-0.015615694124816
47.700001	0.003376316089204
47.719997	0.01012053969804
47.739998	0.0041993769627456
47.759998	0.002131437534336
47.779999	0.021625359554328
47.799999	0.0030686087460904
47.82	-0.006274788765808
47.84	-0.0022603214113168
47.860001	-0.008606243488048
47.879997	-0.005613351753584
47.899998	-0.0034679622046488
47.919998	-0.024059516731488
47.939999	-0.0029501228329952
47.959999	0.010383654970224
47.98	0.019409601360616
48	0.019154652003664
48.02	-0.0013746069750304
48.039997	-0.013938255169936
48.059998	-0.007445496507808
48.079998	-6.802790289064E-4
48.099998	0.0092937142612
48.119999	0.007024963541984
48.139999	-0.0011583476989888
48.16	2.4482920709208E-4
48.18	-0.009166160819512
48.200001	-0.0033515721885808
48.219997	-0.0023745146497992
48.239998	0.0015860830699376
48.259998	0.0030884178795456
48.279999	0.005461636304336
48.299999	-0.00982567887348
48.32	-0.008988621644568
48.34	-7.172651724776E-4
48.360001	0.021519585068944
48.379997	0.008129017982128
48.399998	-0.0043187930773304
48.419998	-0.019070430527592
48.439999	0.011916372224768
48.459999	0.02855539300576
48.48	0.020160222196464
48.5	0.00478778493696
48.52	-0.0011151020811904
48.539997	-0.006751823330608
48.559998	8.813960907008E-4
48.579998	0.0040561405721664
48.599998	-0.0030003377486344
48.619999	-0.01247024255704
48.639999	0.0027986517353416
48.66	0.007278491978768
48.68	0.016854920557336
48.700001	0.016218370598536
48.719997	0.0052954271511392
48.739998	0.008546254561672
48.759998	3.2067615415064E-4
48.779999	0.006755826729424
48.799999	0.001731115420868
48.82	0.006847993477656
48.84	-0.007160882856688
48.860001	-0.0022513863216064
48.879997	0.0044117321823928
48.899998	1.4736795331808E-4
48.919998	-0.0027058334005376
48.939999	0.008069436396808
48.959999	-0.0028194609229128
48.98	-0.006666326261776
49	0.0012386804469952
