   205713.19044655614     
   205712.36623970052     
   205665.02528665448     
   205567.06954326961     
   205336.51142700901     
   205330.19639643095     
   205271.22014810861     
   205178.20554638296     
   205127.00972954329     
   205056.27782373098     
   204955.18567960899     
   204955.93271250496     
   204906.18649971765     
   204761.23729009149     
   204672.90762282809     
   204576.61585098115     
   204459.80424684566     
   204359.98086194132     
   204300.80958503968     
   204334.03604832361     
   204278.54454662069     
   204352.31834876249     
   204322.67425353912     
   204281.18446545477     
   204099.33465740900     
   204036.91962501459     
   203914.28529356632     
   203871.81981782100     
   203784.11277759296     
   203816.80048740277     
   203669.86917861330     
   203722.23034403240     
   203677.54267947105     
   203749.43855875867     
   203718.84205466096     
   203615.82908131042     
   203484.98685712603     
   203582.50644875102     
   203532.68431662084     
   203497.44058581709     
   203464.00040859013     
   203459.10969935652     
   203307.62594212915     
   203269.27385652222     
   203169.41372935366     
   203190.21819810852     
   203038.95001233945     
   203013.67189882058     
   202945.03029807811     
   202871.03797382495     
   202919.69517671966     
   202801.18059329980     
   202704.36732784458     
   202625.53165772409     
   202492.43704008593     
   202477.28354679048     
   202578.08749252261     
   202568.42950913054     
   202507.96494378641     
   202475.21862332610     
   202369.40784169087     
   202359.15775241560     
   202387.79894974723     
   202381.64317739944     
   202364.56616596543     
   202256.95347687675     
   202173.58636439990     
   202180.61708808370     
   202008.56277600571     
   202050.46372307854     
   202056.70448863140     
   201930.90211324141     
   201923.29365665873     
   201807.48462668384     
   201750.25991145612     
   201778.78705922389     
   201740.11421637738     
   201724.39955481066     
   201759.00140203704     
   201670.85657066689     
   201501.59427897810     
   201438.98121603639     
   201398.50676784210     
   201428.79689134657     
   201403.85799090585     
   201444.31386011929     
   201427.10404844160     
   201466.57448560451     
   201394.33314579388     
   201323.91131194777     
   201332.43263994798     
   201242.70905510345     
   201193.49392869053     
   201121.31863234070     
   201119.91510681968     
   201136.79185908299     
   201157.03832223127     
   201194.15323854258     
   200887.64438582206     
   200887.30322103290     
   200831.09931852276     
   200867.88998238248     
   200839.29126291623     
   200868.34062582758     
   200824.19045160915     
   200743.33181650218     
   200676.68199719256     
   200666.07882526887     
   200666.65584950676     
   200584.70296606820     
   200552.76167631499     
   200521.89816726631     
   200487.13835586546     
   200342.18534576875     
   200146.90614476774     
   200343.70859740788     
   200401.79360073811     
   200302.77260959157     
   200282.25117668181     
   200279.88811365061     
   200133.37571664434     
   200073.65962387505     
   200124.82537676470     
   200092.01789323878     
   200095.79881197441     
   199886.25848552579     
   199989.28839455397     
   199859.16138495732     
   199836.42879733877     
   199911.52575820516     
   199915.71314154170     
   199797.76545170476     
   199783.83463265185     
   199743.42171608415     
   199729.82951404375     
   199752.60692739481     
   199708.55911285133     
   199708.51040337211     
   199721.27150472160     
   199637.48980605672     
   199631.27621649258     
   199528.71604703020     
   199529.10887527411     
   199610.15688007887     
   199546.77016994773     
   199488.39996843584     
   199380.40204974543     
   199380.72548528702     
   199382.71958609659     
   199338.25958999482     
   199327.44262802770     
   199380.67721701172     
   199254.71769379373     
   199325.37214983729     
   199433.67135848606     
   199267.98747664184     
   199309.86437447096     
   199276.37241142802     
   199163.09370719339     
   199141.95787105602     
   199104.86945531913     
   199096.39827592979     
   199075.54579079349     
   199045.72594500793     
   198845.65524641430     
   198816.88272663194     
   198800.04127982829     
   198772.45692533889     
   198678.22488213007     
   198643.79818159869     
   198757.85843120227     
   198751.23966160475     
   198703.20497639620     
   198640.96720041469     
   198502.08394583256     
   198552.93055226028     
   198608.84411809914     
   198628.30758024217     
   198577.52402719273     
   198513.32933694302     
   198390.39901673712     
   198453.08007154550     
   198441.16387949375     
   198381.45449893351     
   198292.02347458646     
   198191.46914503654     
   198233.47985857792     
   198109.83833019476     
   198017.79976554491     
   198037.34204585312     
   197951.57864080209     
   198090.44409093561     
   198168.19670603873     
   198058.54911814479     
   197942.45186336886     
   198013.31701707595     
   198085.03701878508     
   197913.43839381565     
   197840.25130939070     
   197803.05785917360     
   197717.45708790235     
   197710.33762769800     
   197705.31576790780     
   197521.75132507525     
   197580.24366935797     
   197574.90854870458     
   197673.30161175251     
   197707.46805216206     
   197661.61307977591     
   197642.63781655033     
   197667.90781553739     
   197538.92651978374     
   197523.83030924312     
   197515.74507345934     
   197546.35596760968     
   197530.81321445189     
   197589.27106152131     
   197571.62008520434     
   197556.06027363840     
   197550.53634414857     
   197407.47511172105     
   197449.86565943371     
   197382.26538481616     
   197332.19128577696     
   197420.05912262565     
   197328.24847902180     
   197328.37273470432     
   197290.22718510788     
   197282.32292624205     
   197147.70022830815     
   197206.25749246491     
   197235.48566528878     
   197197.65816513135     
   197209.58223751781     
   197225.60159494702     
   197217.86898943633     
   197251.92192385538     
   197193.70035825050     
   197174.42674009080     
   197237.59233045799     
   197225.55228685934     
   197216.32747051469     
   197111.69517818384     
   197128.43415976840     
   197208.68964945411     
   197109.64721905912     
   197060.30979050318     
   197046.42491507489     
   197009.73707955057     
   196982.81474474486     
   196935.70437195399     
   196974.84884943772     
   197025.07538668156     
   197031.38571392937     
   197006.57955089398     
   196991.07928032067     
   196834.55425735825     
   196756.84255016060     
   196780.79172082097     
   196853.99419381010     
   196919.26545936763     
   196754.08783320608     
   196689.48931339203     
   196715.79181267321     
   196714.01419773861     
   196766.83980744943     
   196757.87934738182     
   196762.47440417198     
   196796.87423001518     
   196846.23390349856     
   196834.40597205953     
   196697.36378963094     
   196643.38045171427     
   196542.84392847947     
   196635.49553584927     
   196625.51694111282     
   196623.47642107273     
   196589.04045932001     
   196538.47123249801     
   196474.55485052956     
   196502.98642657895     
   196466.49174692895     
   196542.77196881812     
   196576.29105963209     
   196542.11799544809     
   196493.86979317371     
   196441.33649829871     
   196459.27313586726     
   196358.37239906206     
   196337.13773180067     
   196296.97591286938     
   196277.61851049351     
   196204.39309572737     
   196223.34516338061     
   196270.72827405875     
   196227.18836806004     
   196277.76012608269     
   196129.52916723001     
   195999.76271250160     
   196037.59337823314     
   196020.92524656025     
   195893.25468212360     
   195868.24965452627     
   195847.42888162541     
   195867.02669587696     
   195838.43341014432     
   195820.36603061232     
   195735.94283567017     
   195709.44877588295     
   195685.92310900756     
   195587.18968139478     
   195593.32758007105     
   195631.67256298446     
   195741.64041590417     
   195701.46524399528     
   195595.28838374984     
   195584.20744463880     
   195655.70896141353     
   195565.42119058972     
   195421.07491932646     
   195465.28046096250     
   195461.30969806749     
   195600.64146689608     
   195561.61268832843     
   195598.99290325222     
   195528.08378974203     
   195521.38833661948     
   195388.57650762598     
   195365.04709529466     
   195488.72082362816     
   195389.45251495045     
   195420.32084193270     
   195340.52909737895     
   195385.89950874943     
   195423.73785193951     
   195512.11189171273     
   195484.63145794388     
   195414.66420564969     
   195333.91854275245     
   195302.43393490484     
   195252.38159271414     
   195202.88597426051     
   195198.80408122670     
   195245.62461091898     
   195205.29977729227     
   195276.82094190706     
   195334.09392315682     
   195300.92684327171     
   195244.86625734949     
   195244.47284102760     
   195213.44976678534     
   195209.12815245075     
   195142.87387266816     
   195188.08928056309     
   195142.64681158445     
   195264.10788491488     
   195199.86868509097     
   195110.16744118405     
   195160.54160793754     
   195216.51322773899     
   195205.68635711278     
   195100.78740062672     
   195049.68407433937     
   195082.89344720091     
   195029.09146677563     
   195027.35195459338     
   194947.82371985662     
   194950.99705251219     
   194905.83798759937     
   194883.51635159360     
   194874.71878418903     
   194971.68548833326     
   194953.22691370361     
   194838.13934475571     
   194746.01651333389     
   194697.46888183602     
   194661.63628016255     
   194672.76506746007     
   194626.09507797717     
   194720.56695790531     
   194863.46008137550     
   194842.59988072791     
   194732.79589774317     
   194731.66188089797     
   194652.31500004287     
   194673.26155007677     
   194615.75400880858     
   194540.00615781744     
   194417.86369252481     
   194445.01444155598     
   194419.89253932645     
   194385.13233567015     
   194420.24283485801     
   194558.72014245490     
   194464.00380098511     
   194578.05424071476     
   194491.02687877812     
   194544.12641436877     
   194533.30770105863     
   194426.48446144731     
   194477.48440934895     
   194394.79707600849     
   194424.15297682973     
   194427.13272075236     
   194459.02634744637     
   194480.27404358840     
   194313.46150605287     
   194417.63281960331     
   194359.10648111210     
   194233.31653881547     
   194204.69015856733     
   194216.29932826298     
   194255.66715961113     
   194161.39836966273     
   194191.79403827459     
   194189.39122768183     
   194173.53357464404     
   194207.87461876322     
   194207.72820760219     
   194187.95270876581     
   194187.29242963059     
   194157.57252289884     
   194236.42346457657     
   194226.61223452521     
   194143.72040491831     
   194176.33980884386     
   194214.61544675473     
   194230.23854714719     
   194257.93714128129     
   194207.75791854615     
   194170.06286115121     
   194175.23558327480     
   194103.82721948661     
   194086.45360431826     
   194166.97864839638     
   194138.48782732719     
   194159.76245616825     
   194034.13376562868     
   194105.39816395557     
   194205.04523537503     
   194122.45385130928     
   194044.80084723749     
   194072.39790302492     
   194083.04675315760     
   194094.01815335240     
   194065.75101142999     
   194021.92311569641     
   193914.23275219338     
   193993.71884386652     
   194024.49348983332     
   194085.61149758523     
   194097.36129812599     
   194147.23243807218     
   194048.32859648069     
   193855.27057257792     
   193918.02361914871     
   193872.85777242511     
   193859.34526138782     
   193861.66913086222     
   193773.37549950584     
   193749.35280294655     
   193832.48612765365     
   193816.23302410694     
   193806.62621615996     
   193801.81154975863     
   193745.73648624882     
   193767.28645980888     
   193801.29586391119     
   193823.14988567034     
   193745.87890886539     
   193740.67574097359     
   193712.50589160752     
   193820.43856301907     
   193765.97152839793     
   193743.65710979761     
   193779.09617696577     
   193823.67529201770     
   193788.02466113269     
   193746.30591049214     
   193775.17833840600     
   193747.36529774376     
   193754.32326623125     
   193774.57394530642     
   193751.02994743723     
   193840.38251650200     
   193845.11144360810     
   193759.01189092474     
   193722.95556156061     
   193667.20355136204     
   193644.40431722789     
   193576.15884137870     
   193482.97057843462     
   193590.33640516899     
   193594.11936681840     
   193692.56979730917     
   193586.72403178093     
   193578.92265891712     
   193582.98031052155     
   193541.24945416948     
   193574.11505483143     
   193601.22988301705     
   193576.99037760435     
   193615.44005521576     
   193623.86684447469     
   193644.69992494863     
   193615.59874391291     
   193603.43534530641     
   193628.32767224716     
   193626.64657195812     
   193720.05869530147     
   193772.52981604703     
   193627.36641972186     
   193619.59088141372     
   193628.38565286392     
   193640.73853944900     
   193600.15620199739     
   193610.89924648055     
   193556.12599766822     
   193631.16895071598     
   193675.95979398824     
   193589.46212961726     
   193539.95464364276     
   193574.98398575853     
   193495.56850895984     
   193479.87861742714     
   193578.06070428665     
   193550.06128864861     
   193555.14914219067     
   193612.43466805693     
   193667.35773428326     
   193526.71323446179     
   193484.73469507851     
   193636.69383720611     
   193703.85275492523     
   193757.66201138383     
   193655.20852130785     
   193682.23162202272     
   193692.54039712221     
   193676.46356349191     
   193646.99662752647     
   193618.30634526166     
   193436.91220133143     
   193466.43457683906     
   193515.62180200103     
   193533.37409161890     
   193463.31996371740     
   193494.81296082138     
   193516.52588322779     
   193390.66459535365     
   193485.60789216729     
   193438.96705036465     
   193459.84799043278     
   193408.50666223327     
   193399.78919377489     
   193423.42948398684     
   193513.86132563988     
   193397.03636556727     
   193380.73042139612     
   193419.76706220742     
   193332.71523705832     
   193385.33817824782     
   193401.70747080288     
   193375.10842582674     
   193335.62852793006     
   193313.58661536570     
   193288.65063831783     
   193243.12453184061     
   193276.62580209557     
   193419.08844844269     
   193355.37951733323     
   193432.92822943951     
   193397.96611646796     
   193322.96280474967     
   193569.03870003374     
   193659.85691620858     
   193561.43746208103     
   193588.10863643305     
   193618.36827003240     
   193589.78630323758     
   193606.27568809484     
   193594.07740507147     
   193552.71114223477     
   193631.78598445960     
   193574.72385099364     
   193555.51856285121     
   193616.62324148082     
   193662.19880420968     
   193617.95469877945     
   193643.42168581681     
   193708.07648219037     
   193699.52188092313     
   193557.91815447147     
   193638.01347299796     
   193559.63696365152     
   193636.72196576305     
   193574.32264418612     
   193629.12629555512     
   193641.42285836540     
   193678.90071002205     
   193590.50082261529     
   193490.30455179140     
   193517.78425847797     
   193488.56375631411     
   193387.13507793355     
   193398.35124707196     
   193330.97886257910     
   193255.62970025363     
   193240.82046285766     
   193269.49138995470     
   193341.42023441114     
   193290.20358137193     
   193239.18348366118     
   193208.88992976065     
   193071.05730766366     
   193057.63974427796     
   193022.61284351337     
   193079.05237377528     
   193163.95846956948     
   193271.86219686575     
   193224.05631768284     
   193173.46256698255     
   193130.64399316945     
   193083.34554584970     
   193116.92063922522     
   193110.91475733410     
   193116.64045230384     
   193080.61947830036     
   193186.22215694099     
   193241.30170617366     
   193173.81571529628     
   193147.21287866129     
   193058.38809469968     
   193083.84042233607     
   193086.85653927218     
   193070.41722169443     
   193112.65841037442     
   193160.55936716817     
   193127.94947305595     
   193091.30437078545     
   192976.06273937176     
   192979.48606366228     
   192970.55713433906     
   193038.16974302600     
   192959.09775700691     
   192855.64478115170     
   192902.53405625312     
   193026.04363230208     
   192951.48984015401     
   192937.84195245907     
   192955.41926262740     
   192975.36074929970     
   192999.73469028226     
   193001.81004084725     
   192974.72614164956     
   192918.32068450793     
   192940.63268910628     
   192989.19603012712     
   192934.87935179981     
   192850.21857444418     
   192770.27386988193     
   192710.42495769251     
   192780.99213962036     
   192786.32654951036     
   192756.35425452000     
   192764.39342889370     
   192698.95967502246     
   192753.18987237156     
   192677.41480201748     
   192742.37983987099     
   192677.01755247853     
   192705.77913860133     
   192692.12520730167     
   192704.99698642487     
   192662.81234288841     
   192602.46488585341     
   192709.24681461480     
   192759.27289740066     
   192629.60080688662     
   192623.15761344365     
   192624.32557669771     
   192762.24604717401     
   192704.48985426160     
   192745.89368597127     
   192694.48054296125     
   192706.58725464900     
   192624.70448372001     
   192812.92180618012     
   192732.46149760138     
   192732.04946737661     
   192775.14856826706     
   192694.46809991795     
   192618.28838018500     
   192692.63177951903     
   192643.32097114064     
   192566.50707360043     
   192565.25269354612     
   192529.18692479309     
   192391.23202142058     
   192443.92766729713     
   192482.78907855711     
   192465.69581874384     
   192515.34546454533     
   192493.24022889114     
   192527.27963232805     
   192483.59584002534     
   192411.55621521920     
   192409.91481598458     
   192323.90370150501     
   192268.14061174230     
   192249.08542332926     
   192389.34717658893     
   192353.78554311491     
   192299.25677623641     
   192252.03232853502     
   192265.76376248244     
   192329.16188971151     
   192282.47906491367     
   192342.38439550952     
   192227.44910066645     
   192247.38686924084     
   192191.30046195543     
   192231.29878383953     
   192289.36701115262     
   192385.39569858275     
   192263.63079127975     
   192297.73567699848     
   192272.61852328831     
   192243.20143380351     
   192215.51400999902     
   192175.77642074271     
   192236.30895841806     
   192280.66640220603     
   192242.84237437393     
   192187.61536406152     
   192181.57976516534     
   192191.06549157100     
   192168.88204636972     
   192169.14268826687     
   192044.98064200734     
   192161.94002483948     
   192266.33173099515     
   192284.89072381050     
   192271.12775821117     
   192266.26709028904     
   192273.30369770448     
   192137.04816661167     
   192021.18008904922     
   192004.06460050159     
   192003.91250109355     
   191993.15984648015     
   191956.11627837014     
   191918.78270916693     
   191948.36202270951     
   192038.52801106329     
   191998.12057155295     
   192125.78187356773     
   192071.87510165633     
   192035.65097948432     
   192040.59583260678     
   192076.63749446505     
   192063.76719244395     
   191950.22273987866     
   191911.17043540112     
   191969.69152961680     
   191930.32276024774     
   191906.72462979745     
   191992.79436558354     
   191992.37760003330     
   192070.24637317282     
   192102.29719862281     
   192120.81002570834     
   192119.08908210840     
   192172.25584450577     
   192118.91351528291     
   192104.45095800780     
   192139.61230592636     
   192106.14085882591     
   192110.74329806792     
   192172.06282644134     
   192074.44374190579     
   192092.45512352916     
   192077.79216295588     
   192177.19824116916     
   192122.93436961054     
   192256.25641137475     
   192221.30723134035     
   192257.40114212368     
   192303.12543075130     
   192248.70058783056     
   192109.18750304185     
   192064.23116860626     
   191969.16300276306     
   191981.82623845214     
   191969.87986557162     
   191934.23880991797     
   191978.03840691119     
   191874.21603612715     
   191878.47890263307     
   191860.16166925640     
   191863.39351738666     
   191833.36989157618     
   191762.12061418692     
   191774.67345715151     
   191851.78073941459     
   191857.19294106102     
   191745.59298513707     
   191824.35782507301     
   191761.53545456831     
   191842.76188723225     
   191843.72833574400     
   191805.66862570838     
   191722.96827248370     
   191681.32196843525     
   191657.84650468393     
   191614.14995129203     
   191637.18892939267     
   191663.77036103871     
   191652.95365507391     
   191659.18539888319     
   191598.92757944547     
   191551.43709191913     
   191487.60950047846     
   191492.38382308741     
   191464.25763506719     
   191515.44822399926     
   191333.61083135527     
   191433.82736830271     
   191422.01221841361     
   191409.47331812797     
   191478.66775551598     
   191578.23808816625     
   191667.80843749034     
   191688.97621231712     
   191618.44371766946     
   191627.30822595197     
   191516.21980343555     
   191623.55255711652     
   191513.93456457101     
   191568.30774300545     
   191566.58488274063     
   191647.85299517642     
   191628.94637124054     
   191645.64246279749     
   191621.60120403880     
   191619.81539933151     
   191628.66227775050     
   191712.52152623265     
   191670.26934596660     
