   201073.17516574389     
   201073.17516574389     
   201073.17516574389     
   201070.31367925339     
   201085.00684722955     
   201189.60027695596     
   201108.61423720056     
   201180.85376131209     
   201100.51896555416     
   201182.59627879644     
   201205.75321729211     
   201227.41042523080     
   201218.53261174858     
   201093.47822293884     
   201093.62154495635     
   201070.70979124022     
   201081.79614882707     
   201289.73708145917     
   201330.42203371853     
   201300.81461264784     
   201288.76576910334     
   201275.16105135591     
   201240.40751217515     
   201191.70065457525     
   201199.70200971703     
   201314.43200401761     
   201337.47711699078     
   201319.06153012154     
   201244.69426055084     
   201388.00454956814     
   201491.62090686892     
   201489.52881516702     
   201459.95540086145     
   201432.88297103244     
   201490.61559329578     
   201363.99386027455     
   201420.72727011179     
   201491.91340925996     
   201544.04226081274     
   201585.01332249882     
   201494.43840960634     
   201557.76541620865     
   201657.45305051058     
   201605.51351098513     
   201615.43770478014     
   201584.70118965593     
   201676.12042165134     
   201787.39604609431     
   201742.76634894108     
   201807.27356830938     
   201908.27191301648     
   201824.70853871669     
   201873.31657108324     
   201973.84760244994     
   201954.01808485686     
   201999.11174092986     
   201992.23364924642     
   202037.88163154491     
   201949.41135879463     
   201983.32361826205     
   202003.65078871546     
   201971.91290463935     
   201997.49820845260     
   202014.55554910740     
   202053.28444256797     
   202078.61600134501     
   202011.33747406339     
   202052.21031185595     
   201881.93307545720     
   201957.18658627773     
   201994.05875491604     
   202079.44805618469     
   202182.04195538329     
   202168.57315157141     
   202196.23702213264     
   202168.56139556950     
   202144.05807144038     
   202177.16910531398     
   202122.07552266025     
   202180.48571607398     
   202372.31448603165     
   202475.72494694611     
   202394.38307656880     
   202393.24657486906     
   202458.46387262363     
   202442.74046425338     
   202351.96779372761     
   202396.28265401075     
   202430.35248764747     
   202426.90285714524     
   202240.83753686066     
   202234.58001726048     
   202250.11534884045     
   202305.89623591219     
   202324.47876762084     
   202357.30455291711     
   202436.83868584165     
   202441.91377890477     
   202466.28892911397     
   202572.74058328173     
   202629.75409989231     
   202628.72286891227     
   202696.87721018700     
   202754.50757666206     
   202639.41809570961     
   202583.76576404032     
   202705.50568729878     
   202699.03278294404     
   202698.11780350126     
   202801.14609875367     
   202721.43805393123     
   202814.24996879982     
   202808.83874451270     
   202807.98195970469     
   202743.51707476858     
   202730.00867868803     
   202864.10700424673     
   202800.38379259771     
   202755.81564585064     
   202843.81660363218     
   202812.06657747229     
   202809.96369584123     
   202748.03822366384     
   202907.78814633522     
   202889.00638191431     
   202825.24793123358     
   202818.62837142989     
   202915.66437726584     
   202999.12479120365     
   202957.17544793428     
   203003.05971469748     
   202993.82166028582     
   203005.36868322795     
   203068.24290029431     
   203121.31449354993     
   203090.97760257416     
   203105.84338594903     
   202990.47111282178     
   203038.86408702002     
   203005.23942373495     
   203053.73229777566     
   203132.79150972495     
   203006.72085336613     
   203046.49664746952     
   203011.83165939257     
   203006.94494511388     
   202980.37216858935     
   202976.07795868244     
   203050.11395271405     
   202940.97632010447     
   202961.00483593342     
   203016.34817548594     
   202951.71213054223     
   203005.78870061852     
   202982.96579067156     
   203060.39230843011     
   203176.95858958800     
   203180.21358588620     
   203216.31832123655     
   203190.77216142637     
   203237.23200799437     
   203231.15854561099     
   203225.92437348931     
   203137.55205978974     
   203213.18055794094     
   203171.68549330404     
   203214.15066319154     
   203233.62470425398     
   203332.43464166520     
   203403.78618444304     
   203436.55287718069     
   203519.25897319027     
   203408.13775701250     
   203353.03379162552     
   203276.17763445262     
   203311.14790929176     
   203263.42729036222     
   203252.34391136141     
   203331.98788853237     
   203266.80933310054     
   203313.90414211137     
   203205.73361521791     
   203152.14316775522     
   203087.80356027739     
   203093.64495919624     
   203064.41273688560     
   203110.26698890916     
   203117.47661486917     
   203131.98717501247     
   203188.63034878884     
   203281.82312123454     
   203266.12435189891     
   203186.24872812937     
   203155.14714912395     
   203125.58595551527     
   203155.53899661981     
   203073.35075344844     
   203176.20943406259     
   203162.70274394023     
   203174.58497974277     
   203117.03295144436     
   203046.96559318437     
   203045.68910015482     
   203049.68915660991     
   203103.31145286572     
   203120.67117292230     
   203112.30616704022     
   203053.03933446895     
   203157.80904611846     
   203159.66869291532     
   203167.83503287926     
   203071.44058821016     
   203113.22139982774     
   203204.62304460528     
   203306.34777150274     
   203326.97937221691     
   203337.77310297370     
   203433.23293166130     
   203459.39059052768     
   203510.49206157826     
   203529.84386986672     
   203541.76877160618     
   203616.55962200189     
   203555.65069262648     
   203637.92753610577     
   203719.32318906134     
   203683.50651726191     
   203630.50160329469     
   203652.10737591801     
   203728.78386989373     
   203730.15109569475     
   203678.23040776383     
   203757.94673003012     
   203825.06629391975     
   203829.32341577459     
   203830.82514417465     
   203809.88555581076     
   203842.77134050603     
   203717.06201944931     
   203708.11017992554     
   203749.07362043808     
   203781.10965387282     
   203869.64933845232     
   203792.84317034352     
   203816.79023321712     
   203813.62949930000     
   203712.56963765042     
   203764.31277887366     
   203747.53942633385     
   203767.15067688673     
   203710.25138855283     
   203761.23958769790     
   203822.97601273470     
   203757.86265010753     
   203791.68923155541     
   203869.36092400475     
   203836.33282772108     
   203783.54796050777     
   203731.83156021210     
   203734.91726466751     
   203779.89713594475     
   203944.66038433707     
   203956.51240198888     
   203904.59085714913     
   203870.91826421052     
   203908.57825959029     
   203839.52463440370     
   203827.52036985048     
   203832.22743896692     
   203854.19082626980     
   203868.29315091722     
   203848.51160921925     
   203824.26389526890     
   203840.53715084516     
   203929.77491765248     
   203877.46710961210     
   203774.22850971736     
   203839.28507279840     
   203806.54589770225     
   203792.59776697555     
   203808.84165808719     
   203886.86676107501     
   203854.99844555341     
   203918.86965606333     
   203986.73424911941     
   204024.33893341606     
   204008.06514389449     
   204088.53273144885     
   204019.21509787787     
   204037.40087664788     
   204076.48382833134     
   204060.29817490978     
   203958.37669521215     
   203918.45396047289     
   203928.02427512986     
   203977.59476288091     
   203957.74790348881     
   203962.83559271647     
   203941.14333639643     
   204073.55606175750     
   203945.65692596461     
   203981.91078716249     
   204110.91245438860     
   204073.44793049808     
   204136.24169034115     
   204118.27846295110     
   204114.65732514829     
   204144.37701330610     
   204083.48562191619     
   203995.66277924614     
   204034.45121490030     
   204138.79032718268     
   204154.80679377259     
   204088.74828744953     
   204172.04152921122     
   204100.61208971805     
   204113.03895590114     
   204186.08724480306     
   204165.95800936152     
   204357.85680204566     
   204294.82847375274     
   204214.18407947264     
   204181.11571277931     
   204209.54006821362     
   204247.52854867870     
   204265.70625012886     
   204274.66007300283     
   204284.89859235208     
   204352.25469997499     
   204457.97111258324     
   204518.54871098319     
   204581.07083771218     
   204536.67042401692     
   204638.33478857047     
   204598.59834841266     
   204662.07086868183     
   204628.05106260261     
   204604.92338309390     
   204629.25859006940     
   204639.17992163927     
   204658.04154159356     
   204651.58281805561     
   204703.53904909984     
   204670.08315843917     
   204591.20737696558     
   204586.67735027650     
   204680.74256315277     
   204656.60775138412     
   204648.13739528725     
   204593.68473519536     
   204697.95049086667     
   204720.88589130127     
   204687.09758290992     
   204722.27715277474     
   204799.76793327378     
   204861.01472744325     
   204860.84305474366     
   204923.71657100413     
   204938.50111798375     
   204985.15479853662     
   204993.76445547969     
   205060.54222393542     
   205004.84458986999     
   204907.18515830755     
   204795.61822890228     
   204884.02677244574     
   204846.10590105905     
   204927.76800720964     
   204869.98302671980     
   204768.67611262211     
   204706.28121788768     
   204704.46065327741     
   204856.15507938972     
   204907.40238917075     
   204839.27148426860     
   204778.18465035711     
   204814.08589671302     
   204696.20241548953     
   204691.17089776089     
   204744.89026196933     
   204700.11593400597     
   204714.15194350897     
   204800.80677636791     
   204898.96610621284     
   204857.09728717661     
   204939.77473172767     
   204999.46113818465     
   204928.17079277517     
   204877.43975073713     
   204872.87492746103     
   204901.03879093385     
   204815.62449269640     
   204890.56826104785     
   204796.55485369798     
   204757.49705607357     
   204951.50195630195     
   204951.80455942996     
   204936.11017236754     
   204910.31593771584     
   205008.22271744368     
   204985.64483984993     
   204964.43878737095     
   204951.23836356684     
   204980.32217135609     
   204983.51693078180     
   205128.07960699126     
   205102.72170922422     
   205083.46070915533     
   205089.98890826211     
   205094.50838504877     
   204962.11839201045     
   204899.28567349535     
   204958.26181222103     
   204924.38160753512     
   204894.89497556744     
   204947.42322900216     
   204934.21685021647     
   204860.64140452957     
   204898.18551792053     
   204903.58449992421     
   204915.00403790106     
   204923.49002767060     
   204886.40094257481     
   204903.22524574175     
   204855.70840885682     
   205001.08429113502     
   205092.37502771965     
   205114.15889136808     
   205096.12925400247     
   205092.41155068332     
   205070.30148774805     
   205124.38690648292     
   205118.34389461967     
   205230.12710906606     
   205339.48757725387     
   205461.99034246412     
   205466.21570829803     
   205432.29515265170     
   205394.41135516687     
   205397.79618770094     
   205255.23113724001     
   205246.89101159025     
   205278.79194730439     
   205306.05493733106     
   205206.69403000426     
   205220.35672636636     
   205178.77508128661     
   205148.49766822511     
   205135.63879919960     
   205153.14350181233     
   205193.35829084172     
   205242.69097072276     
   205349.51234561973     
   205447.76388209686     
   205400.65019570055     
   205532.79479334573     
   205346.82935734783     
   205449.15360550379     
   205421.38656761622     
   205362.46367287505     
   205335.48298215386     
   205377.19507396282     
   205408.04062894383     
   205453.19855668952     
   205432.17352379809     
   205336.30919949349     
   205268.90930456578     
   205234.66116118152     
   205205.30518800885     
   205142.16418712237     
   205200.32998026841     
   205178.68832379271     
   205226.53856209933     
   205081.60904277800     
   205036.65318530882     
   204997.79441406109     
   205043.72677030601     
   205058.73881094687     
   205083.15032550142     
   205118.88199422284     
   205052.75241578781     
   205032.25494171295     
   205095.89101720648     
   205158.44258870214     
   205094.79678835784     
   205003.71021575507     
   204974.35701291793     
   204994.28472763626     
   205094.41023984479     
   205167.69790797116     
   205110.21060184209     
   205173.67119000427     
   205151.61918240291     
   205093.83784897087     
   204958.32425360073     
   205031.09931487023     
   205005.23860540573     
   204881.39569614048     
   204917.02438013116     
   205051.62527134904     
   205108.10562777551     
   205126.18777674620     
   205086.05734559262     
   205103.29640338273     
   205075.11536798792     
   205023.51189179995     
   205010.57551885743     
   204979.09664213791     
   204943.29253648745     
   204899.96823703352     
   204843.31320421529     
   204822.13291187334     
   204966.30409555478     
   205003.80750305858     
   204854.99223262173     
   204950.85127888829     
   204991.68154441632     
   205003.83071885278     
   204900.39538393571     
   204864.35980735466     
   204928.27387555927     
   204907.59847032660     
   204887.55970723258     
   204985.08065437301     
   205100.18173466349     
   205050.04360441706     
   205150.50443992115     
   205157.03197596679     
   205116.06951244650     
   205112.07580903903     
   205145.94390252684     
   205222.54571991568     
   205115.39947417018     
   205186.17052617093     
   205172.71117786504     
   205188.08079462967     
   205202.99886872151     
   205106.21098850036     
   205160.46135631445     
   205147.20938508667     
   205123.05095288134     
   205099.06069024510     
   205056.07589350248     
   205189.65287053082     
   205149.41449415928     
   205173.19999386504     
   205135.11773649577     
   205056.63648286756     
   205009.84844237391     
   205075.86775740841     
   205201.76633074254     
   205129.09944143260     
   205176.63219417311     
   205024.85770407369     
   205044.32270215132     
   205178.52726900388     
   205261.43114579949     
   205326.56221970796     
   205322.15345340641     
   205400.08092657634     
   205363.55970869886     
   205350.02683382668     
   205406.00849711307     
   205403.46862703958     
   205331.39624686819     
   205324.97733622600     
   205364.79886924216     
   205368.99788456206     
   205453.30353166739     
   205538.07084803371     
   205471.90643041756     
   205561.73871883965     
   205574.16974771611     
   205556.77369014439     
   205644.41544778738     
   205589.05462159895     
   205449.92135990376     
   205418.67028825145     
   205470.28038381648     
   205496.14265416467     
   205460.33027609030     
   205521.66149660258     
   205495.25473816783     
   205560.46767609645     
   205568.66699086351     
   205583.81791413171     
   205615.94505754643     
   205662.53908002537     
   205626.81822748328     
   205720.05859301623     
   205698.67170080234     
   205688.94563781942     
   205630.53156464981     
   205681.85839154478     
   205767.08845167008     
   205745.45774759655     
   205805.47925421881     
   205796.37728609782     
   205700.07453644206     
   205767.81404018353     
   205777.31428703584     
   205767.86582606196     
   205799.11789892544     
   205867.51511266979     
   205746.70082574131     
   205827.85764986134     
   205774.66974873265     
   205854.32093298715     
   205801.45126191742     
   205896.41186422377     
   205942.04845693233     
   205924.52021372443     
   206014.25141371117     
   206025.14948654306     
   206050.54938765298     
   206054.95948529372     
   206116.06848863812     
   206173.89674729045     
   206255.61792933030     
   206329.52342851099     
   206276.22783274419     
   206214.44356591476     
   206251.35436206590     
   206381.52163085420     
   206400.18482038699     
   206430.64432510408     
   206485.04161032796     
   206410.43523584510     
   206499.54972972619     
   206381.96892555268     
   206386.58428266691     
   206455.69371532669     
   206391.57799273398     
   206292.95619383486     
   206307.72218640012     
   206331.47921124008     
   206297.78451563822     
   206293.44671793428     
   206270.55882608623     
   206319.18188983863     
   206314.34818185773     
   206340.43372898301     
   206329.92274521198     
   206352.36926618780     
   206424.09866307187     
   206390.32212043411     
   206483.96756158816     
   206443.78469294272     
   206465.46836077436     
   206473.05552228086     
   206495.57286114147     
   206474.84162205693     
   206532.62268119009     
   206478.81074902663     
   206480.27801043374     
   206491.43181150642     
   206362.85031931321     
   206381.93871538946     
   206401.82167518692     
   206447.82014242501     
   206406.28847616570     
   206540.46639962494     
   206515.72118700156     
   206586.89886687024     
   206496.14263094304     
   206513.20530192286     
   206529.42317321568     
   206493.55559211457     
   206514.86930544896     
   206525.93207270917     
   206518.16075250262     
   206491.48280504104     
   206546.27013671736     
   206551.06806988196     
   206492.53641632613     
   206550.25355348081     
   206586.12999526490     
   206617.61496064783     
   206581.40668184069     
   206658.21184380466     
   206684.69292146480     
   206636.52720780531     
   206721.98486256428     
   206724.41925401654     
   206749.52641867538     
   206680.78201898158     
   206585.57432405560     
   206670.76694266472     
   206663.81461881922     
   206649.16345391824     
   206655.27217976443     
   206696.37828435740     
   206786.46214707161     
   206735.00902603968     
   206768.75991181855     
   206787.41075679634     
   206747.82169615381     
   206685.31882136007     
   206795.86823637609     
   206739.03372104978     
   206682.70770696283     
   206661.14648288672     
   206733.97499349545     
   206863.64118973157     
   206760.23168484075     
   206770.97218846937     
   206727.92288280802     
   206733.49931101716     
   206725.54181350247     
   206719.29077057654     
   206820.88154541681     
   206742.51343143301     
   206778.09244387675     
   206799.88368451706     
   206750.64893877381     
   206739.61328960996     
   206815.67293492579     
   206792.07051107736     
   206757.60925644395     
   206857.03864042563     
   206799.51082525213     
   206820.51318096693     
   206818.95890395308     
   206860.24373550661     
   206806.68406163788     
   206960.79124047287     
   206990.16057664098     
   207123.51970531506     
   207207.80305419091     
   207107.70046495221     
   207163.45072371312     
   207129.02405176641     
   207167.15054645005     
   207278.30728672646     
   207350.21231177906     
   207270.27139373193     
   207143.36996448890     
   207273.20923472825     
   207103.81887040610     
   207132.76123591873     
   207204.27201492965     
   207166.21483686671     
   207083.85645982821     
   207050.91766734986     
   207010.70526184075     
   207085.29604503102     
   207118.53766613899     
   207139.88861853871     
   207016.24791551434     
   206939.75289250814     
   207018.51846646791     
   206890.15654577830     
   206995.55276676902     
   207003.34182525316     
   206968.22958560011     
   207111.13237529801     
   207116.85278748901     
   207004.32639045583     
   206983.33204847487     
   207085.02437758027     
   207105.45377215117     
   207113.11178200733     
   207270.59217124266     
   207321.52853980308     
   207216.16473324315     
   207063.62527189474     
   207097.26307029286     
   207210.53136524832     
   207157.06613832945     
   207094.37431010831     
   207161.89972872249     
   207261.46820471159     
   207255.55582133451     
   207168.94502042508     
   207087.43010359685     
   207074.25250489722     
   207092.61597851603     
   207099.27566014856     
   207145.38497262661     
   207246.69262858597     
   207366.86812342214     
   207254.73418815344     
   207203.10514505074     
   207181.75546981336     
   207178.93618306445     
   207257.19657480673     
   207394.43024202256     
   207296.28016095515     
   207373.45411762522     
   207322.33347365353     
   207308.00254726692     
   207395.45096000109     
   207366.27007630144     
   207487.77228115298     
   207520.04663037349     
   207435.44678894707     
   207402.02185183158     
   207472.32068697654     
   207468.90173458547     
   207654.25902354761     
   207537.15786858971     
   207571.58704121597     
   207604.01645324309     
   207704.06073518837     
   207689.56077964365     
   207656.49734353586     
   207812.31597531299     
   207831.90370639297     
   207815.60480266024     
   207776.51983680489     
   207682.14629465644     
   207612.71233816101     
   207532.06281006415     
   207459.05341514663     
   207397.89570315127     
   207381.42972387909     
   207470.48296631064     
   207471.37954032968     
   207417.79000916268     
   207469.32505234066     
   207491.80496800679     
   207499.96186458290     
   207571.95247444353     
   207519.07403749926     
   207511.03493003707     
   207509.24368687649     
   207481.41799948466     
   207542.40939260568     
   207545.57373366592     
   207573.78229283480     
   207615.51647469372     
   207664.98118916751     
   207618.42163146226     
   207619.01261356351     
   207718.59628418973     
   207782.35723097189     
   207811.08575036516     
   207850.16775152812     
   207759.05242063131     
   207753.91462611590     
   207784.92209743193     
   207753.19423181508     
   207849.70297913838     
   207916.09451413987     
   207980.65753432363     
   207943.81164495755     
   207928.54896625647     
   207858.05059123057     
