   891499.19280727324     
   891499.19280727324     
   891575.87333442189     
   891533.82490795618     
   891648.42952910822     
   891552.89856698411     
   891633.04330638121     
   891578.64941853611     
   891586.76165846770     
   891652.17801564781     
   891612.05089486134     
   891571.12161338027     
   891537.77891077683     
   891607.78761804162     
   891541.84242592426     
   891354.51115772827     
   891464.08349495975     
   891583.44832908572     
   891475.78178784053     
   891450.95742867433     
   891347.76206661703     
   891305.23646068224     
   891384.84741960641     
   891370.87572307163     
   891416.43377855932     
   891350.38418553770     
   891354.82771399524     
   891250.71879833832     
   891224.78873125219     
   891346.48842030391     
   891283.17670968222     
   891306.68191743642     
   891414.60616819211     
   891446.52522000880     
   891428.97578875569     
   891425.66881161788     
   891300.93977051566     
   891273.23861559364     
   891298.15186572564     
   891301.10118118173     
   891340.82960962015     
   891295.31346518104     
   891306.64160153945     
   891316.48516569310     
   891397.27100705658     
   891341.82715061028     
   891308.25786840532     
   891342.51380055072     
   891444.96067192697     
   891458.46049737663     
   891457.74870001164     
   891483.10409048642     
   891526.27605038846     
   891509.47253100667     
   891429.41534026270     
   891347.89096294029     
   891320.18784605956     
   891336.64325505844     
   891314.38221848430     
   891279.67542513239     
   891285.46565070667     
   891225.17296214530     
   891271.46678442974     
   891304.50005993410     
   891281.42315242498     
   891370.62506955711     
   891449.69247350597     
   891406.91818447795     
   891291.26051837602     
   891327.02979238157     
   891348.59147716593     
   891409.97381979506     
   891393.51425605942     
   891308.25833422155     
   891485.70898107789     
   891662.26594863739     
   891595.76300650998     
   891611.78664363024     
   891579.27668611857     
   891637.02229510958     
   891682.86026292294     
   891653.01370218024     
   891593.32977254270     
   891568.47137956682     
   891643.58046754892     
   891608.13260829123     
   891570.21503809781     
   891596.03857992974     
   891523.55818900571     
   891580.87157330848     
   891552.45635851950     
   891506.42355964414     
   891546.67292828404     
   891461.02755619329     
   891488.22831304150     
   891505.30565006111     
   891559.66080980981     
   891610.85048886843     
   891535.14914127579     
   891581.23529775406     
   891613.43677618762     
   891543.94551913417     
   891579.27912922390     
   891566.12166525261     
   891499.42815466598     
   891404.02012550877     
   891436.72460049670     
   891405.30232731416     
   891475.24040471844     
   891533.15537656704     
   891546.17407664412     
   891565.05236051057     
   891574.15619835991     
   891584.89490277902     
   891535.75499873993     
   891506.40356858715     
   891566.47624475788     
   891530.04802598327     
   891523.44772830454     
   891578.87161199271     
   891714.70237255457     
   891761.41959314258     
   891761.58969992911     
   891777.89093401539     
   891640.42503787240     
   891591.20930194762     
   891542.60880179761     
   891631.61705842207     
   891579.98235799791     
   891539.70742233261     
   891483.26247802738     
   891452.28402514046     
   891377.59310726949     
   891382.36031629716     
   891423.74691955163     
   891517.53307986399     
   891409.23996987776     
   891369.07723036630     
   891383.44462696172     
   891333.21397015336     
   891282.12035163993     
   891218.06139578787     
   891209.08678376675     
   891263.08854799171     
   891260.60565442010     
   891293.53230951435     
   891339.38444951235     
   891405.16042550560     
   891352.22145920107     
   891303.14178964519     
   891328.74162450829     
   891428.06955375872     
   891381.82945377810     
   891280.33349439723     
   891187.19542640285     
   891165.88814140623     
   891251.04775983910     
   891161.30055092496     
   891243.96559111914     
   891324.53886704461     
   891259.52709402679     
   891326.67994497728     
   891200.59318485274     
   891260.87047719944     
   891274.05576419283     
   891221.36883257877     
   891114.85919746861     
   891084.01514951745     
   891095.68464756559     
   891165.13138002844     
   891183.27214143553     
   891146.40920783556     
   891152.94324609451     
   891028.52767708723     
   890939.58454325190     
   890956.18191587285     
   890910.26986944210     
   890958.92848749948     
   890957.83970959089     
   890897.47504595178     
   890961.42336735583     
   890926.69402020844     
   890902.65039772831     
   890968.53514451534     
   890944.34848819184     
   890902.19491410709     
   890912.31605252030     
   890967.06906158256     
   890887.38601011876     
   890908.30369265238     
   890936.52871511946     
   890945.35138202435     
   890972.10579941235     
   891047.37327150349     
   891010.43700667738     
   891081.33908282651     
   891060.70519891148     
   891128.61347090208     
   891176.26263026637     
   891242.10182249185     
   891180.92962577334     
   891161.90473748394     
   891084.76916451775     
   891082.15099996876     
   891049.45960518892     
   891077.22111606936     
   891134.26912814041     
   891066.58211269754     
   891131.46861844917     
   891088.22473498492     
   891114.91156990896     
   891037.88916082156     
   891078.31372593530     
   891045.18524411181     
   891001.55757377844     
   891082.00348988443     
   891021.44693810225     
   890964.42115511128     
   890964.54523931153     
   890904.35981298634     
   890930.68337774591     
   890995.50296395551     
   891014.66768981505     
   891150.70204504917     
   890977.79517094675     
   891014.79744285205     
   890985.60177150404     
   890996.18144138774     
   891073.01105855277     
   891124.07664292026     
   891118.13655479345     
   891041.47165845067     
   891027.09920060087     
   890965.73335947283     
   891030.82323740376     
   891060.09163129714     
   891145.45543657138     
   891115.80517147831     
   891028.61039017048     
   891014.05785706965     
   890927.51405675674     
   890909.01711353147     
   890937.34576787543     
   890978.10420489893     
   890874.34891314735     
   890760.57752718485     
   890735.90503555210     
   890747.75192825950     
   890759.37422504229     
   890761.47772830457     
   890743.25612819195     
   890797.85804327740     
   890741.73535076564     
   890784.89469575894     
   890803.79166444566     
   890857.10613441316     
   890950.16366336681     
   890873.47473794024     
   890858.21611237759     
   890832.97292189358     
   890878.53983475477     
   890854.99426005071     
   890821.63891225134     
   890813.04141821538     
   890854.60704044939     
   890761.49977216858     
   890747.37452894216     
   890723.77531450836     
   890830.71717622050     
   890803.10556568450     
   890762.24704912154     
   890728.52561419527     
   890707.42847549554     
   890672.86403195641     
   890688.70343764231     
   890791.93463947228     
   890825.15626748768     
   890779.99618905038     
   890783.70429330936     
   890880.50662211503     
   890785.19790461718     
   890855.61466507148     
   890864.02137187973     
   890888.09056158247     
   890901.32811768574     
   890929.30992069445     
   890951.85435242974     
   890985.22778272117     
   890897.62059071392     
   890840.06559623533     
   890892.80616011284     
   890925.88971285906     
   891001.74422755279     
   890989.11280962324     
   890967.04769796052     
   891068.47055350232     
   891025.54748931970     
   890901.30801598297     
   890958.59987291310     
   890968.51056747499     
   890876.86364694766     
   890795.57491127565     
   890795.57491127565     
   890746.58719900600     
   890747.36872323463     
   890773.19264872686     
   890875.47638125299     
   890837.07948711351     
   890893.40729507036     
   890805.57024679810     
   890744.97542873432     
   890804.04322740331     
   890748.52486118453     
   890800.47210290434     
   890788.70929380495     
   890749.11607752461     
   890684.64281681878     
   890703.46452471311     
   890687.48694349593     
   890716.86158687552     
   890763.71656597627     
   890635.98718312837     
   890569.47768569179     
   890570.22685831808     
   890575.26930674585     
   890648.98251930601     
   890607.20573540567     
   890545.12658207666     
   890664.69588414114     
   890715.99265190098     
   890672.86951558758     
   890627.59579859604     
   890674.63963698957     
   890718.34759749589     
   890779.15811510466     
   890792.04220439994     
   890755.38489439350     
   890666.38528472662     
   890624.94943404419     
   890601.72527581651     
   890629.64657691459     
   890628.45293096849     
   890598.81009406003     
   890601.63230640488     
   890624.41533761274     
   890650.27309967554     
   890668.06923151400     
   890614.48043463344     
   890697.50286796899     
   890600.99962847063     
   890602.39334116445     
   890595.53817611397     
   890623.52419985703     
   890528.00488843070     
   890519.84161500772     
   890539.93289549043     
   890613.96238777298     
   890557.23657068342     
   890528.20823448198     
   890448.12931419478     
   890433.13132447854     
   890469.18679859326     
   890557.93389959109     
   890528.28683481959     
   890483.46148069575     
   890540.50367396302     
   890571.02008696110     
   890569.34924931778     
   890598.13817755552     
   890576.02954563044     
   890461.05643151363     
   890467.58529461932     
   890520.68415608513     
   890446.63642069907     
   890405.58577393659     
   890442.36029258114     
   890413.81730255520     
   890501.09345656703     
   890514.33147081430     
   890533.65967568033     
   890575.51964733051     
   890563.70150748652     
   890447.29672821576     
   890504.23818761983     
   890511.12626906065     
   890494.73273126746     
   890489.01337115618     
   890598.36793091451     
   890638.85845060518     
   890696.31905943085     
   890706.71636374725     
   890656.77487740014     
   890658.21943092102     
   890677.71302998136     
   890650.90526123461     
   890685.57537865301     
   890678.06364784110     
   890667.30590358842     
   890655.39965688449     
   890598.82175095368     
   890598.23681632662     
   890620.19847025617     
   890481.09169157990     
   890410.96711597929     
   890351.34564699361     
   890389.11605714727     
   890428.96260621096     
   890443.90717902977     
   890462.20717176120     
   890419.59988211177     
   890509.71156586346     
   890523.92585523124     
   890469.74790847790     
   890419.83312558651     
   890425.00809237617     
   890475.06248347904     
   890496.53687856544     
   890528.65866387333     
   890554.97314069734     
   890626.02374125156     
   890508.47638911195     
   890547.28279374924     
   890529.83318833972     
   890551.00592812651     
   890491.71668982902     
   890439.70112961705     
   890389.79678439838     
   890388.81545439141     
   890401.94431905251     
   890544.18281762663     
   890546.33780036482     
   890526.88692710211     
   890534.38197333144     
   890634.87085258297     
   890563.44295574108     
   890542.92434165755     
   890485.73918763013     
   890393.52443754498     
   890367.43015990325     
   890361.73792827153     
   890262.65798718156     
   890215.08498596039     
   890265.02462016384     
   890298.45102737588     
   890289.64441616018     
   890218.03831146914     
   890260.34014139033     
   890200.58027749415     
   890120.14925796352     
   890052.56422289042     
   890066.43350072799     
   890159.55956424831     
   890201.19734819257     
   890258.35328220669     
   890229.44050030143     
   890239.37013244454     
   890192.98640394874     
   890270.87155955983     
   890357.05991266470     
   890394.73698050145     
   890492.72638599505     
   890387.16018309048     
   890330.21896140429     
   890319.52501861390     
   890326.65344254498     
   890165.99200683087     
   890185.07188637217     
   890234.86219392915     
   890224.94686087803     
   890177.54431690730     
   890194.49332437525     
   890164.33594097302     
   890201.42444063199     
   890163.52872615389     
   890164.53590215836     
   890163.45547606959     
   890150.37135821860     
   890066.05129126087     
   890135.91069250053     
   890105.65363857464     
   889998.45513284160     
   889992.15318546025     
   889958.84928978328     
   889961.28583606915     
   890016.90557693504     
   890024.63336788537     
   889965.98737301817     
   889904.63236138190     
   890008.31730314577     
   890110.36770951375     
   890074.72097658995     
   889988.18735930033     
   890031.51161319728     
   890035.30248965160     
   890064.24632733315     
   890110.36998176808     
   890129.20123931521     
   890116.36146551312     
   890134.09942012536     
   890159.82343607780     
   890125.67869284865     
   890023.83000049077     
   890064.71064353839     
   889950.25170488097     
   890005.78389547497     
   889940.46074034646     
   889952.72181293811     
   890104.46582021238     
   890074.60542736342     
   890037.21846889181     
   890017.00407984818     
   889779.83883137710     
   889796.48318451853     
   889819.60501505272     
   889862.82444124634     
   889766.61525605980     
   889896.69071741635     
   889867.11872476479     
   890001.75357938721     
   890021.67106426624     
   890044.04095281416     
   890052.59824102744     
   889834.71766313061     
   889744.11494641646     
   889713.11849489016     
   889736.06155680818     
   889687.00036680431     
   889651.73444943468     
   889600.49037868320     
   889575.79214540718     
   889593.63525407296     
   889511.48253327515     
   889492.97146064485     
   889445.46216793498     
   889394.26828223374     
   889400.95251938421     
   889424.66480232065     
   889520.68479354284     
   889517.90856550506     
   889600.49363866192     
   889600.50549762335     
   889519.42600380094     
   889450.00848744821     
   889442.31191856018     
   889501.84681649890     
   889512.63518744730     
   889624.33824140427     
   889539.98666458763     
   889377.23699145601     
   889404.10403047537     
   889396.83251515462     
   889408.63685699005     
   889483.58120893966     
   889495.59429419891     
   889469.23247848044     
   889416.25875445735     
   889476.48185151757     
   889456.36436405673     
   889430.26514646178     
   889439.27860150964     
   889364.19357859448     
   889273.95556316676     
   889384.54434629099     
   889331.15277186083     
   889289.80694056221     
   889330.92386322073     
   889309.53233126330     
   889409.86269746802     
   889354.23700015829     
   889421.94195933093     
   889350.51018113282     
   889363.09960109985     
   889211.86719870789     
   889347.33224002994     
   889365.18312711734     
   889330.78889553016     
   889350.38259764016     
   889325.12323620159     
   889285.46518507693     
   889250.57646662579     
   889179.67784857401     
   889199.50411567104     
   889218.52087156137     
   889285.33215234184     
   889219.18362905597     
   889176.11087595951     
   889124.70531959122     
   889043.76293884625     
   889061.03968344966     
   889148.74532471341     
   889141.22106198978     
   889086.08614207816     
   889221.28793148976     
   889202.26015971298     
   889316.87295235519     
   889274.76388510410     
   889244.01860742329     
   889246.23985073157     
   889202.75045467494     
   889157.91482741246     
   889181.58506097249     
   889176.96663264139     
   889240.90438518242     
   889192.86985218129     
   889104.85824637988     
   889127.85156886547     
   889051.05861066305     
   888964.02257196710     
   888951.14573965792     
   888950.20272734819     
   889058.34773851139     
   889107.10951386567     
   889055.21192157315     
   889127.73596551502     
   889079.30572631804     
   889027.82948078658     
   888937.96580272494     
   888955.47217717138     
   888926.59097879322     
   888995.00711745280     
   888982.93790831266     
   888772.35928778804     
   888790.57298329065     
   888810.03114259406     
   888833.08163150784     
   888877.13072823081     
   888886.16632144956     
   888929.20376514946     
   889024.41247971682     
   889014.73913917446     
   889126.82296081295     
   889137.26931611984     
   889164.78423302493     
   889157.97660358949     
   889116.74741608731     
   889144.49543582031     
   889044.05225033825     
   889137.72592517768     
   889163.76091706252     
   888991.56192576105     
   888894.92475857644     
   888904.02817690268     
   888837.53984381666     
   888799.80299805093     
   888867.63437780750     
   888848.23955689510     
   888853.38355668948     
   888785.29987310839     
   888803.20163875131     
   888821.49773781735     
   888928.13984906045     
   888777.62347519991     
   888791.14741597115     
   888789.08375804266     
   888849.17620257929     
   888801.27336629061     
   888908.96208029962     
   888801.98778532806     
   888814.91125393531     
   888735.92520426994     
   888598.72711684182     
   888655.93831103924     
   888716.59587649757     
   888663.62265718670     
   888692.24458762992     
   888648.77112427563     
   888708.06006012938     
   888723.22770713968     
   888715.20322979009     
   888673.40515774663     
   888614.06196714973     
   888627.21329250780     
   888582.18773384090     
   888664.65927668719     
   888634.88552857493     
   888618.77063750522     
   888718.49955985765     
   888797.29674843920     
   888731.32982569595     
   888646.28546876425     
   888646.52735925245     
   888686.96037562762     
   888604.45134440670     
   888604.47528342030     
   888562.56290972978     
   888557.33912355104     
   888462.71170909854     
   888460.35143783060     
   888498.04159192787     
   888510.02227290825     
   888485.27439910057     
   888436.18451363558     
   888496.30715544964     
   888454.34406327410     
   888538.59720428020     
   888459.05022614030     
   888401.49099175434     
   888359.42750079616     
   888301.01523071248     
   888302.02267252386     
   888399.40327601205     
   888451.18555375002     
   888444.54843090556     
   888488.01711339783     
   888443.40778767935     
   888464.63731800241     
   888447.29243337270     
   888489.51260477048     
   888564.50375290483     
   888522.92515874305     
   888549.29653356283     
   888464.80869686091     
   888418.92124668078     
   888383.55330165429     
   888385.41229266673     
   888413.13456724677     
   888398.02033751749     
   888456.17425472091     
   888379.99860295572     
   888309.41970595776     
   888271.18264595384     
   888264.32553400914     
   888269.92061761371     
   888268.49617949908     
   888207.29724996025     
   888223.24236665305     
   888236.14142214134     
   888147.30719284236     
   888131.65229013690     
   888203.19532147911     
   888256.28128230246     
   888294.10158807517     
   888229.27811594086     
   888295.05540493678     
   888244.45607717487     
   888243.96421149850     
   888314.36612198863     
   888186.39702209819     
   888133.29401255574     
   888245.64952035563     
   888376.60594262416     
   888367.11628560629     
   888395.11023002386     
   888353.92427518812     
   888329.32690366486     
   888266.79197635129     
   888252.03952314751     
   888258.12145111570     
   888176.95256492042     
   888073.52491437644     
   888065.37444296014     
   888049.13452831423     
   888102.89742006513     
   888113.05669267476     
   888081.98274766596     
   888047.20726229006     
   888055.91548970132     
   888079.63852271915     
   888024.05532363302     
   888062.09823510051     
   888032.93057073688     
   888059.82315772853     
   888058.65018872079     
   888121.87191395205     
   887973.60339781165     
   887918.19959513750     
   887954.08817824069     
   887919.53797890898     
   887899.10097818472     
   887891.31822761649     
   887913.76956417691     
   887945.40694911696     
   887863.83923715958     
   887740.18189199001     
   887870.20114334498     
   887846.23185428744     
   887810.13652512012     
   887848.79220084567     
   887791.13368615904     
   887728.11221045780     
   887759.40924628533     
   887692.12721453165     
   887663.17993665661     
   887618.65870435466     
   887616.62060894852     
   887509.76944014721     
   887566.65002109110     
   887497.15472965769     
   887490.64740138932     
   887464.20980688068     
   887558.03671156836     
   887545.93998442986     
   887497.39772494766     
   887593.77907855005     
   887561.04645678261     
   887494.79602868529     
   887514.05580983125     
   887488.92929809494     
   887559.41939699161     
   887482.65958752565     
   887426.97454525915     
   887465.07359352231     
   887447.56811913778     
   887441.42987022421     
   887374.86631866544     
   887382.30487552879     
   887435.76790018438     
   887294.98913490667     
   887229.94000182312     
   887233.24194697617     
   887223.25674931915     
   887181.38494481344     
   887177.13178417436     
   887173.19727635477     
   887189.69242716115     
   887244.76036115293     
   887231.02374429023     
   887189.70135436812     
   887268.92841931968     
   887247.42681510106     
   887308.27239743934     
   887282.71950448980     
   887124.55188020249     
   887158.12638582173     
   887117.65565960889     
   887146.67999335460     
   887163.19786128262     
   887229.49825923156     
   887119.44290092727     
   887141.20366762648     
   887196.08827067958     
   887255.91162063158     
   887233.36102509394     
   887309.94959981402     
   887289.29446075985     
   887195.53866490780     
   887226.89312617120     
   887154.05208558938     
   887236.83545345918     
   887120.54259825137     
   887122.80686563323     
   887173.07563540724     
   887156.15115030366     
   887248.79973066214     
   887318.69927929202     
   887416.87271225313     
   887285.27818346629     
   887329.47129491926     
