   988066.45220450766     
   988068.36795604927     
   988022.87714222958     
   987948.28956356144     
   987926.01326388703     
   987918.62193888112     
   987865.43146337767     
   987802.20078346843     
   987742.47661420656     
   987744.90341000678     
   987750.74655750149     
   987669.42256740225     
   987648.29609625204     
   987642.74874885473     
   987554.53113544546     
   987630.87781225587     
   987606.70311637595     
   987461.18015338213     
   987555.81997277448     
   987443.28445379063     
   987362.66251426842     
   987391.46849982673     
   987360.62811030715     
   987271.21839514712     
   987307.14531054767     
   987400.42564318737     
   987266.12199950742     
   987191.93643928331     
   987154.52871961496     
   987163.07130930061     
   987172.50873893360     
   987237.28702889953     
   987232.13053233107     
   987143.35651369102     
   987220.99121365277     
   987170.81007079699     
   987130.89590755687     
   987075.30167974695     
   987012.87459484243     
   986954.28612511943     
   986889.13925929065     
   986766.47194790782     
   986763.89963895699     
   986650.25944446353     
   986582.20148214535     
   986656.87377613108     
   986451.17600737349     
   986404.57080641587     
   986396.86754672183     
   986492.33156831376     
   986298.07881646336     
   986235.78770122095     
   986200.94361497380     
   986176.39925972023     
   986091.60743022256     
   986083.64461136831     
   986056.24850400898     
   985985.40164465737     
   985894.92203562206     
   985944.09915250191     
   985883.16447631235     
   985952.44418954942     
   986049.68462393829     
   985924.43643198686     
   985918.54904771410     
   986000.08736184880     
   985983.99501352711     
   986026.75757665455     
   986055.91286117292     
   986033.11081975116     
   986127.91889626777     
   986013.63483403507     
   986007.37107303028     
   986009.47850021324     
   985949.61226589128     
   985985.46808464720     
   986005.92035753862     
   986035.39662283729     
   986089.63361129456     
   986047.69669147767     
   986017.65177593834     
   985966.35691067751     
   985953.59231790120     
   985888.64074780373     
   985799.77270928829     
   985821.20445808454     
   985760.86625208578     
   985758.19264082215     
   985755.04245187342     
   985672.27768478391     
   985688.02023924876     
   985732.34118866874     
   985694.62614814064     
   985607.26130357955     
   985676.99696703267     
   985667.31209729239     
   985668.38276916568     
   985629.53095526295     
   985628.40949881950     
   985606.11535224377     
   985542.91593210353     
   985413.40894182737     
   985422.71173770179     
   985372.78271821549     
   985269.14641329448     
   985253.89368811110     
   985247.60297982185     
   985210.39898993925     
   985138.70170559175     
   985075.74158445990     
   985066.17304186884     
   985059.88951998379     
   985125.07436168671     
   985100.27051870595     
   985088.33904906292     
   985158.38496006618     
   985097.06117308536     
   985070.22311133938     
   985089.60054877563     
   984974.09403476433     
   984896.54032972641     
   984916.49086063483     
   984933.42460060318     
   984904.96321570419     
   984936.15760445420     
   984871.30507045600     
   984890.01151562948     
   984789.55115688907     
   984763.42973118403     
   984714.77911247278     
   984736.92198113329     
   984676.48030716181     
   984710.50638528110     
   984683.03571711341     
   984586.58536148956     
   984522.89520560624     
   984539.96926019806     
   984529.41237962293     
   984625.62322923355     
   984642.76671779156     
   984502.57702520664     
   984579.20058762492     
   984647.09483709105     
   984637.60581649281     
   984551.10728655686     
   984494.79825269931     
   984398.07213041058     
   984312.50976084243     
   984215.01631063526     
   984232.76980898925     
   984164.04756130907     
   984099.90767268045     
   984162.13111860410     
   984057.96954793297     
   984054.16084196826     
   984086.12561252911     
   984053.55610089691     
   984010.86026833998     
   984025.38771632360     
   983973.84056317131     
   983980.57201005041     
   983921.01933189796     
   983957.95222112827     
   983959.94751377509     
   983987.86835327651     
   984012.72375466488     
   984012.16647414805     
   983888.99695543863     
   983733.40726604348     
   983682.60148698743     
   983833.71026748454     
   983844.61259245232     
   983745.32068857271     
   983697.29880761832     
   983679.16976914858     
   983686.54196608707     
   983675.34825239296     
   983636.70914783434     
   983544.93760217354     
   983523.32159667299     
   983483.29787878739     
   983400.61732522002     
   983350.71060956712     
   983285.30482658034     
   983222.98989078111     
   983220.11073519359     
   983239.01241087436     
   983257.59321057319     
   983411.77015599760     
   983371.33956340235     
   983416.43463225197     
   983318.18340092851     
   983164.14389276458     
   983211.66583525029     
   983295.72674553504     
   983320.05974051566     
   983245.91441134119     
   983256.76995625079     
   983259.93076018302     
   983221.33119993855     
   983177.28033334040     
   983198.87995618640     
   983075.63813803124     
   983113.85962604778     
   983159.63678899920     
   983168.60109028395     
   983180.09418795630     
   983253.11738452909     
   983286.15375299437     
   983259.85445751948     
   983288.07225129206     
   983190.41915215587     
   983136.40750648431     
   983125.79956133792     
   983018.31092250312     
   982987.43643523799     
   982965.62303130492     
   983015.94978349330     
   983002.04695601168     
   983064.59949926159     
   983011.59420842957     
   983014.63413397863     
   983097.33466979954     
   983073.25899254601     
   983080.57709610474     
   983038.33418340562     
   982962.44902356993     
   982890.17349453864     
   982926.99725985224     
   982894.29604370077     
   982867.48041988199     
   982827.64502470358     
   982727.44623241201     
   982753.66181097669     
   982728.04610871279     
   982693.03024105588     
   982764.25423413957     
   982757.08662515169     
   982782.25630612334     
   982795.76339006925     
   982800.46055751911     
   982759.98057203984     
   982761.37724975869     
   982793.22603461170     
   982803.25591299462     
   982714.03716654587     
   982625.96463220636     
   982601.63868791389     
   982748.65347948717     
   982741.42599740333     
   982719.01090846071     
   982772.19712381391     
   982839.36038482527     
   982776.00408792659     
   982730.43041438691     
   982597.92524360633     
   982520.29212019837     
   982467.47743246728     
   982467.47743246728     
   982467.47743246728     
   982515.67240686645     
   982454.93410173315     
   982399.38878609764     
   982390.99878873141     
   982467.09826325974     
   982470.15668702964     
   982413.31559804105     
   982398.39418828930     
   982428.76443285774     
   982405.54319180804     
   982372.21031161293     
   982397.26616065763     
   982393.92137834697     
   982398.69111026591     
   982359.78140877292     
   982294.08553446026     
   982268.04450283246     
   982228.90294690232     
   982221.45262537571     
   982224.46388148458     
   982167.11984498054     
   982254.69767871767     
   982311.09206202161     
   982224.03597458289     
   982289.83225736266     
   982275.78414876596     
   982192.29376202333     
   982185.93376908579     
   982176.59942698129     
   982099.27187344828     
   982125.50627993827     
   982161.65975396242     
   982115.27658228972     
   982145.73430347873     
   982034.65110385907     
   982153.72543246625     
   982172.40451869718     
   982281.80151113472     
   982283.97899816290     
   982188.25116844894     
   982185.11641106592     
   982122.93348736456     
   982173.05710692646     
   982140.44625623350     
   982088.10813543713     
   982059.68587349483     
   981940.08594071923     
   982010.85244982061     
   982014.76085902215     
   982028.80333239445     
   981926.36122372537     
   981959.86054664233     
   981994.05160785955     
   981914.73165412375     
   981934.59860785480     
   981896.55320892029     
   981865.84409550170     
   981775.72678100457     
   981759.46237902087     
   981768.26183664647     
   981773.67097162455     
   981714.81095360394     
   981587.16514876042     
   981660.35226105992     
   981598.42016042315     
   981586.30913623574     
   981474.73106959264     
   981474.11865968106     
   981460.21035188704     
   981336.64825994102     
   981366.87881414604     
   981502.63796461432     
   981462.33863403648     
   981411.51183935930     
   981497.04949157441     
   981480.43094233715     
   981464.25192968792     
   981408.87231548445     
   981359.93774317845     
   981349.63529413694     
   981300.41451810056     
   981345.48287103628     
   981316.52006756724     
   981304.98910376534     
   981367.94738931197     
   981349.88420020381     
   981415.69334569259     
   981349.25913899438     
   981351.09035330301     
   981228.54772898648     
   981126.91611270164     
   981149.63521868526     
   981098.71876595449     
   981109.95023119322     
   981098.08685827616     
   981036.32091956888     
   981104.36722630681     
   981049.06585648644     
   981083.77257492754     
   981146.46663510508     
   981168.54435011174     
   981091.83545253018     
   981087.33148054860     
   981037.21228462690     
   980926.86360526679     
   980953.07386909821     
   981010.72576490417     
   981030.36867913092     
   980909.31164867047     
   980855.53301076835     
   980831.27121993806     
   980745.32660855062     
   980808.22688434215     
   980863.48802835622     
   980851.72049097496     
   980759.30084121018     
   980704.82082495315     
   980729.65367172763     
   980763.60248651635     
   980789.30716080929     
   980830.20595416019     
   980763.16646110697     
   980788.38264874998     
   980674.23034915840     
   980637.16448118654     
   980602.48794007197     
   980502.11317578412     
   980498.26628229767     
   980562.99029921950     
   980527.47158048861     
   980613.80495699728     
   980560.23571703944     
   980546.89161883679     
   980507.97672378889     
   980470.07919339521     
   980376.74653499771     
   980424.83605852153     
   980462.42796181445     
   980369.05890676496     
   980475.63606796414     
   980532.64595351170     
   980471.29912156146     
   980443.77387657855     
   980249.61481090530     
   980201.06866873987     
   980213.76571611385     
   980213.85239129025     
   980127.70634401473     
   980187.59392251552     
   980243.23907125962     
   980226.13748731662     
   980169.38852612651     
   980196.50087973231     
   980176.70620358398     
   980160.68666966469     
   980122.61536791758     
   980113.69507302355     
   980084.19311206450     
   980113.82136792410     
   980046.18325894675     
   980056.05146132247     
   980098.58976235811     
   980078.92520982027     
   980078.89711645292     
   980021.68039602705     
   979957.00624374649     
   979865.96879209380     
   979935.96997722960     
   979847.74749097612     
   979900.97477892751     
   979859.82936044759     
   979916.40456236538     
   979991.43208195607     
   979887.61966260325     
   979903.53255180269     
   979829.91607458587     
   979914.01499241800     
   979802.31001300493     
   979763.16712568165     
   979817.07572828536     
   979803.50238780060     
   979719.46476314205     
   979736.42947149929     
   979712.12271992082     
   979613.62405454135     
   979712.15214962210     
   979651.42982783983     
   979559.01373047743     
   979643.68652574462     
   979646.00342364679     
   979686.35692992550     
   979638.71434533596     
   979523.92889876338     
   979611.83262098453     
   979517.82508779701     
   979532.77663098532     
   979467.34983719583     
   979477.42875786813     
   979404.72457866755     
   979447.89079880260     
   979285.00077168818     
   979278.96598255483     
   979273.50928109384     
   979271.46432319714     
   979268.81694283150     
   979235.57930608664     
   979176.33737694914     
   979127.71590167179     
   979180.13152369973     
   979255.19566527347     
   979296.95202924451     
   979366.23647037358     
   979377.59392688109     
   979404.13944619405     
   979298.85738908267     
   979307.99651758757     
   979352.29436669976     
   979247.04065753520     
   979242.31746906345     
   979252.31251695741     
   979220.60981927381     
   979271.33467420400     
   979080.63603537041     
   979057.30612637603     
   979132.42686779681     
   979033.19505978189     
   979108.14599349303     
   979137.52224653948     
   979006.33874125197     
   979045.64355574525     
   979051.69434200751     
   979056.87329983932     
   979017.81844145374     
   979094.98405096191     
   979190.51405588747     
   979049.53610063007     
   979033.68950774637     
   979046.53585038718     
   979038.17104493745     
   979055.96770261263     
   979036.15529776167     
   978975.79214540555     
   978939.78793122713     
   978971.54254869756     
   978937.57016033982     
   978882.27690178261     
   978868.85320149432     
   978891.52358815703     
   978896.04836003610     
   978923.41176400031     
   978855.59127159149     
   978845.07413173083     
   978844.65346591454     
   978823.15979285329     
   978779.94447950274     
   978694.98157147027     
   978744.73875062773     
   978733.51138030586     
   978747.21604715695     
   978686.76781014446     
   978847.66871372517     
   978815.22976628796     
   978803.51098575850     
   978731.14272177150     
   978696.93823643366     
   978716.40013309906     
   978707.03065380827     
   978776.36891303433     
   978760.84823524614     
   978785.89181694051     
   978726.66679233673     
   978714.99219202599     
   978569.75744689116     
   978529.83688406192     
   978448.61036857881     
   978315.76752137311     
   978348.22029449907     
   978366.65251140413     
   978327.60788691568     
   978355.25620775018     
   978352.49863881210     
   978239.09795679222     
   978140.78875457146     
   978083.38098011690     
   978049.20140375127     
   977941.21221797587     
   977907.28279969888     
   977903.38582957105     
   977919.55302747025     
   977960.36970134836     
   977912.87400891306     
   977931.74085410649     
   977899.04184743576     
   977938.71374083636     
   977945.78740630054     
   978012.33866836224     
   977941.65855657333     
   977910.70638577372     
   977899.08465724695     
   977892.94760257413     
   977770.85070606973     
   977759.49042001064     
   977797.72162706638     
   977738.05339726107     
   977771.88302585401     
   977819.71337308362     
   977803.19007190142     
   977744.76600760210     
   977795.66341809602     
   977663.46272776567     
   977707.04842307896     
   977751.98375152668     
   977727.50432506972     
   977773.59131038829     
   977622.65045746858     
   977588.03269867727     
   977699.59443128936     
   977704.04942478577     
   977707.60414317611     
   977647.01171867433     
   977572.70527103555     
   977511.81123260211     
   977484.68699785694     
   977540.92512079468     
   977621.61629768275     
   977545.54977137200     
   977452.57025549014     
   977450.01461860212     
   977428.87600625691     
   977429.85606349341     
   977445.73275104968     
   977347.54784198629     
   977298.41575387574     
   977201.43523119891     
   977233.63450041146     
   977161.93424057122     
   977090.77157961321     
   977103.76702858100     
   977062.35666363116     
   977005.98211057193     
   976973.33145542303     
   976981.96976642811     
   976970.97235343338     
   976974.01210551953     
   976960.86463258555     
   976849.24711793859     
   976975.32813887438     
   976964.42510233563     
   976961.08548795374     
   976864.35455958464     
   976958.81295665726     
   976895.67368426092     
   976914.00898089609     
   976852.97701263137     
   976946.22053961945     
   977003.01811910025     
   977023.88314144826     
   976905.11105583911     
   976825.36698182370     
   976908.16852465493     
   976896.93169574451     
   976830.22958545433     
   976885.78314443852     
   976757.90005522280     
   976653.10126922722     
   976808.79222778731     
   976815.71519059013     
   976739.83424927399     
   976681.38813675509     
   976687.19083314587     
   976683.81841970631     
   976600.79035107978     
   976553.78959763341     
   976509.12048510043     
   976533.25510103186     
   976502.78210935474     
   976497.27853568469     
   976475.16444396100     
   976410.10741063859     
   976394.77623367833     
   976484.75548791932     
   976560.12287390837     
   976548.98570112756     
   976522.57640682184     
   976570.47064263921     
   976549.92930884671     
   976606.15756304981     
   976637.96595797525     
   976514.39187721582     
   976518.51877693878     
   976504.69150162756     
   976565.91807766480     
   976534.82980979630     
   976526.00801115832     
   976495.12057968439     
   976440.74337755609     
   976394.69119789661     
   976405.20507145859     
   976415.80038792535     
   976424.18944976758     
   976425.86444735189     
   976467.18547215103     
   976409.97045628040     
   976377.61033268122     
   976362.51077311195     
   976405.01650453056     
   976326.79178296123     
   976307.80722352571     
   976301.87189207051     
   976241.52968712919     
   976331.12443469116     
   976238.25829507783     
   976222.79321367224     
   976230.79305328091     
   976247.35308358341     
   976324.47642256937     
   976259.09735637426     
   976195.81201407930     
   976149.78162122262     
   976187.57372102712     
   976112.61720806477     
   976147.41791872378     
   976123.66424292990     
   976051.87828381709     
   975968.76157176320     
   975867.40317799710     
   975860.61273342208     
   975802.46765577060     
   975809.07365474408     
   975848.24212150800     
   975880.76333645196     
   975909.54037929699     
   975933.95782449178     
   975925.30307748204     
   975934.51863366493     
   975960.61833445181     
   975838.69562572276     
   975767.07795449824     
   975574.58678897109     
   975525.52645775932     
   975655.76482688950     
   975660.34813920513     
   975682.81250580447     
   975623.75738983951     
   975502.65490356623     
   975572.05456407357     
   975534.89326829859     
   975489.91912754648     
   975436.67600456369     
   975380.99942935538     
   975390.39451876876     
   975452.48854938825     
   975363.60662226519     
   975418.49038909760     
   975359.68227002141     
   975339.87374700850     
   975403.21477990982     
   975363.97821902123     
   975296.20849822380     
   975282.25587404170     
   975228.12146491674     
   975314.35976100899     
   975302.43038403708     
   975292.10671968816     
   975259.85902026191     
   975178.09810106631     
   975079.61055262014     
   975021.88846885227     
   975114.98626217456     
   975108.63097988698     
   975134.65063713735     
   974998.05077581177     
   975113.26144840149     
   975000.22560577211     
   975044.95794877119     
   974906.65552954050     
   974893.09333401837     
   974798.37218344002     
   974698.74523403856     
   974660.25530270406     
   974673.27984797093     
   974726.25801358721     
   974696.14244850597     
   974667.01602618292     
   974765.66384737415     
   974774.74237508897     
   974840.41780739021     
   974799.44730561518     
   974756.29397017742     
   974756.72781022917     
   974675.36261619464     
   974633.56068809098     
   974673.78468156978     
   974679.69522907550     
   974663.28328232712     
   974639.35078815173     
   974631.20376264257     
   974610.36470809276     
   974649.16556357569     
   974652.79030122084     
   974596.14496270346     
   974641.99443679187     
   974725.68954134150     
   974783.08875998575     
   974768.68964580435     
   974759.68078823108     
   974762.21084279171     
   974790.44648368750     
   974806.31332099973     
   974727.84822028060     
   974629.45407795184     
   974601.06135067099     
   974470.84233552613     
   974422.82675118349     
   974396.23897844623     
   974449.22120551940     
   974453.47754009976     
   974427.47341503529     
   974395.01000262483     
   974362.69146469072     
   974280.84021504503     
   974249.26460442308     
   974323.03021436709     
   974369.35220930236     
   974390.70653474843     
   974334.66497692140     
   974391.90636942710     
   974240.53808393597     
   974357.93036388094     
   974341.25282531616     
   974383.00979946624     
   974282.03547193273     
   974306.09568455955     
   974366.29385948635     
   974253.72961379227     
   974257.67373499006     
   974303.45355264656     
   974330.81246161787     
   974389.75265521160     
   974375.58702613832     
   974325.47131084034     
   974304.51832924481     
   974441.02248180669     
   974466.08637412533     
   974462.24368450302     
   974467.50981618802     
   974425.46280095249     
   974484.07382733026     
   974421.76210274699     
   974397.98451148567     
   974348.45224743208     
   974341.10623045778     
   974230.19236834417     
   974282.81541396421     
   974365.54094261117     
   974401.58879567182     
   974212.26928036776     
   974092.54096139362     
   974084.48187872441     
   974108.86203646078     
   974001.39497487096     
   973971.26766882942     
   973905.87031398260     
   973860.53939822444     
   973932.25705575955     
   973914.93814860121     
   973924.42254814040     
   973912.55211666948     
   973808.05378475669     
   973791.14165323926     
   973802.56933276984     
   973853.84998269205     
   973910.72945382656     
   973957.79149070755     
   973893.92827825190     
   973772.73455424770     
   973827.37715669465     
   973886.78507160139     
   973912.93551354401     
   973932.87559315155     
   973997.02967546310     
   973907.47741718625     
   973960.38922051492     
   973958.66934676422     
   973924.75369064184     
   973977.79645019851     
   973873.07457646774     
   973853.79445998021     
