   953050.78171566385     
   953054.26235326903     
   953048.72516591754     
   953113.81211734610     
   953156.28778064088     
   953268.49460537604     
   953316.79620960250     
   953390.32644867490     
   953342.81663093215     
   953364.12283322297     
   953320.50929989235     
   953327.90840402222     
   953377.74477191910     
   953391.29984187346     
   953329.76097794820     
   953410.33106150117     
   953430.85102493397     
   953331.99693687190     
   953347.66439462733     
   953336.47674414678     
   953256.15347791545     
   953193.66530795128     
   953179.40702670114     
   953178.42813721951     
   953166.08733853314     
   953241.28354224283     
   953299.41681693855     
   953216.83562643756     
   953120.45134595316     
   953163.99673550623     
   953121.17069126840     
   953155.88883377076     
   953167.03546881874     
   953254.95636895997     
   953290.21297004505     
   953216.08139210648     
   953213.25632750348     
   953258.89752117498     
   953223.56663908309     
   953275.77700351365     
   953312.07405601279     
   953279.59398113203     
   953299.17091020884     
   953282.77370496816     
   953177.97608342231     
   953144.16405729833     
   953066.98565763340     
   953085.28703164868     
   953021.64815624629     
   953020.88037365512     
   952952.42428999580     
   953127.43318147410     
   953148.39199266303     
   953115.92222785135     
   953113.61891043640     
   953176.66920244787     
   953104.37770680408     
   953164.97327736754     
   953177.83163010469     
   953257.07012913562     
   953353.66397726175     
   953282.70969922468     
   953308.76636771811     
   953288.01352782769     
   953318.23796545027     
   953327.23027245083     
   953240.07682637963     
   953274.53845129604     
   953273.12954215601     
   953235.48079478566     
   953346.80241882033     
   953361.54146490560     
   953245.94956874067     
   953228.36086409644     
   953298.08404154237     
   953372.94463278621     
   953386.99182755651     
   953338.62271310750     
   953384.91958766582     
   953398.61959573918     
   953442.62014182680     
   953563.54805626476     
   953498.82094399945     
   953415.76913047663     
   953377.78184804926     
   953328.99292618711     
   953379.11833313154     
   953404.78153724398     
   953520.49310420756     
   953538.06953417882     
   953411.78954506456     
   953400.02262238273     
   953352.50713042100     
   953352.86336959235     
   953344.76253951224     
   953345.49226860912     
   953313.22171913157     
   953359.73699030606     
   953335.12242304767     
   953377.69062794268     
   953387.04743790394     
   953532.57667892717     
   953568.63371593016     
   953415.55499354471     
   953327.24891468638     
   953298.62359645462     
   953245.26618436910     
   953311.31570350495     
   953372.87924838660     
   953349.16005973518     
   953416.47373614565     
   953476.28569685773     
   953335.59223230195     
   953297.06342747447     
   953308.20060645207     
   953280.76052573661     
   953308.46486369835     
   953305.71871351718     
   953307.32171377144     
   953318.94100547046     
   953261.49362146691     
   953218.28009702382     
   953083.68415296893     
   953017.61054430052     
   953106.43235043064     
   953139.18678506196     
   953193.34557567863     
   953156.66305960028     
   953303.41843073093     
   953343.10822469136     
   953294.80806849105     
   953310.76834846474     
   953299.70023268752     
   953194.95503901341     
   953116.13441877579     
   953158.10171373736     
   953156.61206726311     
   953153.32521815272     
   953108.05945004825     
   953024.47575761657     
   953029.11295626953     
   952996.56486439169     
   952983.96150733449     
   952859.78791897185     
   952969.81635813625     
   952947.70271103852     
   953036.28063244768     
   953130.44119604316     
   953125.68000717554     
   953146.22918794339     
   953187.36969352176     
   953166.57956570073     
   953103.09924315126     
   953005.46358717384     
   953012.83185079379     
   953082.18736353889     
   952990.77750573657     
   952974.61722552066     
   953026.08676663018     
   953099.44367236889     
   953057.99722588342     
   952965.48356648744     
   952983.40555367945     
   953043.58620944258     
   952951.27896365069     
   952931.71242433018     
   952931.79948495596     
   953061.52516164910     
   952991.87040699716     
   953001.47022876807     
   953003.08905598498     
   953005.48977621121     
   953033.58144780737     
   952837.75918825017     
   952778.68968173780     
   952805.31334200269     
   952728.14725578949     
   952714.67265370151     
   952726.23513459589     
   952703.00639249280     
   952644.99687861698     
   952769.51862470084     
   952783.05074510619     
   952754.54581640044     
   952780.25542167877     
   952701.32422173629     
   952753.29438374587     
   952725.27947872586     
   952739.45834757108     
   952810.37769221794     
   952807.36243531492     
   952864.82003700407     
   952698.37231581262     
   952870.86641575710     
   952804.09008401621     
   952707.67417081143     
   952646.43109949050     
   952576.17813119106     
   952482.10562708706     
   952544.04067219992     
   952696.62611717230     
   952736.28584717785     
   952816.64498052606     
   952741.85144471668     
   952786.92435768968     
   952831.78031102719     
   952750.76640813041     
   952746.56199223886     
   952767.81888882013     
   952829.86707784433     
   952811.86542295432     
   952670.80915861507     
   952612.23892855900     
   952569.55888177222     
   952608.98107996350     
   952602.49163856229     
   952546.92090520391     
   952624.88874258404     
   952605.25598425639     
   952653.31514424796     
   952562.18281427398     
   952540.72636774741     
   952636.83276317269     
   952702.47542877565     
   952639.87955146632     
   952668.37824122899     
   952691.75387400819     
   952640.57270199992     
   952699.73940463143     
   952641.20314270142     
   952763.00449142617     
   952729.51715440687     
   952691.31248346600     
   952573.77842119092     
   952442.89690830617     
   952527.08779939695     
   952527.46074512508     
   952529.82933824300     
   952467.28131334449     
   952398.14846401510     
   952426.76844032784     
   952358.86866227188     
   952447.80105374288     
   952536.53263974597     
   952485.34272441757     
   952445.58924442146     
   952477.89942511846     
   952544.24443869200     
   952557.76739132206     
   952565.07555054768     
   952561.86491836596     
   952439.00482586503     
   952413.84328467748     
   952396.91729768331     
   952430.15831453702     
   952460.77818949835     
   952469.59913251654     
   952450.23395527713     
   952448.58198191773     
   952399.00999427366     
   952393.15672846348     
   952362.31764206686     
   952378.31554902380     
   952452.86555347580     
   952455.57749886345     
   952569.65758909797     
   952500.31707806955     
   952556.69714876951     
   952563.08717793378     
   952529.68556620937     
   952560.64673915552     
   952543.58707113564     
   952349.61320996273     
   952432.89638242603     
   952453.23716868903     
   952513.04058856936     
   952554.86764187005     
   952576.57180330751     
   952518.99119072210     
   952518.99119072210     
   952438.09434998501     
   952358.83167059300     
   952379.61598153319     
   952438.91584603803     
   952466.64654862648     
   952550.59653548198     
   952572.75309869263     
   952485.07517204632     
   952563.17522343504     
   952534.35333105770     
   952505.49613493972     
   952536.95664472692     
   952641.66141672095     
   952697.17647262698     
   952622.70773908473     
   952662.02895475202     
   952665.61420451605     
   952657.59593452478     
   952619.81216727290     
   952762.57972239295     
   952768.11012786231     
   952770.25728643569     
   952748.76867991441     
   952740.64724091988     
   952753.25300131959     
   952719.18950585101     
   952614.68941145146     
   952550.16917907679     
   952580.87049068580     
   952570.99847416731     
   952549.16014130460     
   952397.86593668757     
   952395.96586509142     
   952408.22645908524     
   952417.45277060778     
   952499.84144663089     
   952398.95045602741     
   952451.43684204074     
   952410.39333686314     
   952322.67045002908     
   952414.38281980867     
   952459.15486649808     
   952617.37480613030     
   952500.27863357030     
   952471.46607068088     
   952516.06985183689     
   952512.50048246945     
   952473.69844498578     
   952618.01192750141     
   952679.48861823056     
   952586.97148575657     
   952555.45823311794     
   952568.83698116092     
   952513.73718582490     
   952578.21826146345     
   952452.02599948307     
   952460.39828316751     
   952377.33292592014     
   952359.04445019132     
   952400.85623956681     
   952423.52375774784     
   952475.26563660963     
   952489.16370125883     
   952531.30713288509     
   952467.11757042399     
   952409.71232072229     
   952418.99295515800     
   952525.44052168028     
   952490.19033718377     
   952366.01368963695     
   952352.77588181593     
   952396.08280568663     
   952439.47577499109     
   952435.68482430174     
   952392.40695144900     
   952392.34424595616     
   952465.36668696743     
   952446.80498868006     
   952438.82986806741     
   952386.64006536559     
   952320.62622341828     
   952241.08581790701     
   952191.32291449967     
   952262.69652849203     
   952174.26437437127     
   952257.19549916871     
   952355.12989837129     
   952326.66818403592     
   952327.60794053972     
   952475.87725767784     
   952439.61784267949     
   952332.91233482189     
   952363.31850705377     
   952329.09447386174     
   952255.02095669089     
   952280.43443138513     
   952310.55661136541     
   952105.34031824116     
   952104.85167107021     
   951957.26112180168     
   951954.33450611716     
   951888.92145276058     
   951974.77125180012     
   952095.75375698553     
   952039.74098473415     
   952127.67974635563     
   952124.10974138358     
   952112.53758326883     
   952043.44523891958     
   952012.50237919786     
   951973.98628192092     
   951997.33621652366     
   952016.65175083885     
   951895.15785163781     
   951870.65219020913     
   951820.86851814424     
   951852.82392339408     
   951795.74656306626     
   951832.97180973634     
   951872.71184567944     
   951902.20637922257     
   951868.32884895522     
   951880.80424974416     
   951919.50030048541     
   951942.17398464715     
   951954.64435080986     
   951908.53240322380     
   951784.20872837608     
   951735.42742599070     
   951783.32716563181     
   951708.56570806168     
   951615.14184079668     
   951583.39859494567     
   951619.45715036243     
   951607.75354974426     
   951622.24940704403     
   951596.13297858229     
   951592.97954426904     
   951630.72818430152     
   951621.79564421345     
   951542.57946741220     
   951528.25567854184     
   951508.18846597453     
   951508.44668442255     
   951530.30124351277     
   951536.31334261037     
   951580.86738409731     
   951507.44931230624     
   951613.40586447262     
   951565.91916550754     
   951529.59302322986     
   951606.36788619217     
   951550.79856234335     
   951504.67668313801     
   951505.70895492274     
   951517.99666533386     
   951587.03140771284     
   951496.07284073287     
   951464.74146455317     
   951510.90522854659     
   951455.95509374619     
   951360.99641653663     
   951409.07223858812     
   951483.08509222639     
   951430.54524803685     
   951419.82499309897     
   951453.69161332189     
   951497.09111897030     
   951555.45618896256     
   951497.87674099789     
   951604.48443287867     
   951578.09437910921     
   951684.92756899551     
   951695.93120536103     
   951611.56862712523     
   951668.94055449707     
   951665.01702128688     
   951717.34771373367     
   951696.44567384000     
   951663.36140127666     
   951554.22436742287     
   951675.42380028986     
   951658.32949999778     
   951661.23603176093     
   951646.31967853568     
   951515.54786693957     
   951631.09860736877     
   951715.64596667164     
   951658.12293235713     
   951677.38011434744     
   951659.24550148402     
   951633.18552904541     
   951638.17961987678     
   951629.18960181251     
   951471.24920839467     
   951402.26893034729     
   951428.35821923346     
   951435.12801689294     
   951399.16490093910     
   951423.30818989070     
   951447.98737700505     
   951464.87226455030     
   951366.09560152201     
   951297.45210930612     
   951307.76936421241     
   951303.71897234593     
   951382.24153719784     
   951504.63633540960     
   951543.21101043269     
   951541.13808109891     
   951468.68178047112     
   951372.49647767073     
   951355.82461687794     
   951329.15176668880     
   951353.23684132716     
   951320.78117776033     
   951328.50565322861     
   951354.35694980470     
   951397.17391327326     
   951512.10870438430     
   951400.13292093168     
   951440.52780242905     
   951412.02347552299     
   951435.89889594715     
   951428.46340010094     
   951480.91010865336     
   951581.08164170908     
   951586.82751705241     
   951665.38035723136     
   951731.28060509893     
   951678.95138487185     
   951737.24616161163     
   951782.56274452736     
   951772.17252564430     
   951840.45674983447     
   951872.98410278431     
   951932.41787854792     
   951905.88526615163     
   951856.19214225526     
   951896.67292600241     
   951979.92233817722     
   952005.99742628541     
   951862.42588289175     
   951863.34763190849     
   951817.21407515428     
   951764.35266537010     
   951824.38457699202     
   951878.72308681684     
   951887.52536876930     
   951800.74253409286     
   951828.24316877057     
   951709.32870595937     
   951782.41033362166     
   951747.23425640422     
   951818.22540933103     
   951840.48563963512     
   951750.63377574296     
   951661.53139643010     
   951637.76598371076     
   951626.37249432260     
   951665.03033661703     
   951693.40349103836     
   951634.04996099300     
   951639.03538068186     
   951630.79379478632     
   951664.13585008343     
   951586.30730306683     
   951657.76753482397     
   951613.99486892205     
   951580.79855601816     
   951558.72730552906     
   951489.00208367733     
   951513.76501254435     
   951507.88997683919     
   951464.02918636811     
   951323.75231457816     
   951296.02788290591     
   951284.12165969622     
   951350.16131682950     
   951317.32188718603     
   951294.75547439989     
   951320.65001324331     
   951390.92810232844     
   951440.74552140094     
   951407.69870111672     
   951319.24505586945     
   951343.86001270753     
   951345.57041050342     
   951351.45714806241     
   951416.69307575654     
   951408.69577540702     
   951313.81099650718     
   951337.66050043725     
   951212.09357960999     
   951262.92076170433     
   951306.67414238420     
   951314.86938729452     
   951286.19136963971     
   951368.05027559574     
   951403.56474296539     
   951378.58505139558     
   951307.22558265424     
   951311.66099324625     
   951421.96124418708     
   951453.87378878810     
   951419.99783288955     
   951352.96484077198     
   951380.55559950275     
   951436.29979601037     
   951421.99636281375     
   951468.08559808729     
   951487.55346640863     
   951504.66718922975     
   951423.84675466490     
   951378.62680136657     
   951272.47015442350     
   951318.66699870001     
   951282.76490274037     
   951171.88056130556     
   951223.47843983641     
   951284.61785706121     
   951370.73286820238     
   951384.08368560311     
   951286.23497641494     
   951167.93684435030     
   951188.79387896345     
   951160.21146249410     
   951073.25231788238     
   951119.42675166635     
   951033.90980287350     
   951043.33192869090     
   951057.69848868891     
   951125.17833629216     
   951048.43704821379     
   950972.58055629430     
   951026.81473734730     
   951134.27659973886     
   951066.95388619171     
   951050.17270314693     
   951054.61216446618     
   951031.96542042354     
   950978.78253058775     
   950930.57457904902     
   950920.72664667421     
   950943.94241500169     
   950959.74619172968     
   950976.06478159211     
   950928.60436061316     
   950940.84208261559     
   951005.19103592483     
   951002.51039909699     
   951000.18575812376     
   951000.83160347503     
   951025.55859844573     
   951109.22686066129     
   951137.24726369628     
   951051.28862190165     
   950991.23055237054     
   951015.55336521566     
   950894.59257402166     
   950935.86039475480     
   950938.48604281270     
   951058.35874879081     
   951063.87132471276     
   951079.21186351380     
   951102.95444474777     
   951014.58530730871     
   951019.01108453504     
   951050.37741189369     
   951047.05958314636     
   951062.18165411951     
   951123.68202600838     
   951062.33908122370     
   951058.25141599250     
   951100.88355590554     
   951058.76613806456     
   951124.27684515156     
   951185.58754172339     
   951179.84477818490     
   951094.29981225601     
   951107.49843511230     
   951135.97151712060     
   951129.41126955790     
   951139.21226025152     
   951170.58007456863     
   951134.94554491364     
   951068.24143929873     
   951029.47485055204     
   951001.92906754813     
   951016.76798336080     
   950933.06045688782     
   951014.63777661033     
   950956.88937110791     
   951030.85936834756     
   950956.22493395524     
   950883.63528007292     
   950914.90259866556     
   950786.70347775635     
   950910.44289048668     
   950850.57800717931     
   950831.40648998099     
   950868.66340453830     
   950859.81002624286     
   950979.61476198444     
   950951.70455360971     
   950958.98687564489     
   950805.90267444623     
   950833.35680456553     
   950939.91347091366     
   951066.59065321600     
   951011.12018938956     
   950881.02908456081     
   950876.51046739658     
   950738.97500929539     
   950690.15311180451     
   950686.92383669526     
   950655.12734730297     
   950676.70440539008     
   950600.13220539165     
   950663.57399818173     
   950706.47033762874     
   950758.49357457703     
   950786.92026609462     
   950761.53052917100     
   950658.00522210344     
   950685.79811582109     
   950659.07344654412     
   950610.67136546900     
   950563.74090079847     
   950576.94260099309     
   950560.76714409806     
   950582.09701523988     
   950573.03785167634     
   950380.95062645618     
   950458.54714458447     
   950464.15376096382     
   950427.37775432563     
   950401.79334549687     
   950407.69410269533     
   950319.94504402403     
   950315.39728342067     
   950358.02436312835     
   950335.97727388970     
   950349.51245587203     
   950263.13533721282     
   950269.79194053810     
   950244.34835221106     
   950200.81119081739     
   950067.82208074746     
   950063.98537050153     
   949978.33523161162     
   949941.47397064301     
   949985.46786941192     
   949917.72086644894     
   949866.12881950999     
   949938.79670642561     
   949972.30210372747     
   950056.22604071419     
   950010.75492727302     
   950044.11105785321     
   949906.88319572876     
   949938.84781808464     
   949968.72912155581     
   949928.42322862288     
   949952.36819835007     
   949891.48439600191     
   949822.28469060117     
   949729.61479053413     
   949797.22323293460     
   949816.07804474630     
   949829.31561401498     
   949829.08917659696     
   949737.93618315808     
   949734.63191403728     
   949771.36398699263     
   949781.47404002934     
   949796.69922168856     
   949731.48315886443     
   949751.66585027799     
   949788.63996205211     
   949777.79932375881     
   949795.77525636030     
   949643.90317132534     
   949686.33848925389     
   949601.49094519904     
   949624.59339117759     
   949593.05416648102     
   949587.54085228068     
   949666.52738100034     
   949614.22594207362     
   949685.59286806034     
   949642.78503893851     
   949763.19506176549     
   949725.82342775865     
   949646.41367557191     
   949635.79592302104     
   949685.25461728324     
   949686.10030780791     
   949609.68951519590     
   949663.91250038543     
   949682.65177837980     
   949618.94834196183     
   949702.66653491068     
   949726.13214193482     
   949682.43626036262     
   949674.68225767615     
   949788.72033280903     
   949734.27497293043     
   949698.96149743721     
   949714.43323959736     
   949689.81298618088     
   949762.24956811382     
   949749.23354683223     
   949811.67136018316     
   949822.65529919509     
   949773.89758344274     
   949690.37736254465     
   949591.02272554254     
   949536.49596426601     
   949548.34093167901     
   949629.52092980442     
   949718.68737043894     
   949764.59311115358     
   949742.74124641262     
   949580.18931018317     
   949545.43346668140     
   949534.90230952483     
   949538.01092183136     
   949543.28515566944     
   949664.46250104159     
   949546.30223246058     
   949502.75677327998     
   949554.72845042555     
   949577.30145934178     
   949559.36948358151     
   949581.23965247383     
   949604.96305084403     
   949453.49552435032     
   949565.84524648078     
   949548.77546293789     
   949476.18973326834     
   949455.31477823225     
   949366.13985178014     
   949454.20051512215     
   949544.46834142483     
   949432.86329076916     
   949522.30038176535     
   949639.38852740685     
   949631.34436828713     
   949657.18933457020     
   949668.78370868973     
   949693.03453960794     
   949540.58132180234     
   949472.38794266514     
   949421.02704736975     
   949428.87997051189     
   949530.49716771615     
   949528.53647020855     
   949522.64460476476     
   949508.99557671638     
   949429.85903427959     
   949415.79522013350     
   949379.32724432624     
   949347.70085923257     
   949330.51688489458     
   949239.83943256654     
   949241.73435686796     
   949272.87235437240     
