   199938.97277926709     
   199939.34189653990     
   199938.98581711127     
   200062.54481282592     
   199966.61502971288     
   199947.19591996900     
   200109.19053423541     
   200099.06372519780     
   200105.34425206282     
   200048.04483045571     
   200102.29406401099     
   199957.05361666830     
   199900.45302502939     
   199943.75420456249     
   199853.33591225743     
   199811.67646666136     
   199842.66572319530     
   199904.69083634450     
   199834.23740877261     
   199891.66547768220     
   199748.95423006531     
   199728.20543996652     
   199714.80127446086     
   199786.34725664899     
   199831.78626389219     
   199822.27489906954     
   199844.21390830574     
   199790.47106853587     
   199753.58919472224     
   199939.91596450045     
   199851.17995371536     
   199841.77178886777     
   199813.26414683324     
   199856.37508820236     
   199766.77763240685     
   199772.97100318872     
   199712.55057442808     
   199688.52438119796     
   199711.65746203170     
   199874.54493755082     
   199764.44024542713     
   199670.69569200845     
   199728.62035844149     
   199748.04054697350     
   199693.20302743383     
   199654.02876846003     
   199784.04744705508     
   199755.05421054506     
   199606.81065639626     
   199694.30618042563     
   199666.61293782201     
   199730.94396516751     
   199727.96075759485     
   199620.39838501922     
   199649.42955846916     
   199596.47737575890     
   199713.87881564873     
   199652.43980497296     
   199719.78439518312     
   199653.74297075524     
   199537.45114837270     
   199555.38890065553     
   199475.83478363912     
   199431.85602452484     
   199444.75205590919     
   199359.58421378964     
   199437.05663651772     
   199504.79647057821     
   199388.66947339976     
   199384.10107248937     
   199405.01478193933     
   199399.21614269333     
   199392.04068433624     
   199479.21733286689     
   199481.37574127936     
   199527.38808963043     
   199513.76019940796     
   199548.10320977797     
   199632.75899288256     
   199726.94158911484     
   199736.60851576133     
   199752.43179569705     
   199754.05198534997     
   199694.51921508173     
   199690.86217653361     
   199748.12810370693     
   199692.46367911444     
   199667.37596733411     
   199751.04092616463     
   199709.52888786001     
   199708.14126736450     
   199574.35890696541     
   199560.50198317599     
   199557.70664121670     
   199619.11046528298     
   199665.67318926900     
   199570.60154115123     
   199555.53995892039     
   199602.82587633585     
   199487.04756055708     
   199481.13332650473     
   199383.56594060053     
   199523.34223156646     
   199490.14408629510     
   199619.86405099102     
   199596.16876725422     
   199470.11460722765     
   199359.11542530314     
   199520.47931916665     
   199481.88790909667     
   199439.87694362807     
   199385.52937509073     
   199424.17811183541     
   199433.82348697251     
   199230.08018741576     
   199350.48651311913     
   199471.69380704558     
   199497.61598416645     
   199449.92494544678     
   199441.34972703559     
   199445.78138627511     
   199469.29288274780     
   199396.31286818717     
   199428.87943450920     
   199443.92884529443     
   199395.80248630830     
   199243.05488493224     
   199330.92374825123     
   199371.05757282759     
   199396.84242069055     
   199321.06707265187     
   199288.96497649263     
   199402.65093548846     
   199436.09253426216     
   199382.79199670316     
   199353.50206296719     
   199403.00624663738     
   199392.06488093364     
   199447.45578442607     
   199449.54779240704     
   199363.63817669460     
   199408.00841514158     
   199364.55324851681     
   199308.83368362652     
   199283.47907690943     
   199323.89744189358     
   199342.88306932506     
   199355.38092796871     
   199304.20405387931     
   199359.65613875206     
   199305.52453442244     
   199335.61543131797     
   199282.80272715446     
   199213.95954705510     
   199245.40000374912     
   199199.83849034744     
   199206.07554425974     
   199195.09234764046     
   199178.96617780416     
   199111.01799071964     
   199151.26869739516     
   199283.54948427880     
   199256.70294021297     
   199272.21541929204     
   199283.96173789687     
   199169.81504524563     
   199089.26640182923     
   199168.24137560200     
   199192.69121701454     
   199172.45042163585     
   199185.20911364298     
   199193.74644630108     
   199146.91262985952     
   199157.97578379087     
   199179.88067686016     
   199150.60808209097     
   199199.76471699981     
   199158.84241689573     
   199169.22131416266     
   199086.67111909189     
   199049.54870933868     
   199150.75513902755     
   199070.03640090258     
   199108.61209432234     
   199130.07947284557     
   199057.61526966927     
   199047.43428212285     
   198929.31580605713     
   199008.93953869029     
   199026.58535277433     
   199078.08995383893     
   199112.07979072709     
   199055.30377090635     
   199105.10287993372     
   199128.80760645145     
   199125.59173786719     
   199163.40543676767     
   199154.93798037121     
   199215.75772062127     
   199205.74430860838     
   199176.72637996916     
   199298.46334720703     
   199318.79162151323     
   199233.12039635779     
   199114.16455246790     
   199095.36192347950     
   199029.05867506546     
   198957.70808500948     
   199063.77373258705     
   199060.07463687204     
   199033.73186719485     
   199178.12896507597     
   199156.72181085491     
   199282.91418347851     
   199209.72231091640     
   199210.98162100068     
   199122.36894828689     
   199148.86059071062     
   199118.96160972078     
   199111.03744463754     
   199135.66624214302     
   199166.28564184983     
   199162.84272338223     
   199026.81542371763     
   198916.97372149114     
   198928.28558798475     
   198956.23627825198     
   198956.10639218727     
   198965.48637297720     
   198963.18804363199     
   198919.84850831560     
   198865.55310412255     
   198863.14031323927     
   198802.07329245529     
   198811.52350898169     
   198815.60314542250     
   198769.62281599917     
   198873.99972541907     
   198773.25234612223     
   198771.47392823058     
   198792.43323773466     
   198917.06698880249     
   199005.58303121652     
   198912.20173311231     
   198842.39950706522     
   198835.35636132493     
   198841.58221922140     
   198946.85217085120     
   198942.28436065046     
   199051.08579406273     
   199066.14264291667     
   198929.64331965716     
   199034.34029959323     
   198956.54656010051     
   199002.52612788984     
   199035.35894204787     
   199081.75680864611     
   199101.41712575019     
   199080.18934058619     
   199097.45138396946     
   199014.46210986158     
   198938.79803993626     
   198975.54715740023     
   199095.49702459053     
   199059.66405648101     
   199048.84439342123     
   199080.35610475077     
   199052.90025736863     
   199049.54392511866     
   198993.96906201990     
   199030.94737598163     
   199107.91194101839     
   199132.20674808524     
   199219.10189887689     
   199227.18114390122     
   199246.73703591430     
   199271.08468810414     
   199269.90166559911     
   199215.17030479742     
   199151.78096467312     
   199157.65200113063     
   199150.33952467030     
   199095.00573561279     
   199132.16149351202     
   199144.65593608009     
   199110.43398306635     
   199106.66382451606     
   199035.94572501210     
   199123.08847575114     
   199071.91202134537     
   199068.90334542160     
   199138.82319317144     
   199039.26865807641     
   199035.03593127118     
   198997.59942188085     
   199096.83278137963     
   199083.75870208873     
   199095.27762202505     
   198998.52126689517     
   199046.95851269289     
   199093.25857532409     
   198983.02844673101     
   198909.75605532940     
   198972.40004450938     
   198989.99371711019     
   198905.97718527989     
   198834.80884998408     
   198972.75849777748     
   198935.36523921730     
   198920.79872852564     
   198856.64130466233     
   198873.69932366727     
   198962.04973416368     
   198909.82384442285     
   198910.53026552030     
   198930.11273628837     
   198990.54145890288     
   199005.05017344322     
   199037.30001158954     
   199070.67829723470     
   199125.55210754278     
   199136.24500432232     
   199112.31040782097     
   199099.60657833918     
   199066.69104537883     
   199055.17488317832     
   199001.59114950459     
   198943.10604713199     
   198956.85670092926     
   199026.00236712737     
   198976.65904478106     
   198987.90093710530     
   198963.14297407941     
   198926.74759425662     
   199041.63323741077     
   199033.88191960790     
   199048.91697927384     
   198926.31216852498     
   198830.02865977725     
   198886.60294119437     
   198951.65667394141     
   198849.01908236742     
   198905.65585056605     
   198812.12576364566     
   198859.91519778376     
   198809.06406502664     
   198818.26519187863     
   198832.27798923245     
   198700.00142314503     
   198728.97977315477     
   198784.86699304520     
   198878.13033484310     
   198795.46572662823     
   198943.27572169682     
   199064.99599796193     
   199013.56053936097     
   198947.17281068256     
   198982.26866747878     
   199054.76749543622     
   199075.00434367539     
   199050.66093411733     
   199079.24303780682     
   198983.29877005203     
   198881.06243580647     
   198864.22261841604     
   199057.40999985853     
   199083.39169673261     
   199082.69179252343     
   199082.35374590597     
   199182.81576610717     
   199174.31633304618     
   199170.25335405127     
   199205.15933408239     
   199150.64590284394     
   199236.64740626671     
   199261.53885651496     
   199246.14771487581     
   199255.71991769684     
   199247.59679802993     
   199187.14660522158     
   199166.66413280956     
   199106.73061413711     
   199134.45290106122     
   199160.48343078030     
   199187.72216243221     
   199185.29452573662     
   199238.70658416997     
   199212.68346435775     
   199216.34768881855     
   199164.08292564473     
   199186.29774221423     
   199087.97169112862     
   199139.66073128942     
   199129.57714216472     
   199175.00141782037     
   199147.51275211613     
   199230.23278387162     
   199229.08406023195     
   199239.44123000969     
   199227.88638279456     
   199209.04694142175     
   199166.89670755385     
   199167.62367645575     
   199105.36655319823     
   199158.89213996890     
   199215.16281064824     
   199236.30003159901     
   199188.03628020693     
   199173.73752202815     
   199140.38680376823     
   199226.00982853945     
   199215.98234621627     
   199224.85148079242     
   199172.23656861333     
   199039.70000283324     
   199149.57103623817     
   199116.65835912255     
   199159.50833126093     
   199266.74777958938     
   199195.48755083926     
   199280.57223662504     
   199230.17363301056     
   199179.38814572064     
   199172.94189334527     
   199207.45513286311     
   199222.39618861748     
   199067.12939974526     
   199090.59396170356     
   199091.55903732983     
   199114.64401260173     
   199121.03281368001     
   199123.94556941485     
   199146.03605016842     
   199146.36234126630     
   199033.68634664596     
   199032.40066460532     
   199114.38944159856     
   199157.36827700172     
   199012.54578683936     
   199022.47387790651     
   199086.98818379940     
   199073.17593145819     
   198957.60827193849     
   198938.18155136862     
   198892.47867767766     
   198904.64440116705     
   198998.31601607768     
   198960.06504799920     
   199051.89867076746     
   199016.27214953667     
   199002.86954280475     
   198986.78082445837     
   198889.24273504352     
   198884.80920740307     
   198932.20147897230     
   198873.84282255560     
   198901.93868845527     
   198867.43587458335     
   198879.39484232190     
   198788.12244381863     
   198797.76723409910     
   198962.38003234877     
   199016.33485677635     
   199014.20694466744     
   199105.44624771140     
   199158.43893296790     
   199110.01166887709     
   198963.14589881408     
   198951.05858149810     
   198988.58454018008     
   199010.86550331750     
   199053.98825169654     
   199111.86316547636     
   199003.14987054499     
   199066.88673646579     
   199086.30331646313     
   199137.46365501813     
   199092.65709576666     
   199030.50338437609     
   199130.75135551978     
   199196.50634423099     
   199142.76126049989     
   199179.13512330817     
   199188.54348780139     
   199091.78780387185     
   199025.58739097236     
   198999.73994674769     
   199090.52115186834     
   199068.37805876505     
   199048.76263083529     
   199067.41481191563     
   199054.01846431443     
   199091.84996207850     
   199058.35120978902     
   199055.92179263418     
   199061.23560134167     
   199118.76877377962     
   199039.21845642678     
   198925.93358376215     
   198931.12614571361     
   198986.67812189471     
   199049.42910435350     
   198989.21239251157     
   199030.98276529403     
   198944.27613928626     
   198919.25850439427     
   198958.80817681109     
   199010.32132427421     
   198951.96538064894     
   198952.95772415400     
   198910.06004091556     
   199003.90031239996     
   199020.80859202449     
   199119.88265141033     
   199078.09474204321     
   199033.52315773451     
   199084.53822692958     
   199054.99098247103     
   199002.11713129573     
   198962.50735502792     
   198950.77794545831     
   198960.57258032972     
   199036.56055582978     
   199026.51066453481     
   198951.23317850361     
   198947.37320883237     
   198909.85460993301     
   198940.17592831224     
   198971.79330385104     
   199017.83427316509     
   199115.28068434086     
   199138.97029399211     
   199195.10014683957     
   199226.50406457525     
   199208.99781153089     
   199109.35066586494     
   199126.84673940353     
   199104.97699571878     
   199083.49995665500     
   199026.44061434516     
   198861.66503205316     
   198846.66702252079     
   198863.44715392811     
   198915.67206498212     
   198840.05555845448     
   198859.94131417171     
   198980.71884297833     
   198883.27309072728     
   198951.96421744095     
   199041.57183244813     
   199128.10122322483     
   199122.10540083383     
   199083.25359879059     
   199063.96747297750     
   199062.77801978542     
   199083.52409908117     
   199157.15710539222     
   199133.03399280427     
   199060.85629315444     
   199123.30719033509     
   199127.20198238906     
   199082.31937234706     
   199126.92276730714     
   199130.71919716467     
   199104.19331304193     
   199127.77038572135     
   199109.87666766829     
   199019.76026871466     
   198954.68270153028     
   198979.36039958755     
   199043.68535422190     
   199084.51900986250     
   198945.32963437421     
   198889.15583937572     
   198983.17825476633     
   198979.32278976485     
   199000.13260230067     
   198868.83919902149     
   198901.78814211919     
   198886.86931466375     
   198756.92548956894     
   198875.79819952301     
   198884.25524734694     
   198869.00004999820     
   198804.37558780226     
   198722.80886750968     
   198769.30541261239     
   198850.90244018665     
   198907.78512023174     
   198897.87151578304     
   198894.97317239811     
   198907.51867958551     
   198933.08960258390     
   198772.36348419590     
   198854.35325832915     
   198868.24522252305     
   198792.93729898674     
   198832.88923836083     
   198876.21825111334     
   198785.03530182430     
   198683.23022547134     
   198766.77908779259     
   198907.34549924123     
   198824.31306640804     
   198974.06485933560     
   198864.54770582469     
   198998.34802149225     
   198962.51337018900     
   198926.67806536160     
   198854.43674632604     
   198905.75549599697     
   199007.60104857245     
   199085.76469177846     
   199093.80778093255     
   198977.16020647314     
   198959.50330476777     
   198908.79964519714     
   198842.57712808927     
   198893.43482557801     
   198853.51615051407     
   198757.27476162414     
   198830.48487656983     
   198796.34549628195     
   198725.53942587296     
   198763.95983704989     
   198777.74637004596     
   198775.57430254208     
   198881.71512160057     
   198827.47977714939     
   198872.52338994126     
   198831.84202872030     
   198885.78901308222     
   198831.34786989924     
   198788.84283775429     
   198696.79387486857     
   198692.97390352259     
   198771.89500068856     
   198723.97378903365     
   198660.20535075988     
   198674.04232958847     
   198722.28477931063     
   198714.56832654640     
   198763.63448402454     
   198686.93409479581     
   198791.97815256624     
   198758.06076153056     
   198821.74141714728     
   198845.69764812029     
   198885.49974822858     
   198887.95073589819     
   198934.02130414703     
   198931.05764564563     
   198894.70930203999     
   198756.99966573919     
   198788.11323634541     
   198713.04011332456     
   198752.79171543045     
   198822.09353110590     
   198841.48385429883     
   198863.35543695223     
   198823.64080010698     
   198789.46153815259     
   198915.39714204377     
   198890.94005962167     
   198858.76424441766     
   198985.71246211373     
   199029.45039418928     
   198944.21143423076     
   198985.20435419120     
   198983.68394024041     
   198940.58356042835     
   198925.63904858360     
   198937.72542145947     
   198803.63169813258     
   198874.27323233243     
   198852.54247717815     
   198880.20090288576     
   198868.60801237199     
   198961.91129875949     
   198825.52377395995     
   198769.85591240713     
   198863.74765093403     
   198884.03427593107     
   198869.49733746710     
   198855.07952591398     
   198792.19513501765     
   198808.24258433306     
   198893.55153254329     
   198874.22118418021     
   198850.28314865392     
   198719.61793645960     
   198646.17042753909     
   198639.82190578902     
   198699.74190722546     
   198700.53431890003     
   198659.54699175613     
   198710.85200035496     
   198752.08220459503     
   198685.34472262656     
   198705.46350586868     
   198715.67932483199     
   198627.49317614996     
   198658.71143992787     
   198665.11081156408     
   198621.95600683085     
   198645.08141447863     
   198619.36842064661     
   198560.95063059175     
   198587.37609429259     
   198620.18791845292     
   198673.67407064111     
   198662.18573914649     
   198655.50195109524     
   198635.38867735927     
   198770.35189609849     
   198805.63291427994     
   198872.42951824074     
   198822.51862851548     
   198720.34843121390     
   198781.15429990660     
   198726.07512107884     
   198744.16211794535     
   198718.40067382922     
   198686.14552061373     
   198671.31704890006     
   198646.05106895982     
   198727.40743035762     
   198719.19458369300     
   198747.12763959801     
   198665.01448455331     
   198685.33110039565     
   198657.49969925047     
   198669.55139606955     
   198643.71863171391     
   198709.95218213569     
   198685.17908366426     
   198716.18350625847     
   198667.29311010736     
   198600.48056664062     
   198582.48922323057     
   198539.93609075644     
   198495.26848348946     
   198538.19039181399     
   198591.76971219695     
   198596.48853898374     
   198621.08120021739     
   198660.51864416889     
   198667.25713958961     
   198610.80624569792     
   198474.62965253141     
   198444.13361988295     
   198554.25229936588     
   198611.58702915072     
   198637.96872194851     
   198696.61432567728     
   198765.24124859131     
   198706.13830724853     
   198644.19625707984     
   198670.13730018376     
   198620.74754132956     
   198644.24967940920     
   198649.46146228872     
   198710.81679962570     
   198766.45562919165     
   198833.38044007507     
   198746.24576634038     
   198686.35166738791     
   198773.10989788914     
   198758.94337099910     
   198728.74393760363     
   198685.74355615582     
   198822.73938585698     
   198884.32399581466     
   198910.22375193256     
   198818.96750151340     
   198712.12069814384     
   198723.50781077292     
   198737.80709962395     
   198677.10498512175     
   198666.30232104595     
   198641.53847632691     
   198691.35902838630     
   198721.24359609163     
   198664.26364144217     
   198717.18543059553     
   198732.64689590843     
   198712.71780011253     
   198683.60213994089     
   198663.94502755275     
   198577.28007272939     
   198525.64207948817     
   198623.92718443699     
   198694.89641294634     
   198743.04938119921     
   198765.77245244390     
   198665.76484684442     
   198654.73490084658     
   198691.79308647799     
   198577.77515862617     
   198589.21495328919     
   198787.00394296338     
   198748.05608373974     
   198761.15417229533     
   198616.88964130959     
   198677.89816236621     
   198629.70771122584     
   198625.93062680319     
   198618.00114844734     
   198681.10247588309     
   198729.44778861702     
   198617.35437604148     
   198544.93371894254     
   198498.18082032318     
   198492.25674389501     
   198512.48746933037     
   198534.36290664951     
   198516.24215470822     
   198590.14950692776     
   198543.99706168548     
   198477.96582170989     
   198528.40891578075     
   198521.60504436766     
   198469.71234844200     
   198420.54301428024     
   198396.51537377949     
   198455.84749229829     
   198531.08936391206     
   198553.86215302849     
   198500.44953539025     
   198457.24495795972     
   198528.94738310477     
   198535.07660549457     
   198457.23043298477     
   198538.93915469339     
   198547.81110476368     
   198472.22023544277     
   198490.62867284409     
   198457.22469731767     
   198470.10505082866     
   198507.18191102095     
   198506.55046676547     
   198497.36702139396     
   198600.16753745038     
   198531.86604290022     
   198507.14280012116     
   198511.62543711148     
   198521.69740269677     
   198523.47950339393     
