   897397.72869034833     
   897398.17587736703     
   897367.57345196046     
   897404.77851700247     
   897318.02428600634     
   897260.10482293449     
   897166.20848523092     
   897109.33859351731     
   897101.56759993196     
   897125.41978536732     
   897122.23735223489     
   897245.32784314873     
   897324.50920790620     
   897281.18589147436     
   897190.72553156444     
   897239.74483624392     
   897325.48341463215     
   897483.48151466274     
   897513.96225855430     
   897419.68111654115     
   897314.08331590646     
   897355.29373938858     
   897394.98111360858     
   897358.57828831114     
   897267.66427317075     
   897352.89484773157     
   897398.23603412625     
   897532.07826515473     
   897504.90224529163     
   897450.87669997499     
   897577.32813049911     
   897531.25841290120     
   897548.64556979132     
   897516.38592829846     
   897546.99524144235     
   897584.22478776076     
   897661.67442252359     
   897677.77830238861     
   897581.85780640389     
   897496.21137511940     
   897467.85734265798     
   897479.03430364898     
   897510.39001187496     
   897565.32343851111     
   897569.40525659441     
   897481.51645084179     
   897523.32519124448     
   897483.31900475069     
   897454.05619874410     
   897476.38230949070     
   897439.78019974998     
   897411.93934520346     
   897382.21360544069     
   897281.54297839024     
   897332.18832918105     
   897226.78083030891     
   897301.72093861457     
   897293.43861619907     
   897308.03731348913     
   897314.83471761865     
   897353.51050880062     
   897467.98428185296     
   897497.57440017560     
   897534.09564949898     
   897425.27558014449     
   897492.27795872802     
   897435.38945965061     
   897515.93901991355     
   897526.16049590905     
   897499.68876664201     
   897580.38598396082     
   897504.02469608106     
   897593.32386068569     
   897663.56596681336     
   897688.04654655454     
   897755.40305790689     
   897658.36807407136     
   897766.95012581826     
   897670.85540223517     
   897608.52932422212     
   897567.75512415334     
   897529.90375583863     
   897463.41319720785     
   897463.31236063107     
   897391.11890284589     
   897409.54567872477     
   897441.59949480998     
   897431.35509525635     
   897449.26689448382     
   897390.65818303381     
   897438.16150703409     
   897408.21456987539     
   897432.88781939168     
   897456.17569260357     
   897483.95904529071     
   897496.82862949546     
   897512.59431476484     
   897524.04596767796     
   897598.16612672538     
   897591.54892774287     
   897650.21229453094     
   897713.61872064637     
   897658.84649898764     
   897604.36424265848     
   897625.29522040871     
   897630.38427011576     
   897615.57916700444     
   897538.80657995632     
   897597.00636843126     
   897582.00547451666     
   897600.24710030749     
   897551.28718964488     
   897504.25313938141     
   897536.78956329788     
   897612.80700443382     
   897499.13856513239     
   897663.60698172869     
   897593.15499163768     
   897597.57326482481     
   897611.50210372091     
   897681.07455253752     
   897633.34221161518     
   897638.47790754098     
   897609.12031180086     
   897661.89176603372     
   897598.73139615287     
   897680.52830967959     
   897705.97884274682     
   897646.54198046774     
   897586.80790343194     
   897635.41461376485     
   897607.78248432279     
   897621.31203994143     
   897773.05754357099     
   897656.87798151036     
   897664.48126256245     
   897612.36482468829     
   897575.11350966978     
   897665.16896654584     
   897723.28658652958     
   897728.70901376754     
   897797.38048524526     
   897724.98085810617     
   897749.41114909970     
   897721.72289939935     
   897724.50893150154     
   897733.51069975412     
   897783.40903786302     
   897798.45198028639     
   897792.30843228311     
   897747.12324289151     
   897815.90382389468     
   897752.95420286304     
   897757.18118851166     
   897871.46317385964     
   897775.38909807743     
   897740.95947143808     
   897761.29968929198     
   897723.24510277249     
   897742.79428027733     
   897756.79910638393     
   897738.86263366893     
   897764.26850095566     
   897784.40435071313     
   897734.85380587925     
   897752.54786859732     
   897668.51642263692     
   897607.61129266617     
   897708.51662278303     
   897785.36042097013     
   897827.78305070754     
   897923.97764074174     
   897831.19274116412     
   897774.67143254867     
   897675.44822961779     
   897752.76442513906     
   897758.99998707010     
   897771.85482886725     
   897731.11169235769     
   897663.06444667152     
   897617.41983977938     
   897695.31242429197     
   897582.44473773160     
   897682.64408792683     
   897754.91717270878     
   897743.72625510592     
   897719.33766924182     
   897698.46275161533     
   897615.09870052233     
   897605.61166013498     
   897627.61055872182     
   897618.70011220104     
   897628.45516005333     
   897626.97121141781     
   897530.44788275613     
   897531.36072198604     
   897447.66477224301     
   897453.95110946370     
   897398.93605368119     
   897351.47457733518     
   897433.17295096919     
   897386.12198948767     
   897395.89416415640     
   897467.14723434765     
   897324.07000734739     
   897348.68300089962     
   897380.54020911595     
   897363.73593280558     
   897338.55014596460     
   897248.71924005751     
   897283.76119375613     
   897229.52251912525     
   897230.97774676385     
   897210.86877856287     
   897267.69568573509     
   897139.53405496397     
   897120.63509484369     
   897115.07027342613     
   897130.45904781728     
   897139.56220529915     
   897174.97775654704     
   897203.98226646020     
   897250.79307071958     
   897238.34539955284     
   897241.02291099890     
   897284.56816366524     
   897355.91332731990     
   897222.30284551694     
   897236.31780571630     
   897331.65459377703     
   897403.42020934517     
   897370.43600942148     
   897291.90895688743     
   897244.71844997245     
   897329.35953206371     
   897367.36064695695     
   897468.89378421975     
   897492.11018589151     
   897460.17082634836     
   897429.75567625777     
   897470.15777503385     
   897421.91229739576     
   897359.27432484843     
   897287.74538316252     
   897407.49529909447     
   897489.69724806841     
   897371.99338118406     
   897299.89183227578     
   897363.48980062467     
   897257.47419041954     
   897202.18136923551     
   897307.66811153549     
   897254.11392573104     
   897255.19387912820     
   897260.98278311396     
   897256.29881808418     
   897206.27228036581     
   897202.55759730062     
   897171.61853937211     
   897093.65778196184     
   897119.35784569755     
   897117.27620664076     
   897212.62832148862     
   897359.67905819369     
   897264.83162033150     
   897182.79100343690     
   897270.97660834494     
   897222.62085933739     
   897082.50317936926     
   897098.11939913745     
   897154.55473743856     
   897215.11530656216     
   897171.50012973056     
   897194.53549209493     
   897203.04738113668     
   897247.65131935058     
   897161.67561796657     
   897202.98511246371     
   897284.89080701838     
   897333.71600771369     
   897337.94442094071     
   897220.02056623914     
   897305.39569481730     
   897288.92901583598     
   897193.01247360930     
   897241.71397143067     
   897200.50009729585     
   897046.50075602718     
   897019.90642461076     
   897107.04572446540     
   897000.98305692105     
   896984.68774290592     
   896987.41630574060     
   896883.70454328903     
   896851.89925275336     
   896872.39326522546     
   896885.00660288462     
   896899.78704291093     
   896910.02875843295     
   896961.78490805754     
   896906.99919591052     
   896957.65063773911     
   896804.36070661154     
   896777.38035460107     
   896749.62347361143     
   896708.20940012136     
   896760.36979261518     
   896753.23563919635     
   896737.57325591112     
   896628.73431335110     
   896647.35338744195     
   896594.17166562763     
   896670.15699616494     
   896673.25860596157     
   896655.56596281216     
   896698.91053030768     
   896720.18234421429     
   896623.27960834361     
   896684.14942774142     
   896701.56519525009     
   896719.07554655056     
   896571.05949560087     
   896559.61785803281     
   896669.12315856863     
   896649.42372482968     
   896556.14481439989     
   896468.85952523828     
   896471.41370055254     
   896460.73809939274     
   896458.74006410339     
   896467.20237475133     
   896350.07794893091     
   896300.74512845441     
   896457.75343262067     
   896415.38478077389     
   896378.18297274911     
   896395.21603749704     
   896252.36538013851     
   896247.74736519251     
   896251.13818701287     
   896255.29845451028     
   896153.36723255087     
   896103.08575433854     
   896166.35671810724     
   896121.96152284322     
   896167.03031032858     
   896142.14637457952     
   896043.58688166807     
   896077.63826391182     
   896058.77225154452     
   896091.43217181577     
   896083.15509112785     
   896200.69288403587     
   896124.47181908845     
   896164.58548846829     
   896139.54536201095     
   896114.62831359066     
   896146.61294485931     
   896107.94681186147     
   896117.25693786319     
   896164.80783203756     
   896224.52536997024     
   896261.55110856937     
   896229.27727841435     
   896267.37084278755     
   896256.73059303395     
   896264.56692454172     
   896268.08249499265     
   896197.63916158595     
   896251.96917611244     
   896276.45114492823     
   896202.87189363455     
   896269.22049714555     
   896309.82229250495     
   896315.29024165217     
   896340.69543318776     
   896261.93667100440     
   896191.12639234401     
   896247.43982933834     
   896265.57341414923     
   896237.78298083274     
   896323.71636661305     
   896217.30990498210     
   896126.15725405002     
   896151.54682714865     
   896131.24530749011     
   896188.99707217549     
   896179.15858621208     
   896178.07975381496     
   896180.17315647856     
   896180.17315647856     
   896180.17315647856     
   896179.89274894714     
   896227.35207911057     
   896218.93745784846     
   896221.15763187886     
   896275.84001993504     
   896176.33476934314     
   896138.75655423419     
   896121.15817133535     
   896175.18739762099     
   896186.37723972881     
   896150.60725500889     
   896128.45675005438     
   896162.32156716357     
   896108.91863115749     
   896136.64752039977     
   896023.74164751463     
   895953.95761162997     
   895902.67264721985     
   895961.00179464335     
   896007.74613315379     
   895936.80692341540     
   895898.06070305139     
   895825.46656412072     
   895947.11108017608     
   895920.97751499864     
   895914.70389687701     
   895825.21806835476     
   895890.22962830251     
   895888.92485533457     
   895727.71562634723     
   895731.85430991696     
   895665.14074490708     
   895758.67222462769     
   895852.86008037452     
   895856.72160183673     
   895762.53683141398     
   895793.68762441329     
   895769.65608874790     
   895815.34740840341     
   895813.22870972555     
   895835.72945092700     
   895888.74857757555     
   896007.65496775124     
   895912.30146105797     
   895857.36661533616     
   895894.88585499558     
   895973.29056926374     
   896077.41689779272     
   895988.10683566274     
   896016.55178931216     
   896003.88881647773     
   895941.82595066214     
   895893.59512062918     
   895907.99004495877     
   895893.28287172003     
   895895.70347238029     
   895751.42676859198     
   895803.40051113639     
   895760.56694098515     
   895801.15086450754     
   895759.06467322749     
   895791.04317354388     
   895785.45350139088     
   895725.36939958716     
   895628.72425067681     
   895579.50503261993     
   895583.25415331742     
   895634.93921132071     
   895611.90488851676     
   895634.74753328494     
   895739.01960231632     
   895618.41663101804     
   895629.81300811295     
   895623.88599057670     
   895567.96046571666     
   895520.92782694870     
   895397.55155597627     
   895389.91423111153     
   895360.77383951680     
   895366.91316895187     
   895392.03339836083     
   895457.14028716052     
   895518.16011856275     
   895459.74118690740     
   895472.00122522423     
   895499.77824096242     
   895557.25506847329     
   895550.32534756919     
   895603.15989703895     
   895490.20721170225     
   895391.45045374567     
   895403.33403644990     
   895490.33519103960     
   895490.37998286018     
   895395.14388163935     
   895338.20195468620     
   895348.15196394653     
   895382.98243524833     
   895386.54933387309     
   895455.70726587705     
   895458.60700532643     
   895416.46199361561     
   895451.17198269570     
   895409.05612471572     
   895416.60227420763     
   895447.35972886893     
   895403.83199009520     
   895354.34456466744     
   895306.62224919186     
   895399.47386945994     
   895358.46452282369     
   895257.32918528665     
   895192.35042740824     
   895199.99079915683     
   895180.90749066265     
   895169.07085128909     
   895187.02950783086     
   895136.09984182578     
   895063.91629100568     
   895035.04853473871     
   894946.47510216688     
   894939.13884994062     
   895000.50022161880     
   895056.78051380860     
   895112.24845573050     
   895126.80039999774     
   895118.94881132920     
   895086.34889550309     
   894963.60620878532     
   895006.55446536699     
   895109.86942558561     
   895104.20118971274     
   895186.59745092969     
   895227.29143357195     
   895036.98749438627     
   894979.89236863982     
   894947.31796968717     
   894887.68978282018     
   894913.18037682178     
   894855.68475723162     
   894967.11009681679     
   895066.06761305965     
   895055.48131661082     
   895054.61508246488     
   895093.96846496663     
   895061.81658170442     
   895034.90209492610     
   894949.15104098688     
   895008.08549681481     
   894997.98429289286     
   894979.89587483543     
   895006.90389867418     
   894981.83282354893     
   895029.90241981170     
   894936.91909265611     
   894924.34001930396     
   895011.63100422849     
   895116.28112242476     
   895119.20126604964     
   895195.24691428931     
   895208.35467260273     
   895165.90461802832     
   894988.60485470085     
   894972.17883017927     
   894894.39984807454     
   894949.27770464157     
   894915.35353872401     
   894881.45595855115     
   894873.94875868584     
   895014.64333870879     
   895082.09970789670     
   895048.15908276965     
   894985.50163260661     
   895053.89233729418     
   894943.29095599230     
   894930.07391072938     
   894995.13209297019     
   894922.22233305033     
   894892.87416737829     
   894845.58707738575     
   894894.17446220561     
   894845.65798134007     
   894855.80140862067     
   894865.74283315532     
   894839.74008701299     
   894828.05477865017     
   894772.16063284304     
   894787.50927764841     
   894799.94691330614     
   894722.53569248645     
   894737.22185353923     
   894686.27405066590     
   894608.13976669533     
   894545.37973228085     
   894524.14723664324     
   894529.65962828370     
   894513.63175862376     
   894554.39733943588     
   894538.43379523268     
   894608.70354530809     
   894663.53279397613     
   894641.77170108911     
   894626.14434581390     
   894604.06577894825     
   894502.58721705060     
   894327.31310561276     
   894309.32494882098     
   894347.16683910962     
   894308.93322897039     
   894310.09189086175     
   894294.76528390008     
   894301.54647687124     
   894320.89080247772     
   894342.65691390133     
   894410.61054259667     
   894339.81162670150     
   894378.13119206671     
   894299.13769143040     
   894231.18164475414     
   894274.59532479814     
   894233.62491815165     
   894218.39469131001     
   894305.25663219544     
   894386.61199228186     
   894407.50089101749     
   894343.15320344584     
   894337.55312656623     
   894273.85013472394     
   894268.72573165037     
   894300.45627309883     
   894256.64966123458     
   894293.58553807065     
   894261.36594337062     
   894221.65202839265     
   894130.57627063559     
   894155.32872306474     
   894120.18998034403     
   894091.83886028093     
   894101.11873556545     
   894206.10226988408     
   894250.53489203192     
   894190.26526043669     
   894138.43410872633     
   894264.13221787498     
   894278.56987023004     
   894184.89348373096     
   894183.02611641691     
   894232.98495374515     
   894222.67196093732     
   894216.65688200388     
   894041.17880845559     
   894162.12704646797     
   894082.01708785677     
   894049.41947862995     
   894081.15964210278     
   894156.03428346233     
   894210.82755053649     
   894202.78038792440     
   894131.58963621687     
   894153.20336861699     
   894040.25687480590     
   894090.52557608834     
   894074.03753129486     
   894153.26116085262     
   894122.30298583233     
   894099.30342516734     
   894081.73428405356     
   894163.23315211036     
   894056.99376374262     
   894131.80755542952     
   894040.44092362328     
   894069.44655070012     
   894107.23921702860     
   894179.08490741788     
   894220.58176210115     
   894313.70358358428     
   894269.14373890683     
   894144.95452703035     
   894117.14474949264     
   894009.17583892716     
   894038.87534928124     
   893956.09382971434     
   893930.16710160894     
   893898.47745022189     
   893846.27702370728     
   893883.60453946469     
   893817.12756608566     
   893837.27670653549     
   893765.74566475244     
   893752.66065769293     
   893755.87783826829     
   893767.71432355745     
   893749.78599208186     
   893613.55134491250     
   893659.87766346661     
   893679.95518725947     
   893584.94899147726     
   893580.70096934726     
   893655.98897984391     
   893646.35452671093     
   893616.37463635101     
   893631.23517272912     
   893674.81666539784     
   893632.74773881142     
   893524.03712594940     
   893464.80081252789     
   893611.39498670911     
   893597.02765700978     
   893574.01819040219     
   893569.48625002627     
   893580.21706848848     
   893695.58708420373     
   893671.65442915331     
   893754.32427118870     
   893819.98268645233     
   893725.85624836525     
   893664.39791084535     
   893727.75707577332     
   893556.88186847628     
   893616.99908846943     
   893619.93880124181     
   893697.23352446186     
   893689.72244487808     
   893652.85152950871     
   893558.94809952122     
   893572.34076454758     
   893540.80444752320     
   893490.20557388256     
   893375.95360087755     
   893311.61022647389     
   893303.68272957671     
   893280.05717443721     
   893324.82600547839     
   893361.75432218122     
   893393.89275641378     
   893375.33434547263     
   893312.80013952113     
   893374.21477151709     
   893335.93666946329     
   893342.88258310780     
   893396.75518295611     
   893442.45736857771     
   893394.27440203552     
   893451.21026852448     
   893451.09174675564     
   893473.04648137616     
   893331.25987799850     
   893247.32233887166     
   893224.36701860384     
   893169.80585111922     
   893017.12549418712     
   893004.03424504830     
   893048.43824952759     
   893011.17929871811     
   892995.55948451976     
   893024.42254150705     
   892992.00819045003     
   892993.91065831261     
   893025.93717281776     
   892984.94867896358     
   892976.03327222529     
   892947.48814062285     
   892836.21728290746     
   892888.70217096363     
   892741.10662005469     
   892768.66271024593     
   892760.78050644882     
   892827.45651631616     
   892789.76318494522     
   892741.21941421565     
   892750.86772023828     
   892742.87240238371     
   892713.40851797501     
   892622.39363753737     
   892622.17658415623     
   892659.17430744809     
   892602.18247290934     
   892594.54124845937     
   892699.37014644966     
   892656.55452356138     
   892713.29882490938     
   892772.66810801299     
   892752.89606629673     
   892724.09697801841     
   892630.99973653478     
   892731.18961093447     
   892693.48182015400     
   892707.40856439131     
   892748.55063188670     
   892787.64293450699     
   892844.68231223384     
   892899.98152017430     
   892952.27815785317     
   892756.14947862050     
   892760.16467156529     
   892744.29195670329     
   892687.81692513428     
   892649.92327024380     
   892639.96033148980     
   892668.86181914387     
   892658.21093654353     
   892728.23615397559     
   892696.85154953308     
   892640.76357171242     
   892590.82933709130     
   892679.16829309973     
   892685.32884235005     
   892730.71285605081     
   892649.56890644855     
   892541.74230736331     
   892584.67376600078     
   892588.57911683293     
   892599.22461263603     
   892548.25367958786     
   892564.36749444192     
   892589.59026274120     
   892466.84571343858     
   892536.82952160772     
   892442.58370471862     
   892452.54207711853     
   892402.52093253727     
   892374.12932365539     
   892378.34025341424     
   892419.34968243376     
   892386.37132102402     
   892385.41460383951     
   892377.17746278050     
   892373.97841003141     
   892254.32065001561     
   892260.01964490139     
   892269.26706483983     
   892248.94769865822     
   892267.06658232515     
   892201.90158510499     
   892268.68081147585     
   892301.58577267942     
   892328.42797313095     
   892280.58778351988     
   892283.90709002828     
   892331.10194885475     
   892165.55605706968     
   892166.95043979154     
   892147.65875440137     
   892162.34609104029     
   892185.72588236537     
   892252.94919834333     
   892358.56364429079     
   892264.05039512878     
   892157.18995409389     
   892042.95040045213     
   892120.04615942307     
   892244.32474119263     
   892294.63930091891     
   892206.55083173665     
   892152.42974382639     
   892045.99881186616     
