   200974.28006217303     
   200972.74673154150     
   201019.08118879984     
   200874.70071465525     
   200980.54568750836     
   200948.14529589578     
   200832.84383000655     
   200752.73932666224     
   200809.73923864757     
   200824.02853033083     
   200749.07784267273     
   200666.48029472353     
   200709.56836071087     
   200545.68137808295     
   200566.54987013593     
   200608.92401137832     
   200593.69341146137     
   200510.53024361888     
   200469.79649410167     
   200436.15833016642     
   200456.73588443082     
   200333.39472984243     
   200367.27292869624     
   200427.87610471665     
   200473.59351423068     
   200370.02181570331     
   200473.53209545242     
   200286.43495555036     
   200184.47310709424     
   200190.55962008599     
   200068.65846479853     
   200017.73329321164     
   200021.17828482186     
   200189.31029806857     
   200167.12782220921     
   200100.81964726318     
   200019.81891955240     
   200063.72454584739     
   200089.78776820996     
   200173.37921240911     
   200015.10295333969     
   200050.63643472621     
   199963.22758788295     
   199946.50704675002     
   199731.37851142490     
   199669.41374434048     
   199833.36657921073     
   199779.35030600600     
   199663.09467617198     
   199716.92502210723     
   199748.41272986541     
   199701.99820925680     
   199623.07381679624     
   199643.60622152028     
   199459.65114812023     
   199407.70793408173     
   199286.69151262342     
   199146.30969409319     
   199166.36595538555     
   199172.08014118788     
   199046.72306026454     
   199007.11968556940     
   199053.31209401781     
   199045.77388049196     
   198961.68396224576     
   198885.41872458096     
   198872.63657569143     
   198839.60327384036     
   198792.17129135688     
   198773.80307324047     
   198865.50750037938     
   198900.93075109980     
   198902.27170523250     
   198894.74673835948     
   198808.81575496850     
   198755.87644078230     
   198745.80568006673     
   198720.88359786535     
   198729.70771502997     
   198638.51912417333     
   198582.44734984913     
   198715.58847201860     
   198606.76364468568     
   198638.43504120389     
   198491.12169183587     
   198613.41261984516     
   198467.40239740684     
   198435.58344780628     
   198407.36611164178     
   198356.69706290602     
   198398.58904031056     
   198325.02795641829     
   198262.59296443081     
   198220.43642783447     
   198240.24142465115     
   198196.30763332953     
   198169.21335431474     
   198192.76637112000     
   198159.92889994427     
   198217.28356848273     
   198210.31162328398     
   198167.91010726104     
   198150.72850371865     
   197999.54655653713     
   197934.86602260114     
   197936.78699755212     
   198045.75095124281     
   198044.71065726213     
   198023.74428492796     
   197894.78516339263     
   197886.42747246649     
   197864.86638031891     
   197870.89041694975     
   197902.20362093282     
   197982.76231785814     
   198053.26279578125     
   197932.17917229654     
   197923.52048342992     
   197929.43630689560     
   197841.11479003428     
   197847.93297215263     
   197839.73494031269     
   197812.03460304328     
   197666.13881209673     
   197760.52596524279     
   197667.85954786968     
   197707.49439393886     
   197669.09080029259     
   197480.78702077281     
   197587.24544462960     
   197563.06656371095     
   197491.98214552712     
   197457.96763618418     
   197454.44215357283     
   197460.75284762334     
   197445.36923526679     
   197383.36272025280     
   197367.11235169135     
   197342.17906479258     
   197449.58404817403     
   197393.82612911006     
   197398.72246954645     
   197411.43415505407     
   197304.83217183041     
   197326.94541533513     
   197439.49320846700     
   197400.43886049665     
   197320.48989924259     
   197282.52740283290     
   197182.37418351142     
   197335.09312499227     
   197356.85241043536     
   197336.42330944308     
   197189.20963395591     
   197219.26176831513     
   197253.99892507953     
   197226.22392582623     
   197196.84013350931     
   197265.56636358943     
   197252.00922428555     
   197238.03306712167     
   197179.07437716212     
   197161.86820252097     
   197149.24414880772     
   197120.63280283040     
   197088.17856339880     
   197005.29302258795     
   197095.87527051690     
   197135.28283905750     
   197106.51255207215     
   197059.85018445691     
   197071.22401643510     
   197076.17918535488     
   197072.80204223224     
   197184.21077574289     
   197189.32135219342     
   197116.23098440736     
   197150.88362640591     
   197160.41911279483     
   197136.33328026292     
   197077.71253999328     
   197155.07624049683     
   197150.78481193652     
   197065.56729865688     
   197141.02652886431     
   197088.23784189840     
   197053.25528880418     
   197092.09194468101     
   197040.81848044565     
   197043.82412065435     
   197002.23595385018     
   196998.31716467717     
   196984.47928963820     
   196897.96365328663     
   196979.34548371448     
   196895.77804468412     
   196860.59298815145     
   196801.94323010911     
   196721.63093174598     
   196747.31363059481     
   196768.78941219641     
   196655.56043855936     
   196706.86188210602     
   196834.50069666322     
   196740.38859486915     
   196673.34178715575     
   196591.88445498960     
   196388.09468590701     
   196424.20416888176     
   196384.87978633356     
   196429.70461417266     
   196427.00991147308     
   196491.15716080827     
   196394.14903216765     
   196405.64490127549     
   196418.76644448499     
   196346.69898769737     
   196307.08232909613     
   196276.79006593843     
   196186.29542550584     
   196166.10697470969     
   196099.09401631294     
   196139.46589422980     
   196120.93245690773     
   196166.61637641917     
   196140.89096643502     
   196224.62073927853     
   196273.83009729141     
   196290.44960043399     
   196241.94627236624     
   196312.15202910846     
   196196.38798864151     
   196190.73396898888     
   196159.27300923842     
   196044.99469315770     
   196022.77162206892     
   196020.71428421719     
   196027.10070457755     
   195946.46986625562     
   196008.05811566120     
   195956.95852779917     
   195913.98789241372     
   195801.17527673047     
   195836.39911125446     
   195885.89344892395     
   195959.38859687827     
   195970.22614851163     
   195941.51230968526     
   195909.28176976484     
   196000.47775252006     
   196060.97726333525     
   196033.24095987555     
   196023.43852174969     
   196000.62381978714     
   195946.50264003946     
   195879.32500504752     
   195900.36030049523     
   195893.06750440106     
   195884.38461374422     
   195915.36997268483     
   195849.79626187147     
   195819.02142387591     
   195790.20675271915     
   195700.20139146689     
   195692.83253694704     
   195713.90351317235     
   195721.39662338467     
   195683.59442142741     
   195729.79639807402     
   195696.92569778155     
   195704.86690555472     
   195763.49633134928     
   195803.81001071542     
   195784.19676727624     
   195725.74174959655     
   195678.70644968611     
   195783.54467857326     
   195777.63715963118     
   195793.06533756750     
   195746.08228959702     
   195812.03583477467     
   195784.09054937208     
   195723.90101121811     
   195746.08229455014     
   195711.46966762192     
   195733.29848199664     
   195682.87078556241     
   195721.37001926976     
   195629.41424182302     
   195639.97298126368     
   195661.25649363032     
   195619.88841135052     
   195619.58549298454     
   195565.08985507686     
   195557.57444580190     
   195666.76165175316     
   195706.57047836832     
   195640.13750223516     
   195576.80639215754     
   195630.51769149970     
   195543.22849968047     
   195590.15952305277     
   195581.00516394919     
   195485.12776090202     
   195475.84927716519     
   195452.66478186205     
   195381.15815952199     
   195409.63785067131     
   195497.93183862552     
   195401.11669180036     
   195321.90898284930     
   195255.04209626044     
   195249.73931809817     
   195317.11235657381     
   195344.94334741120     
   195336.41383223061     
   195175.35347461159     
   195282.49842348814     
   195110.06869632407     
   195098.65507225349     
   195063.08949494432     
   195129.86046793335     
   195076.28420854610     
   195029.00784489553     
   195074.98764486259     
   195079.38645491831     
   195112.33842592651     
   195136.53695118611     
   195082.13867723165     
   195110.69938521239     
   195130.33734709164     
   195037.30824357361     
   195066.22934809400     
   195002.31731050159     
   194967.33577213399     
   195024.34968541923     
   195090.66386158040     
   195103.17740995070     
   195057.20656855623     
   194942.64166103571     
   194910.65857620086     
   195016.90549225730     
   194995.95653954963     
   194913.39222356171     
   194891.89709970512     
   194899.02915631433     
   194850.51508154225     
   194725.45409473273     
   194881.57349420851     
   194935.04670404692     
   195011.42967306534     
   194978.75540819866     
   194979.73980730999     
   194996.55284844583     
   195013.03481397298     
   194939.61998911234     
   194937.62225956959     
   194888.87952469691     
   194867.58897241429     
   194777.45505564680     
   194793.99022827591     
   194712.25516470673     
   194695.88759125362     
   194641.21031421862     
   194662.07672119397     
   194684.95025789735     
   194691.49420236456     
   194640.69462712441     
   194640.44657165761     
   194581.73530416412     
   194634.39723107184     
   194644.18204798084     
   194670.99667772421     
   194695.02116479800     
   194736.93833026657     
   194728.50367311100     
   194733.24607731722     
   194694.41142563600     
   194597.78402176595     
   194640.83235108422     
   194593.70893596200     
   194504.67762056476     
   194475.88388022158     
   194561.91668584241     
   194679.99320353766     
   194607.64089553652     
   194516.28407269475     
   194559.65011635257     
   194518.33826355680     
   194521.78582780398     
   194543.50759706547     
   194435.99719372200     
   194340.79878766139     
   194401.93469031231     
   194399.17821875712     
   194307.76212116785     
   194233.89271647856     
   194278.82337015754     
   194302.59921229404     
   194320.18266876519     
   194376.10533146240     
   194511.49333995860     
   194420.06182116587     
   194408.26581039029     
   194349.72311841440     
   194333.92118290425     
   194295.56796045590     
   194301.20979349359     
   194342.45184077290     
   194289.45940269611     
   194304.51906864971     
   194319.66662908523     
   194181.50676691247     
   194186.56493616066     
   194261.11775410507     
   194286.59742292966     
   194285.55878730622     
   194283.41738177091     
   194237.50616035410     
   194275.80148561200     
   194204.78290609352     
   194194.08404891225     
   193981.27117618526     
   194064.35528041524     
   194088.99229996136     
   193971.29489165149     
   193944.16441024386     
   193937.60173894966     
   193990.18071588693     
   193980.34068784537     
   193960.94608898886     
   193998.93423021067     
   194009.95320718558     
   193971.52911134271     
   194076.08587806643     
   194066.05406668916     
   194014.46088409558     
   193950.19756909992     
   193944.83235106640     
   193950.97298708884     
   194016.79077967413     
   193972.61164170987     
   193938.89925080771     
   193989.63311896811     
   194055.79491711210     
   194077.74224619297     
   193982.42591005666     
   193933.31036798534     
   193768.51873243495     
   193705.16942484354     
   193684.51817675348     
   193691.44691944116     
   193664.18830346916     
   193749.51568207948     
   193775.83654654716     
   193725.34795584870     
   193697.54946274433     
   193672.55805305831     
   193543.89810725171     
   193586.84603503926     
   193544.11002484319     
   193574.48065316273     
   193563.89218947903     
   193665.30887475974     
   193570.83218362037     
   193535.73343842773     
   193592.60751681397     
   193562.93522034094     
   193499.75292674766     
   193525.66626380739     
   193502.68987324607     
   193515.39742385270     
   193501.59031558543     
   193357.47890568420     
   193406.78768885610     
   193463.00896758499     
   193351.43251247777     
   193419.71062874759     
   193327.68060137134     
   193296.64878819199     
   193286.49025257275     
   193305.70229378462     
   193458.67655994036     
   193477.63862351066     
   193493.43645675012     
   193567.24981346086     
   193520.74344324032     
   193489.75473293598     
   193455.63806250197     
   193522.25321576785     
   193536.17448269256     
   193496.26765099770     
   193484.51114112811     
   193571.08642612191     
   193650.15101867515     
   193687.98179572664     
   193637.03522241043     
   193706.65836421418     
   193749.64755172521     
   193859.10201296548     
   193789.85008440338     
   193760.22366297018     
   193742.80287911277     
   193779.37589151785     
   193821.75254158059     
   193833.37903830790     
   193897.76943211004     
   193861.25585112986     
   193780.71561834501     
   193743.97734133364     
   193781.89748430124     
   193638.39984351830     
   193674.97853254643     
   193735.20957476407     
   193733.98648359097     
   193785.85690394961     
   193806.65876696247     
   193777.14368044722     
   193819.04167007082     
   193817.88952805367     
   193768.01031069105     
   193803.17997721792     
   193880.22102692261     
   193701.11957280990     
   193765.77536137999     
   193684.77874027530     
   193774.24960877141     
   193851.75928074948     
   193716.28946338678     
   193585.59725379158     
   193648.42824177540     
   193600.88970315934     
   193608.84562868759     
   193721.83557305884     
   193608.57080652780     
   193536.69623027343     
   193620.76913087821     
   193603.47765768057     
   193605.85894032620     
   193628.77620992731     
   193551.13139301419     
   193608.79989762005     
   193643.53241709399     
   193683.57365611466     
   193742.28741016844     
   193623.02533360105     
   193570.75963460066     
   193578.44589518098     
   193584.25190630378     
   193650.96980736533     
   193557.55590049300     
   193568.80108119600     
   193594.25390917616     
   193686.80120210108     
   193712.08516098908     
   193683.12735650578     
   193606.03618119360     
   193560.53732192842     
   193593.79923561431     
   193586.08093034322     
   193616.53114577796     
   193566.50228457514     
   193563.86254327351     
   193486.39336545358     
   193435.82183174917     
   193396.96068589800     
   193396.01205203254     
   193417.03848142302     
   193403.86793466192     
   193392.16242530607     
   193498.32701519332     
   193519.74897916740     
   193475.39041021859     
   193432.84930352258     
   193377.29269303536     
   193359.10067626988     
   193405.35095528699     
   193433.01126407192     
   193524.60781160343     
   193497.46027677745     
   193392.86338286757     
   193460.39832000312     
   193399.26132595679     
   193353.62809654465     
   193353.00339694077     
   193304.13738674356     
   193238.64488745257     
   193290.34055609436     
   193314.83349323878     
   193302.08419954477     
   193248.14540132813     
   193252.04644729165     
   193120.06104096325     
   193110.81112977839     
   193071.10014000215     
   193078.48364152509     
   193220.87889646675     
   193037.31888515010     
   193058.02766967949     
   193128.37090429550     
   193155.40041225191     
   193120.33613100040     
   193013.80672088076     
   193021.36077114596     
   193031.56973781812     
   193054.71322563113     
   193085.21853542811     
   193005.87163844996     
   192947.10171254905     
   192976.68426185029     
   192964.40761825169     
   193053.88875716901     
   193007.24861557430     
   192989.77833165583     
   193015.07764870187     
   193069.59245637275     
   193034.27822710774     
   192949.53432023473     
   192993.46405214432     
   193012.62250003297     
   193057.69525790898     
   193104.95395475766     
   193122.16339925883     
   193129.95385011635     
   193156.21654912166     
   193032.79274264871     
   192957.12489949033     
   192877.02028819101     
   192911.61677606928     
   192884.76209178448     
   192864.74499711909     
   192858.06055023204     
   192901.94915544620     
   192852.34986954465     
   192780.81821567501     
   192760.73288617833     
   192767.04171829083     
   192990.16863601489     
   192997.88311500673     
   192977.08939359046     
   193070.09362017544     
   193046.37977037550     
   192946.20979698317     
   192971.06754916243     
   192894.04369773288     
   192936.55972047054     
   192947.89040443351     
   192992.91530556983     
   192939.49079213839     
   192974.63648927017     
   192886.26587703213     
   192820.52688882864     
   192891.19699505583     
   192887.73183855621     
   192806.65807779637     
   192714.57942407162     
   192686.15012047693     
   192700.43760352954     
   192667.63926395541     
   192640.04243243902     
   192707.31769741690     
   192558.45262376370     
   192615.65429941899     
   192647.21802983654     
   192571.39201267745     
   192564.85840449278     
   192608.97934810701     
   192584.46735345249     
   192589.51933209819     
   192562.77818986881     
   192628.99724781461     
   192563.63957796386     
   192532.16003669586     
   192546.30742631256     
   192563.17668996984     
   192588.10257225423     
   192500.99307729909     
   192476.70817703696     
   192531.93640844940     
   192475.11023886868     
   192535.85509962853     
   192528.81795573572     
   192589.99881937381     
   192565.23703623645     
   192708.75902486258     
   192553.69833031431     
   192561.38931326606     
   192545.87352641590     
   192570.94231863061     
   192573.55787337938     
   192537.96306150002     
   192457.77339149310     
   192404.21085167772     
   192331.22099938526     
   192355.33130860623     
   192360.90574202637     
   192349.05881973880     
   192408.20115167351     
   192385.67087783097     
   192351.48405950679     
   192306.09997144068     
   192365.79146000254     
   192413.85218584299     
   192372.56586462754     
   192377.16954884623     
   192359.37794599330     
   192420.45887941233     
   192436.38782890333     
   192428.98093222023     
   192552.81605259815     
   192546.06162798341     
   192548.40232845620     
   192372.36541538278     
   192401.17229323889     
   192404.78101353307     
   192586.81696026435     
   192502.83524227544     
   192508.59048973786     
   192476.92261370481     
   192427.00972619292     
   192487.94092018253     
   192473.54091952500     
   192331.35466571435     
   192386.40620074442     
   192349.15570441389     
   192296.05075535734     
   192273.08463041362     
   192317.15797225881     
   192367.86652335108     
   192306.57467201498     
   192245.44638415435     
   192260.15149591668     
   192201.77672377235     
   192174.88069473373     
   192297.41132072877     
   192225.06177478499     
   192201.26179996339     
   192165.04094962857     
   192103.83989510589     
   192124.30927308480     
   192247.04112037781     
   192236.05739873205     
   192174.70601054578     
   192172.34256264192     
   192172.67546268605     
   192219.51690807275     
   192278.78761245817     
   192207.42481353920     
   192222.21645195645     
   192178.86334653833     
   192199.84659545848     
   192192.84307377256     
   192267.77036670613     
   192298.18652998409     
   192195.54145872331     
   192341.10579500126     
   192290.49971784779     
   192223.96753349519     
   192139.79410185810     
   192228.38179170177     
   192243.83063288522     
   192180.52947964979     
   192196.17585181136     
   192135.51617015476     
   192090.09924272852     
   192090.94680196460     
   192007.91231882796     
   192094.38078684121     
   192241.76782162717     
   192198.72339015483     
   192256.54783095419     
   192150.68994518847     
   192104.88350503182     
   192153.46967363454     
   192108.67261738548     
   192116.41349802256     
   192191.81469453289     
   192180.28205975913     
   192115.26857654910     
   192120.28375488770     
   192106.15183041303     
   192130.33003211574     
   192116.41848771687     
   192101.96936705816     
   192132.66517552076     
   192237.80141320388     
   192211.83059887862     
   192182.21334854749     
   192132.92533806220     
   192161.37395342893     
   192087.31696008446     
   192076.95856059701     
   192066.56880438738     
   191905.03791199185     
   191839.18136225687     
   191978.31391758379     
   192052.89365098186     
   192022.84692612308     
   192002.28939831033     
   192004.52376987564     
   191935.10959812408     
   191901.17401735712     
   191929.42982593505     
   191947.84298977355     
   191932.37533916373     
   191921.19669105593     
   191955.84786869539     
   191883.48062525646     
   191753.10015859426     
   191701.33489208983     
   191817.95484113580     
   191928.86819296546     
   191894.48752489302     
   191860.68117451153     
   191790.79434786568     
   191857.27497047215     
   191818.24027387827     
   191975.69009154785     
   191933.50667454529     
   191884.39985794981     
   191822.05303807711     
   191723.10440227887     
   191834.68084525864     
   191807.44845596561     
   191784.35543655464     
   191742.01146121937     
   191798.57772168424     
   191763.44726560442     
   191770.96096493769     
   191768.27727503999     
   191814.26580867547     
   191734.78774711079     
   191760.50021008906     
   191837.19583130276     
   191868.11705364325     
   192008.85267631104     
   191973.53070835889     
   191948.59373171598     
   191969.32139313908     
   192034.51894825036     
   191991.26579857018     
   192064.75803970508     
   191989.53120488225     
   191898.71377249976     
   191900.16319033623     
   191931.22211595101     
   191978.34369060319     
   191953.83390218264     
