   223371.68866358299     
   223372.85769039538     
   223453.11726160932     
   223450.01847281642     
   223508.78552249982     
   223611.16869236238     
   223703.71747509146     
   223648.51486539870     
   223674.17475126186     
   223622.57135537063     
   223532.32884739555     
   223649.99266029272     
   223758.75615246024     
   223824.18888050923     
   223799.86686797848     
   223808.12110028279     
   223825.78749008494     
   223923.08890216745     
   224084.73442980018     
   224083.09693733550     
   224168.48693012691     
   224145.24669829968     
   224174.92553551894     
   224143.66521511099     
   224150.72841524918     
   224254.99586998264     
   224473.74606014937     
   224505.60676026694     
   224595.96947037353     
   224648.89283152891     
   224630.93644671631     
   224729.82454173017     
   224673.61759077702     
   224753.01859450567     
   224756.94666553475     
   224812.67715445615     
   224896.73003983716     
   224942.46093358001     
   224773.27238026264     
   224847.51087095978     
   224891.10652567566     
   224859.41801111773     
   224967.84733698942     
   224963.88719268015     
   225069.27490020401     
   225033.39825560819     
   225205.57683660125     
   225200.99416214947     
   225138.18423133582     
   225135.14044518830     
   225244.61441903893     
   225144.63701515933     
   225157.74942528357     
   225172.39866691551     
   225188.69098737530     
   225321.61814828191     
   225410.78607908275     
   225452.18794932126     
   225488.91709889029     
   225360.40461505216     
   225514.71708709572     
   225526.42413370506     
   225571.95960796444     
   225701.14852083180     
   225591.03264045902     
   225671.71765171003     
   225822.15723042621     
   225811.70783228750     
   225739.27986049137     
   225738.54476256890     
   225755.88419261691     
   225841.81303070538     
   225753.75028498663     
   225779.61374620988     
   225927.56658540270     
   225922.71196625708     
   225939.05634677500     
   225970.14860919790     
   225966.72905142541     
   226105.52661012093     
   226073.70465363027     
   225990.16294396270     
   225978.51166313520     
   226044.37069213239     
   226187.97808929073     
   226231.83438499481     
   226201.17252967169     
   226315.30172826193     
   226327.30089152575     
   226420.21204181685     
   226420.57302473870     
   226524.23147069028     
   226483.51027855949     
   226528.06180557248     
   226655.18776386580     
   226650.35785562373     
   226752.78743123467     
   226769.89187496106     
   226902.34439021727     
   226870.32477798246     
   226886.29268457272     
   226875.20953964625     
   226976.33750640842     
   226982.43412970865     
   227115.43224163685     
   227137.63238779744     
   227153.58347288819     
   227123.03319810459     
   227220.10456583375     
   227245.69399032183     
   227124.67263062121     
   227080.82758362239     
   227084.91361938350     
   227241.92550724506     
   227363.24908813700     
   227345.83519342370     
   227317.00712816251     
   227206.60723616689     
   227311.29604913841     
   227295.54214032789     
   227324.29574195395     
   227328.96466541442     
   227334.76530896555     
   227420.84079654954     
   227393.45708734816     
   227501.51876300349     
   227497.18006837703     
   227417.92839419440     
   227398.54697749333     
   227409.62905063908     
   227391.95244066906     
   227448.77679558273     
   227396.44507704719     
   227484.29327318727     
   227539.70929616754     
   227573.75528178047     
   227686.37110562620     
   227626.70850578247     
   227732.55023158807     
   227737.63205872496     
   227683.75102133155     
   227778.66550252793     
   227842.11949405682     
   227899.68390299272     
   227907.63737114967     
   227901.11855783334     
   227905.41614451032     
   227895.07831423782     
   227800.89497292781     
   227804.81378474075     
   227790.91337288157     
   227857.19747299197     
   227944.98741114486     
   228095.50011242079     
   228157.18620940295     
   228171.83882421447     
   228206.53297840193     
   228185.90551167069     
   228181.32563789247     
   228214.79926899771     
   228217.55156023975     
   228059.71811582684     
   228116.70712370903     
   228238.33630953162     
   228212.68992247959     
   228261.66172353723     
   228330.24172179925     
   228377.23166539363     
   228421.13503585360     
   228497.90671817309     
   228572.87931962922     
   228542.15862211806     
   228542.17874243640     
   228515.99770842443     
   228503.84466758318     
   228576.87973033142     
   228499.28551855596     
   228499.29986254216     
   228427.02002847244     
   228544.49466584082     
   228621.64579627753     
   228605.56943771051     
   228583.10819272610     
   228573.80371511896     
   228736.82132054260     
   228674.85716169234     
   228630.09388245860     
   228690.86164208472     
   228763.45379154832     
   228680.61409475928     
   228653.66564215595     
   228697.86069319100     
   228657.55650146888     
   228613.85472362870     
   228536.20878511918     
   228630.26343435611     
   228664.20416172620     
   228684.14834263368     
   228613.88973642437     
   228771.35070412362     
   228797.57179915212     
   228892.34282493798     
   228969.29640352304     
   229056.31155080267     
   229162.60496142705     
   229110.76872554453     
   229237.06734162112     
   229238.25772178013     
   229209.01469697349     
   229336.42374600878     
   229281.03786685254     
   229218.99139295737     
   229205.49656487073     
   229330.48857189633     
   229345.05386952107     
   229438.22627214331     
   229361.28175437253     
   229440.68269616927     
   229441.65856024879     
   229506.74772722699     
   229494.60127627521     
   229546.35394406214     
   229566.71415773919     
   229547.41904381887     
   229564.51250149874     
   229571.33467947558     
   229470.18361603073     
   229612.22648707221     
   229791.05454867601     
   229771.99560320936     
   229613.27726832652     
   229718.64572534681     
   229610.04060939909     
   229604.34893625762     
   229697.71246819597     
   229540.45977173821     
   229526.93246408083     
   229596.57294240355     
   229607.62603919310     
   229517.57705039042     
   229570.05635235552     
   229639.85643447662     
   229693.93291851299     
   229814.36098239312     
   229829.37399087072     
   229735.89695730919     
   229865.54233658224     
   229864.05628569849     
   229864.73896205178     
   229896.81264318980     
   229938.26137614742     
   229977.80024960794     
   229885.37834459083     
   229890.62965920195     
   229924.95758294570     
   229924.00384144523     
   229954.97247463354     
   229961.42130054068     
   230130.56212182634     
   230156.37347816117     
   230188.95389150520     
   230266.68579619477     
   230175.87306931632     
   230039.27300742158     
   229985.94455171158     
   230070.05750742677     
   230030.59351938264     
   230188.55300211825     
   230336.60039303338     
   230402.97271567499     
   230435.41203279397     
   230421.99926254101     
   230558.86953992327     
   230573.58440228435     
   230491.55741304846     
   230399.74579307402     
   230399.74579307402     
   230399.09035012455     
   230400.64630005063     
   230418.92764218128     
   230269.87329421021     
   230338.09484099448     
   230426.43897299978     
   230453.14650833816     
   230447.89072564131     
   230382.19862235757     
   230306.21446568050     
   230483.86792906935     
   230407.12633882475     
   230433.04428786103     
   230624.08777069428     
   230552.60110521672     
   230538.23468239460     
   230625.32652499675     
   230691.64587491288     
   230617.33944712623     
   230598.22835072447     
   230696.90916765219     
   230652.75930207904     
   230639.94036624883     
   230544.09764023015     
   230581.82198142438     
   230535.63247943460     
   230537.62285636680     
   230597.02263570193     
   230437.35827641492     
   230471.56921659419     
   230443.95793353437     
   230463.37777998764     
   230518.44768212919     
   230631.93465708641     
   230588.25119473878     
   230566.21793623938     
   230552.42451013144     
   230566.24482609046     
   230678.32770151368     
   230607.75305210939     
   230672.45507209012     
   230655.17211543603     
   230730.51125375455     
   230732.95899120989     
   230714.04893765255     
   230579.40471665005     
   230693.04930896524     
   230746.10471948172     
   230716.34060961331     
   230725.06001911632     
   230826.30930828417     
   230825.50455513757     
   230805.52184055772     
   230847.09372980619     
   230828.50638986623     
   230873.75581602985     
   230949.53270835744     
   230975.70221748168     
   231012.43419701653     
   231036.82995556775     
   230922.75089481813     
   230851.88648804009     
   230956.94602156462     
   230934.47052469163     
   230953.20253649700     
   230963.26001772229     
   230947.31183746949     
   230977.62661238029     
   231047.11915430104     
   231019.97894423996     
   231061.71756226555     
   231102.61084634144     
   231126.37877536743     
   231179.30904495824     
   231180.37278159487     
   231218.02890075362     
   231175.58122551753     
   231112.37961361933     
   231082.77890507155     
   230996.88195599953     
   231082.44145092153     
   231044.91739748290     
   231048.32457886488     
   230987.20370582218     
   230856.48387917003     
   230857.79401289343     
   230933.02624649424     
   230767.54125203652     
   230702.99155645038     
   230661.87918033564     
   230670.63204481642     
   230635.61357281916     
   230650.35541213854     
   230630.05793638903     
   230685.43704088981     
   230730.88571567702     
   230676.97043316811     
   230751.58723525685     
   230747.18976596111     
   230741.37036460312     
   230681.16535578846     
   230813.24787757322     
   230820.30190605449     
   230899.04377897386     
   230880.72200610579     
   230895.68852076880     
   230888.86520697770     
   230908.80999987258     
   230857.94622747294     
   230923.37257029835     
   230865.62669435653     
   230877.71249821369     
   230923.89292878931     
   230890.73784359713     
   230841.65522070415     
   230767.57919763972     
   230724.56345642597     
   230753.48215191817     
   230762.41903908888     
   230699.49039662100     
   230732.17612500853     
   230649.18606424110     
   230456.47799398549     
   230530.18101815705     
   230611.98128013723     
   230489.65221466296     
   230414.73074713792     
   230382.28413825072     
   230259.74950349913     
   230180.03907083225     
   230100.51806689129     
   230151.69606343715     
   230192.12886003440     
   230182.65833852018     
   230128.20085901927     
   230053.59384109057     
   229965.15981787772     
   229898.31704492753     
   229785.19716138847     
   229776.18812022955     
   229752.04374720727     
   229685.91152199710     
   229642.80030904379     
   229645.02242386714     
   229645.50934721105     
   229653.82071667019     
   229673.98901493833     
   229662.63488280075     
   229566.33989447422     
   229516.84530816865     
   229440.49847150740     
   229434.30580641297     
   229560.82490129635     
   229460.81382434504     
   229418.19245843968     
   229395.74521066397     
   229339.27210420746     
   229307.31720738605     
   229198.73304823090     
   229110.20890040204     
   229114.03001079499     
   229079.99123501315     
   229041.63097235683     
   229083.58586647341     
   229025.38733602801     
   228979.13408128594     
   229002.93281902297     
   228967.62795826493     
   228971.78738012564     
   228816.81670687071     
   228852.87949150233     
   228930.44215374190     
   228846.07271307550     
   228847.06643072516     
   228779.29828373645     
   228764.70093485177     
   228788.65073773271     
   228714.05381134510     
   228621.39420888605     
   228454.92177155116     
   228518.30151273348     
   228515.90054101846     
   228503.90939750400     
   228427.16686466080     
   228377.90506908955     
   228297.00746184788     
   228332.60790290756     
   228331.83342946332     
   228228.66615015280     
   228196.36330088734     
   228226.73650237708     
   228173.97743718617     
   228166.87947592727     
   228105.30049260784     
   228208.99234922996     
   228167.81821798079     
   228117.29124869872     
   228092.11289917040     
   228048.91253936148     
   228037.47058307071     
   227971.25212533731     
   227971.96019653635     
   228044.34802541675     
   228045.98397964844     
   227932.97930313656     
   227968.68311334448     
   227889.54611400308     
   227936.63432446748     
   227880.27283165115     
   227883.37752115514     
   227726.16271787873     
   227774.64348067596     
   227755.40483324893     
   227806.71505739784     
   227747.56259654809     
   227804.95990493847     
   227824.05543712081     
   227785.52843980811     
   227775.14614154299     
   227720.29787515322     
   227769.57165746632     
   227812.03473710868     
   227744.94051232404     
   227743.38384990767     
   227757.64637722381     
   227772.09423641465     
   227733.31146581890     
   227662.95580254961     
   227584.10949189990     
   227597.49206047814     
   227604.35986475414     
   227607.84983333314     
   227641.22706115927     
   227665.11960232782     
   227623.03527871458     
   227511.37818316137     
   227438.19366783698     
   227379.06413749582     
   227431.64766655554     
   227344.50672049887     
   227349.32948871612     
   227265.70857960830     
   227213.74634550029     
   227168.62698193628     
   227206.11117528306     
   227270.13212790608     
   227231.02351209236     
   227189.12537827925     
   227178.54800015749     
   227052.40026413623     
   227031.34814531473     
   227068.99316462417     
   227104.90678903271     
   227117.26006441924     
   227116.01168208168     
   227061.19900688410     
   226947.10081360771     
   226977.07031853261     
   227005.22693542484     
   226997.38542191219     
   226994.52376662361     
   226968.55705245497     
   227033.32698066998     
   226980.66143238306     
   226960.40880125487     
   226796.61552436172     
   226871.52509765662     
   226965.70350102073     
   226968.07820324457     
   226980.11648109616     
   227049.08740382397     
   227036.24425728049     
   227138.22282558581     
   227134.80149261554     
   227104.55504256743     
   227049.08697685774     
   227013.50462794051     
   227082.91116888198     
   227034.29496883642     
   227055.19266303405     
   227065.23816635634     
   227088.57332148851     
   226948.49889523862     
   226979.17382175548     
   227014.25450909618     
   227046.69566426997     
   227037.01708248840     
   227099.00131439563     
   227132.96089708302     
   227108.09043257072     
   227118.16977465429     
   227147.26745415965     
   227224.66334814118     
   227088.25018993430     
   227041.18888542274     
   227052.12415597160     
   227062.14204099422     
   226989.38138679793     
   226878.05578547213     
   226956.06550032552     
   226953.54099790214     
   226849.27102723895     
   226862.13135875942     
   226887.92615162767     
   226820.36290188663     
   226781.91529634438     
   226807.44543319297     
   226831.52347534362     
   226853.23007459505     
   226852.10220208115     
   226849.38998360146     
   226829.52667158708     
   226846.08884846984     
   226788.67966146104     
   226691.98867703800     
   226784.62128203700     
   226835.04510883306     
   226793.84378260901     
   226699.84511923729     
   226729.07782122926     
   226619.72194509197     
   226579.73455386725     
   226569.64954288115     
   226493.76538241832     
   226515.22198525531     
   226588.84307658748     
   226625.90797853709     
   226640.37972475358     
   226606.89366277368     
   226484.47977584606     
   226378.61715391022     
   226312.28351659430     
   226370.27111960034     
   226378.42014157097     
   226388.48697424264     
   226315.63703436946     
   226247.51877330808     
   226311.88566390271     
   226378.27915785252     
   226347.52437649679     
   226206.63235049712     
   226102.66938895354     
   226326.73463048972     
   226332.94252799411     
   226308.89020041388     
   226162.15618710895     
   226152.04142377016     
   226086.54898708372     
   226088.96253580941     
   226042.87846099233     
   226037.10267697109     
   226127.57993544030     
   226161.83836921011     
   225975.31525840479     
   225948.56065323192     
   225874.08210542207     
   225920.00140443075     
   225830.31609949324     
   225804.17813408934     
   225786.35982386197     
   225808.51752049546     
   225739.02068207896     
   225778.60648732007     
   225852.29611924593     
   225701.01817579826     
   225664.28285249951     
   225657.92604141773     
   225639.58032072877     
   225607.50159007910     
   225522.54871065123     
   225501.18141563013     
   225638.40022235754     
   225633.85682275315     
   225638.46938354129     
   225638.51170486474     
   225625.29956630259     
   225657.20837774710     
   225555.78839613436     
   225715.09474423554     
   225636.05118685626     
   225680.89359499508     
   225759.99707630617     
   225681.15545020357     
   225757.48787504825     
   225765.56394161715     
   225682.65579707338     
   225578.25002681892     
   225554.59591182563     
   225597.19598771213     
   225820.02171867300     
   225769.15507414623     
   225659.89843086799     
   225618.65330615707     
   225668.40295205940     
   225773.60074848111     
   225738.35018499679     
   225858.52927328716     
   225766.08675599255     
   225771.44893870957     
   225618.48824128389     
   225593.37729526113     
   225426.67506212922     
   225423.60382891499     
   225564.93633572099     
   225542.12080993023     
   225613.53967151931     
   225469.81906443005     
   225494.15300816204     
   225389.49947833148     
   225475.32661369164     
   225472.33450323265     
   225414.52769184427     
   225381.92438836215     
   225403.75246736355     
   225378.27837923489     
   225309.09817845642     
   225326.30423679948     
   225284.29893520984     
   225212.75360143633     
   225321.04657299048     
   225207.38182905773     
   225191.09169544518     
   225196.97269909707     
   225304.95582980171     
   225151.54527853071     
   225148.61871658693     
   225277.34053982914     
   225304.15793983845     
   225276.79776675859     
   225312.93445782375     
   225276.53565148916     
   225305.28231951990     
   225381.45361973802     
   225389.53718025898     
   225301.35504503467     
   225376.28838732245     
   225350.71789063708     
   225291.02542306468     
   225267.14225893590     
   225247.64064554515     
   225285.12886223951     
   225229.11820792535     
   225191.97171743342     
   225224.81807586041     
   225301.59892938714     
   225192.98296376568     
   225169.34873898199     
   225142.18064474067     
   225186.56729470269     
   225301.50414446852     
   225224.55180471393     
   225278.83069925144     
   225252.98843955295     
   225116.27669783353     
   225099.65610840058     
   225093.38805050385     
   225088.61335646221     
   225150.88100148790     
   225142.28816329833     
   225081.19304901123     
   224974.16062888099     
   225011.54988814847     
   224949.89146028602     
   224923.24110191542     
   224995.78885581359     
   224921.80495187821     
   224946.24082265259     
   224842.28014485011     
   224890.07185871227     
   224793.19649125531     
   224817.17290458566     
   224783.26540051226     
   224789.04366571293     
   224750.52100606836     
   224658.83162270254     
   224605.87136396646     
   224530.68948604673     
   224637.04472574723     
   224648.38643865418     
   224662.09311969185     
   224719.11351488647     
   224703.95663785614     
   224741.86889356314     
   224591.97987887068     
   224622.17740056050     
   224696.77817495228     
   224679.02680121493     
   224539.04374682892     
   224661.81312697619     
   224655.88810041908     
   224695.42824312014     
   224729.87046322896     
   224752.29148154083     
   224712.52867570729     
   224723.19359944580     
   224770.82105849526     
   224657.88745658792     
   224683.99425158271     
   224600.43199180404     
   224557.47516552723     
   224639.72343074568     
   224648.16714537900     
   224532.85928507135     
   224555.86242116735     
   224472.28670831365     
   224442.85791568379     
   224417.63451183337     
   224442.36250121475     
   224404.55782662425     
   224465.95450441795     
   224516.92226231104     
   224399.30706183004     
   224508.30680347950     
   224390.02111311571     
   224455.44490933057     
   224392.80100152781     
   224458.00723308773     
   224398.61379570438     
   224350.85083919979     
   224214.34262514074     
   224197.27446603903     
   224272.37109152332     
   224200.99127074328     
   224227.03970380494     
   224230.93227040480     
   224182.86490923364     
   224266.69943580910     
   224208.97488066682     
   224272.24109513141     
   224293.91429959176     
   224343.24537511842     
   224269.63626353719     
   224242.28413408026     
   224153.09267355426     
   224169.80344862660     
   224213.27573749918     
   224229.38630023971     
   224203.84249218449     
   224355.10763008133     
   224279.28169157731     
   224337.54311460967     
   224374.69523789492     
   224332.41978502111     
   224321.10461074312     
   224322.20841195821     
   224318.76960465559     
   224235.39994965590     
   224170.82773996834     
   224130.91873130939     
   224060.38947992967     
   224058.81383781787     
   224087.59278222101     
   224102.49736850715     
   224103.96211599291     
   224220.66523273761     
   224110.58358078357     
   224079.54267907879     
   224286.20506951862     
   224266.46884238618     
   224275.77258781830     
   224344.56363089848     
   224258.96966507012     
   224239.35581596161     
   224238.24042309501     
   224188.64941879665     
   224245.39042785473     
   224257.53450340248     
   224382.29507854400     
   224316.40740834599     
   224330.85622066868     
   224275.90586533010     
