   237621.74904454916     
   237621.74904454916     
   237469.43511011175     
   237275.29889810845     
   237193.51423516529     
   237073.79620264689     
   236896.93529681754     
   236748.20837558684     
   236745.23051343040     
   236599.73538039555     
   236459.32817335604     
   236266.58994219362     
   236252.67790158340     
   236048.70185561382     
   235934.58008164039     
   235895.85938431119     
   235678.98741483662     
   235545.35338752353     
   235500.94732881460     
   235228.03153886294     
   235198.94169848537     
   235032.04354313650     
   234934.82575196313     
   234820.37808010034     
   234737.84197817268     
   234652.63203796741     
   234495.19984854318     
   234342.90018199384     
   234274.50924371564     
   234177.69227997237     
   233980.75852342712     
   233853.57976928481     
   233919.26266100508     
   233882.27292005002     
   233838.65759418253     
   233758.44263352873     
   233761.59113572960     
   233675.85586513137     
   233502.00779677066     
   233405.75850909052     
   233408.27600175623     
   233402.63462610220     
   233343.72427492731     
   233227.87040926158     
   233072.45666289993     
   233074.86862732834     
   232991.13758049824     
   233001.48084323242     
   232844.06225492881     
   232713.60858757125     
   232683.69859187899     
   232601.79434784414     
   232537.28011462430     
   232439.87229389293     
   232404.03278010045     
   232339.09354872201     
   232301.28979085613     
   232283.93391768329     
   232330.16216439212     
   232246.84322434585     
   232193.23858105452     
   232131.02625246884     
   232096.74582165974     
   232015.79223231931     
   231962.79269471229     
   231924.72467661527     
   231826.33329212977     
   231816.73258014006     
   231614.94039253992     
   231551.02683217719     
   231533.58016899109     
   231533.14936027137     
   231367.54887710148     
   231266.86281611660     
   231220.26279410126     
   231111.70584642870     
   231079.76552651948     
   230951.20378555061     
   230984.34053362365     
   230895.65362997042     
   230875.04667858599     
   230869.68072601024     
   230945.09561610193     
   230925.25501828230     
   230877.10123769238     
   230832.15747297683     
   230723.18181451107     
   230587.01069961820     
   230540.88953486155     
   230488.31426564037     
   230486.46562023030     
   230415.04933543480     
   230342.66935090136     
   230198.55917136924     
   230120.62267224726     
   230037.88947334781     
   229992.34147195838     
   230038.83192232164     
   230028.10866648899     
   229931.28763518456     
   229914.64038685476     
   229930.69794474184     
   230019.24258855896     
   229956.08314694266     
   229883.45669881528     
   229786.14257260601     
   229746.18446042991     
   229675.42953746233     
   229741.25722853444     
   229697.63919631057     
   229732.18443841240     
   229710.14643641489     
   229667.57260405028     
   229663.56579714394     
   229691.76737167410     
   229653.99187992862     
   229628.61406445410     
   229588.94884571180     
   229584.51983961969     
   229456.78566763276     
   229346.09344132384     
   229279.42490960992     
   229187.68404341344     
   229286.54157599766     
   229293.01312914444     
   229243.76652015070     
   229363.12548626741     
   229230.75459488257     
   229169.61181170846     
   228981.25739573251     
   228974.73093517931     
   228950.61113494253     
   228935.80147420589     
   228892.46916475848     
   228787.35472172496     
   228822.55255911342     
   228723.33353603684     
   228628.83202001246     
   228643.88127969683     
   228705.43061454024     
   228618.23806085007     
   228456.50839379049     
   228415.97423034796     
   228404.75727541509     
   228368.36417251057     
   228367.43860551427     
   228396.03606395918     
   228429.65193260947     
   228327.41769640183     
   228384.74309429649     
   228346.88131161284     
   228263.69289667052     
   228353.75016166631     
   228357.91201240622     
   228334.89401164491     
   228380.77166237746     
   228366.01123636516     
   228232.08473440711     
   228105.05099398014     
   227925.09743349449     
   227975.22452926106     
   227997.96404133493     
   228066.78047068775     
   228100.49212132909     
   227969.00445371150     
   227859.93105160905     
   227911.52420022275     
   227743.71839177239     
   227721.13991629850     
   227691.66333335909     
   227638.51533015253     
   227554.70726942318     
   227552.18034684239     
   227547.53152937023     
   227467.40947999861     
   227602.59193335602     
   227506.38387715581     
   227531.23530387570     
   227519.38448631985     
   227536.56527776545     
   227486.19442211691     
   227501.76062434219     
   227446.62424531559     
   227464.82427375941     
   227384.13282124806     
   227528.84562993891     
   227446.68746548420     
   227355.71267914172     
   227364.45195148973     
   227350.25372222534     
   227363.20344682384     
   227177.71729927658     
   227063.26696507432     
   227088.79001368227     
   227132.54907003668     
   227170.73040160711     
   227001.60442284448     
   227028.45712127612     
   227000.78458779768     
   226967.55748909680     
   226969.54292480199     
   226917.76522304461     
   226929.82819144530     
   226847.26013352870     
   226814.90653754288     
   226808.48614828257     
   226815.51306079386     
   226808.34230396696     
   226835.96215330967     
   226834.63635185407     
   226885.94233919118     
   226823.33576248685     
   226891.92908000693     
   226934.75198398755     
   226788.37834674594     
   226795.45396088529     
   226812.64575099424     
   226631.26620205221     
   226684.76782413275     
   226592.98946768011     
   226481.78494421521     
   226518.21777003529     
   226577.78889470675     
   226609.71631603464     
   226647.12125052931     
   226510.21051024646     
   226492.29754082166     
   226557.78534076214     
   226550.75283622902     
   226411.83329215099     
   226445.29199408164     
   226322.46822788409     
   226317.50397426076     
   226318.62696750861     
   226243.00911508387     
   226292.86822206492     
   226243.50809397420     
   226212.25235991710     
   226143.17144192135     
   225998.75395568117     
   225957.41446312645     
   225991.77193297874     
   225947.69458186100     
   225967.83173481864     
   225887.59935111261     
   225854.19980582918     
   225923.24052108501     
   225864.90725352810     
   225847.29859672658     
   225969.06334104386     
   226135.01795514286     
   226014.33335336964     
   225898.98988301735     
   225904.50213732218     
   226032.63538446627     
   225987.16569414709     
   225931.42029374567     
   225943.71114801799     
   225980.62858658007     
   225821.29829381063     
   225862.61802266564     
   225821.59035677722     
   225892.26585088810     
   225788.40744201228     
   225755.15352061481     
   225779.21515655273     
   225758.05336329067     
   225731.17198625783     
   225670.09353743782     
   225587.14649420916     
   225665.83396384105     
   225777.75001785700     
   225675.73215324720     
   225554.13053905332     
   225585.96732409825     
   225521.47689892940     
   225566.14964205254     
   225659.65037748904     
   225820.12018141084     
   225818.74910998560     
   225818.74910998560     
   225804.09212178766     
   225795.31789861579     
   225838.15578547172     
   225739.47237894486     
   225594.60957376665     
   225537.17649697189     
   225544.94456198419     
   225488.36955239883     
   225430.61665092548     
   225471.01136447871     
   225436.73257198645     
   225373.09970494543     
   225376.13510310589     
   225309.59366910357     
   225422.66645847730     
   225271.22178803408     
   225121.80945118162     
   225203.85678452210     
   225192.97247071163     
   225198.61228417695     
   225234.86050374937     
   225265.68857666804     
   225248.30255469511     
   225209.15281422515     
   225316.58680121065     
   225301.18437200910     
   225397.66960971020     
   225552.60818675093     
   225461.29202044831     
   225505.80875217950     
   225479.41479078875     
   225415.34155323319     
   225447.37511985662     
   225460.15246206772     
   225411.71335300693     
   225324.63790443906     
   225226.45402287171     
   225296.86878282769     
   225249.74277528090     
   225166.86207379575     
   225049.35343749708     
   225075.32195094702     
   225005.35252444504     
   224941.31147789644     
   224871.12909731254     
   224818.47370147472     
   224752.58709927477     
   224849.62727662420     
   224834.46049877588     
   224737.14025526913     
   224645.45229667987     
   224576.61560609937     
   224609.24371698120     
   224554.19533085646     
   224510.12433915510     
   224546.96514480651     
   224377.35101957843     
   224475.44053300112     
   224370.15737953514     
   224410.26405869660     
   224274.57952371173     
   224405.04896489353     
   224412.98535301132     
   224390.53952418271     
   224264.30267819465     
   224312.95335149756     
   224226.11455472428     
   224205.31274411533     
   224234.62575054413     
   224264.26238477719     
   224114.27188991447     
   224152.61910928736     
   224150.11223080725     
   224126.86719351099     
   224221.44291125381     
   224207.42301374316     
   224009.23510461237     
   223986.08685583563     
   224100.04547281659     
   224166.55600213580     
   223927.53693639961     
   223883.73450141217     
   223910.60313863368     
   223966.62253704251     
   223950.36873825127     
   223968.68431189028     
   224016.70265889994     
   223930.50894805175     
   223979.64386674296     
   223955.81983559829     
   223910.68829483257     
   223990.95301477588     
   224055.89463193907     
   223993.14633358357     
   223910.01763510477     
   223909.26911119572     
   223966.07538742118     
   223923.71404536004     
   224070.74671295873     
   224112.38714780580     
   224150.80209328054     
   224064.40545671171     
   224080.26959551132     
   224049.46804682718     
   224076.50780986130     
   224042.01506748039     
   223990.54050765396     
   223941.47735842562     
   223972.97983273980     
   223852.87241959496     
   223774.25884212236     
   223769.85343908324     
   223925.48159254435     
   223825.33474183895     
   223774.69603099884     
   223793.38673341065     
   223856.45394521198     
   223816.26488024899     
   223769.52027111370     
   223801.66855624400     
   223744.16610221466     
   223743.13368213878     
   223681.47768147528     
   223582.90623507655     
   223554.47426723494     
   223632.73914073312     
   223581.17574594921     
   223453.42995969925     
   223363.78068816502     
   223388.47763234816     
   223378.77223911608     
   223427.98537648903     
   223388.88237153829     
   223387.07614604384     
   223417.22825273935     
   223441.56283261575     
   223437.64062111158     
   223302.59810050135     
   223316.36514521987     
   223295.03182422751     
   223259.88164286569     
   223221.26070395374     
   223173.43359428458     
   223168.31448597906     
   223126.18537354539     
   222997.76853311638     
   222998.22517478370     
   223183.95127403471     
   223126.95808489426     
   223055.55780253143     
   223036.96988534532     
   223072.15315819171     
   223184.80446924857     
   223198.56955051018     
   223172.69207019857     
   223152.07308534335     
   223145.62929782033     
   223048.40013441051     
   222936.04190457554     
   222930.84427426112     
   223025.82512170111     
   223029.47928096988     
   222973.69571530147     
   222949.32459180919     
   223017.82867779158     
   223031.21001567043     
   222905.08240975757     
   222958.15219694612     
   222889.16254169837     
   222910.82050771266     
   222964.65226226352     
   222808.38195392690     
   222895.83616243658     
   222918.60996475254     
   222719.50510432397     
   222843.41071391592     
   222814.87832997783     
   222924.71013374950     
   222906.76529500421     
   222942.24711640045     
   223014.39595597176     
   223000.36331886798     
   222973.34328626364     
   222858.35669677489     
   222819.47720966325     
   222830.46278138011     
   222882.54399361619     
   222907.16947087159     
   222996.34660019772     
   222876.57818950509     
   222888.59554365062     
   222842.93980547274     
   222897.98144063781     
   222936.37695710643     
   222762.35248167854     
   222859.59054050629     
   222824.68757747955     
   222836.91235605837     
   222760.83660672541     
   222767.47501375570     
   222709.59948881550     
   222722.40741258493     
   222704.94980844451     
   222703.12922520979     
   222707.09628571561     
   222712.05630344202     
   222616.17949934179     
   222541.18202055356     
   222525.25141599201     
   222558.87833240346     
   222658.73276909019     
   222647.11151869819     
   222529.96691459589     
   222490.38726743433     
   222471.58392780993     
   222600.29085438669     
   222550.05058600716     
   222529.35775921796     
   222457.14395579285     
   222455.58392083395     
   222450.24444802804     
   222448.49408520031     
   222493.40029838335     
   222435.20560146298     
   222393.88313527277     
   222404.13961665338     
   222456.03787779793     
   222559.35306122061     
   222530.49143207981     
   222557.16287776595     
   222558.76935420887     
   222557.54261065758     
   222574.42158575618     
   222673.52570412448     
   222652.78243144549     
   222621.34243558580     
   222659.91842855921     
   222710.26646104464     
   222712.58726509672     
   222650.41498436770     
   222633.02341526706     
   222604.18866578961     
   222619.03817267547     
   222499.05805050646     
   222518.35464645151     
   222553.07026969601     
   222454.07777797923     
   222474.38372215437     
   222514.38058748038     
   222543.26575101176     
   222524.81334047689     
   222571.88480959809     
   222516.41498503258     
   222577.94359999287     
   222559.50404693483     
   222562.50697448372     
   222538.72051532794     
   222457.13180760914     
   222499.15867963142     
   222436.17679253645     
   222495.80727603525     
   222498.88372263123     
   222595.93147512156     
   222577.56028297869     
   222585.27535063651     
   222611.80370980807     
   222500.85276343886     
   222500.25779694703     
   222332.89848783612     
   222430.68165897476     
   222520.05163716580     
   222565.97055195222     
   222562.31076986479     
   222562.74675593103     
   222563.87262548963     
   222718.46588097140     
   222661.58092042230     
   222667.85754894538     
   222656.68861290769     
   222608.69966793514     
   222670.95026677512     
   222797.38084780419     
   222760.10949009605     
   222740.57429679576     
   222780.53484516061     
   222738.95692001024     
   222670.28881656789     
   222729.97675276606     
   222735.43068233115     
   222835.52578836717     
   222848.89846352639     
   222773.96696887587     
   222674.36611447649     
   222675.51660496020     
   222688.17047585608     
   222718.14511849303     
   222610.16442710097     
   222619.07963435672     
   222704.16807736258     
   222797.93005448297     
   222852.27116896902     
   222884.71115478460     
   222822.99947464280     
   222767.01209916055     
   222782.31165939409     
   222832.06955285458     
   222764.58242332516     
   222793.74095094300     
   222702.39731178150     
   222814.68242040262     
   222724.49634043218     
   222637.36930295979     
   222653.69540635767     
   222678.30173592662     
   222689.34965130745     
   222748.99433280076     
   222637.01259063993     
   222727.70712894105     
   222785.04394746010     
   222816.39518813387     
   222789.90191790328     
   222834.41679145704     
   222812.77304980493     
   222834.96504418371     
   222890.08738394623     
   222865.15694037493     
   222960.87598698318     
   222921.61151785162     
   222970.29867945873     
   222904.41529346723     
   222906.37570315201     
   222877.91777335512     
   222824.94874277158     
   222881.41262372461     
   222779.71332086201     
   222760.80053047874     
   222847.32394228701     
   222839.08742863889     
   222827.11427918536     
   222767.04711991324     
   222900.64878617402     
   222769.10669886781     
   222760.66725598165     
   222660.29263321581     
   222672.34126118931     
   222709.70827038170     
   222753.25679906289     
   222793.88250921830     
   222818.06923157562     
   222836.26893053472     
   222845.25031737180     
   222879.30792458652     
   222764.86635734898     
   222782.59103854568     
   222696.99250700677     
   222610.77986366072     
   222681.08270927347     
   222799.94133654976     
   222717.86776413370     
   222929.36809683760     
   222888.60132940183     
   222835.89261899790     
   223004.21125254748     
   222898.73783545676     
   222872.21584477558     
   222799.35894683411     
   222867.19117479483     
   223003.08793569254     
   223048.70496098144     
   223113.72386957789     
   223028.53302837844     
   223064.57160111942     
   222999.17084978410     
   222937.13826334011     
   223013.69249089246     
   223105.94872612483     
   223089.80076102278     
   223019.57080453623     
   222998.52975437316     
   222955.75924851716     
   223108.02344338532     
   223016.99328541133     
   223200.84569834711     
   223271.09225311823     
   223373.93181190433     
   223397.87378685208     
   223392.52601899742     
   223371.40528233966     
   223344.73203226924     
   223475.14835164713     
   223505.40362664795     
   223613.53392079251     
   223579.83391089865     
   223620.55148923973     
   223702.59021548857     
   223744.38749343206     
   223724.38686105591     
   223706.41413632236     
   223707.90282193350     
   223747.95070692673     
   223639.33006623574     
   223532.61653453257     
   223385.19619627291     
   223449.40213168116     
   223474.82793488083     
   223448.97739286046     
   223454.05672131688     
   223505.66311830215     
   223541.87286706275     
   223597.12882893323     
   223575.28625199548     
   223537.04962584467     
   223637.78350800034     
   223657.21509546626     
   223739.00573429628     
   223663.32162371336     
   223665.95797950070     
   223599.67273786452     
   223697.36886965373     
   223783.72800406037     
   223789.17852575501     
   223776.46092315472     
   223878.12608638080     
   223755.73731149209     
   223890.72467968872     
   223928.70749981899     
   223888.68126618696     
   223817.80555564567     
   223766.78555487934     
   223660.57207452031     
   223786.89264552409     
   223876.94759461694     
   223918.26705936174     
   223874.09618304009     
   223831.36959114778     
   223848.68946888964     
   223947.55310898862     
   224084.56462217410     
   224001.58338782802     
   224010.49007973939     
   224036.62622195968     
   223971.22873879058     
   223982.11644617066     
   223940.75131640877     
   224006.79506839093     
   223968.39847631188     
   223868.54861680412     
   223910.38944070219     
   223937.59220944994     
   223998.18809966173     
   224040.03162681844     
   224118.45108134701     
   224012.51681133706     
   223976.00185246288     
   223863.72538773311     
   223856.59307999650     
   223789.67767601108     
   223772.63353504322     
   223807.07602130383     
   223787.03242066118     
   223781.04910673920     
   223831.27548047193     
   223698.61288593023     
   223689.99111436034     
   223667.25641548476     
   223675.79078308126     
   223670.05345774014     
   223579.44619430805     
   223583.42706212803     
   223628.44995456259     
   223547.97404430740     
   223544.33705662441     
   223494.67382517300     
   223458.20187450649     
   223562.18711123455     
   223491.61535379427     
   223623.84069804210     
   223429.78653499877     
   223507.40847595313     
   223481.53689744213     
   223560.45475413720     
   223510.80852491915     
   223456.95260095818     
   223465.63492095962     
   223499.08853102219     
   223433.80153635656     
   223361.04011743242     
   223258.11435220478     
   223218.28647778553     
   223195.31257552427     
   223086.18687888386     
   223133.85622960917     
   223301.30880785192     
   223274.91181896545     
   223210.89880040946     
   223215.60721800133     
   223151.79457620194     
   223223.49916230532     
   223309.51334026785     
   223324.88275138149     
   223236.02632965700     
   223205.21140669330     
   223293.06563509020     
   223354.77933478326     
   223368.86681568332     
   223185.04152787180     
   223185.60239220154     
   223257.90491051896     
   223167.15263153444     
   223179.37185560787     
   223160.98597577089     
   223224.54141511445     
   223105.97215170844     
   223078.60901580588     
   223116.10712063150     
   223061.00829916180     
   223067.63753141501     
   223076.68752377501     
   223067.42811146216     
   223141.30720429015     
   223097.35463649136     
   223132.63937683383     
   223084.62322064090     
   223059.48025904226     
   223137.40455724514     
   222994.19243098007     
   223027.52997609731     
   223166.43814871815     
   223076.75675921430     
   223025.88946346712     
   223040.81823437405     
   223065.40977090772     
   223007.36171170115     
   222880.06198354744     
   222900.48828040471     
   222785.42950436394     
   222792.09196342743     
   222803.68614434265     
   222858.90652695124     
   222754.60410896619     
   222815.84279818044     
   222791.42099802484     
   222808.58286407459     
   222833.33493174679     
   222927.74050729815     
   222937.35724531265     
   222983.56165026748     
   222769.86127720700     
   222707.06853494764     
   222787.80184025763     
   222789.48384460295     
   222753.97361156961     
   222783.36230065493     
   222851.40132495435     
   222869.79163996447     
   222763.36629763403     
   222772.98209012393     
   222702.66998173911     
   222595.60991656920     
   222529.93543245949     
   222583.95129734924     
   222652.10941536792     
   222631.71056821459     
   222705.00981766675     
   222717.40899044700     
   222538.99143326777     
   222501.06684676366     
