   921372.36340761010     
   921371.91470307449     
   921413.26798982860     
   921434.42082643055     
   921345.99480586883     
   921317.80109674775     
   921444.97681681765     
   921479.38437783974     
   921540.63555707806     
   921448.04347834701     
   921453.14632538985     
   921480.15407980501     
   921618.91756931308     
   921647.29971871548     
   921635.43286013533     
   921562.45015628601     
   921651.62344212865     
   921553.45510222705     
   921543.45655600284     
   921528.52971348562     
   921534.52048026491     
   921477.39994406060     
   921435.04690581770     
   921384.18922336178     
   921317.41984166752     
   921345.84194428439     
   921398.62027753063     
   921378.96699403157     
   921320.92326011288     
   921253.93706078373     
   921316.48834463221     
   921385.01738871448     
   921508.26265832805     
   921518.40127959999     
   921534.37933478726     
   921566.21574420191     
   921632.65048948023     
   921646.40841150237     
   921720.69740698300     
   921720.73428393761     
   921586.00292790972     
   921494.46696840075     
   921463.44106190046     
   921452.42819368432     
   921428.32412246650     
   921510.37735741283     
   921493.78753505892     
   921642.15519845404     
   921581.32731371548     
   921501.75504197530     
   921530.70509437250     
   921486.66743989766     
   921480.43752975634     
   921647.95475230168     
   921588.80878817115     
   921578.85722810961     
   921575.20777824149     
   921619.51791884867     
   921625.67267092480     
   921709.09220008668     
   921743.07738776016     
   921922.87425408140     
   921844.99128221627     
   921896.94733307732     
   921963.79951538332     
   921985.21648311475     
   921889.47655117651     
   921899.45426290447     
   921965.66428705503     
   922031.54151189874     
   922012.06952871219     
   922029.46504056733     
   922016.69280013163     
   922000.24459632952     
   921985.97881993593     
   922049.86245171132     
   922001.82758791873     
   921973.40436399786     
   922039.36801794870     
   922017.82590788323     
   922012.98285189946     
   922105.49720882927     
   922031.62041215785     
   922043.41015065124     
   922001.41153463838     
   922031.68058688194     
   922173.78672022885     
   922174.77336686885     
   922149.39499366423     
   922130.20261844702     
   922138.66789262835     
   922124.45578911819     
   922033.72227473347     
   922011.54329346726     
   922147.66027734173     
   922077.48292674567     
   922007.75729241595     
   921994.33916994894     
   921938.47081490315     
   922114.78606285644     
   922173.75633874896     
   922157.51360781991     
   922208.65010169765     
   922203.46951597976     
   922103.04660301574     
   922083.83254322479     
   922128.41188175348     
   922217.98137575341     
   922092.59890207497     
   922056.46358197671     
   921964.49127448187     
   921943.39815638156     
   921865.47626939730     
   921929.77536637138     
   921924.47208939283     
   921892.51231435617     
   921868.59432169818     
   922000.99140246073     
   922006.52797103464     
   922056.09181275533     
   922108.81806736661     
   922162.21623282856     
   922132.35804357741     
   922258.85797437921     
   922181.87888663926     
   922206.33766638453     
   922238.62606982212     
   922172.86132406711     
   922185.06979231059     
   922124.76812440017     
   922136.25571645703     
   922177.44073210913     
   922196.65583329287     
   922174.45339349529     
   922204.85255445703     
   922176.62187486759     
   922269.77804407966     
   922427.60561967152     
   922484.53089689428     
   922531.83055165841     
   922442.62762648589     
   922404.57713141188     
   922480.86345849733     
   922458.00590912788     
   922497.18378405285     
   922390.68317597208     
   922197.69623544696     
   922216.25074424350     
   922228.43645564432     
   922319.68317473365     
   922327.71325543011     
   922245.89227269311     
   922259.74027420627     
   922282.67505156004     
   922236.58865423850     
   922294.11018880981     
   922486.05121241952     
   922507.38795284298     
   922495.89633155824     
   922375.69443424011     
   922403.03656685317     
   922362.46302747889     
   922407.20979459281     
   922378.51508817577     
   922404.63295331120     
   922312.88478817721     
   922261.77939295699     
   922294.46739314718     
   922341.61623118108     
   922337.69113825273     
   922255.01952122594     
   922399.22389431891     
   922404.32433572062     
   922439.77354394051     
   922504.87928779970     
   922505.75660272781     
   922478.55206007697     
   922397.82488377637     
   922344.49884404009     
   922318.58947599749     
   922440.92257337191     
   922470.54812601791     
   922567.10791586316     
   922560.62193010317     
   922464.80877277406     
   922579.27751856146     
   922576.79789258447     
   922703.99423176667     
   922788.24464713596     
   922836.29301383439     
   922698.84627585404     
   922703.49574481184     
   922606.24128876964     
   922637.40637087286     
   922573.17986511148     
   922602.37301492039     
   922592.63241114910     
   922609.19357023248     
   922548.13405881904     
   922576.06128614896     
   922546.59564585297     
   922547.67803102313     
   922512.02486676257     
   922530.19771765894     
   922504.35433779599     
   922609.11980664334     
   922670.98002806632     
   922679.97365083545     
   922633.19779113727     
   922507.79664067540     
   922419.99910271284     
   922420.29242356762     
   922522.85685901006     
   922497.90016058402     
   922431.31642616156     
   922397.41512016044     
   922495.51975136716     
   922612.00009136717     
   922599.03028879547     
   922620.40256946872     
   922566.81046847510     
   922613.96162048727     
   922537.54263926880     
   922612.29258256662     
   922702.87735384679     
   922584.39877079846     
   922562.19402051333     
   922578.50462666724     
   922595.96960474527     
   922658.09291164984     
   922608.73106437747     
   922661.34982959775     
   922626.61336050963     
   922598.72012621583     
   922597.19294138299     
   922520.74337189342     
   922595.42399577936     
   922517.64452307124     
   922565.69676404994     
   922601.05585428327     
   922600.70931929431     
   922523.10592475103     
   922562.90206387220     
   922429.77063806972     
   922443.12393039686     
   922483.73260238336     
   922377.55623510841     
   922393.13306051213     
   922455.67245097237     
   922283.12076960376     
   922266.35829364182     
   922289.97574720031     
   922276.89653263427     
   922317.80577119498     
   922283.44778197352     
   922306.37571015197     
   922311.85032679036     
   922327.55740254372     
   922286.84712538589     
   922173.97379007982     
   922173.54082554532     
   922234.40562319593     
   922186.32608380669     
   922168.13297041028     
   922059.58929833409     
   922093.07722174434     
   922096.37891237158     
   922013.23912549461     
   922040.06789264339     
   922151.26781304297     
   922117.97827601049     
   922256.93988145515     
   922344.37530015945     
   922332.64124769787     
   922311.53700620646     
   922303.06938876305     
   922386.68200136116     
   922393.15028627974     
   922360.33381143946     
   922334.38297980023     
   922479.19383653952     
   922371.70129378187     
   922305.18200733536     
   922316.87482779811     
   922310.92441805988     
   922352.95119967160     
   922420.51341742161     
   922467.37095742684     
   922398.76640267356     
   922490.99529156776     
   922430.93493484799     
   922384.63483506173     
   922383.89196271158     
   922405.19392281491     
   922314.39965638169     
   922379.11795243423     
   922549.98726665846     
   922622.61343165475     
   922651.93682330265     
   922613.95177346177     
   922543.64852420369     
   922626.69921428955     
   922613.52588960645     
   922687.04496337811     
   922662.11452693224     
   922512.38585484435     
   922577.54659795598     
   922594.06213569304     
   922527.68855042977     
   922449.76249574404     
   922383.85967172834     
   922385.56834454415     
   922436.73973593651     
   922495.15598197060     
   922560.18233116518     
   922568.17513573042     
   922570.22068608028     
   922597.63094283256     
   922535.85164757469     
   922596.77441850316     
   922599.14305327728     
   922564.72051700263     
   922574.90617827734     
   922592.40145820170     
   922539.02912586217     
   922540.66646740364     
   922551.69160440541     
   922469.23622257286     
   922449.10890004435     
   922489.58042388910     
   922424.21158780355     
   922585.79372383968     
   922480.66865656921     
   922488.94188044092     
   922597.29000436654     
   922515.00736867159     
   922460.45392215822     
   922416.83481932990     
   922446.45620018116     
   922484.93786197610     
   922480.54222798068     
   922411.03877217264     
   922505.24436654616     
   922507.26658753306     
   922608.88415402372     
   922616.07000346552     
   922573.18034191523     
   922597.07749436039     
   922665.20608793641     
   922582.70014703309     
   922502.56729644351     
   922431.34094327374     
   922532.38166025095     
   922553.34589314729     
   922414.21600551740     
   922439.92461245728     
   922417.83858254633     
   922433.44152750075     
   922349.04561258771     
   922323.76687166945     
   922335.36290323362     
   922369.57044299855     
   922401.42175893835     
   922407.13783366233     
   922466.01332425443     
   922423.75407753151     
   922285.32659153035     
   922473.75575604523     
   922419.09408501082     
   922386.08738062426     
   922297.09930335486     
   922329.04129990202     
   922202.01749525650     
   922298.55055960244     
   922300.83288449375     
   922445.73435460043     
   922410.08978091273     
   922324.30161486566     
   922357.28972319188     
   922312.13858603139     
   922341.97235768824     
   922282.35404491308     
   922336.05173068098     
   922333.46304277657     
   922376.53536758327     
   922405.49118867796     
   922412.39063357620     
   922471.75845981517     
   922471.75845981517     
   922479.31115988968     
   922479.31115988968     
   922478.21947798831     
   922478.21947798831     
   922544.57344463363     
   922510.32532307215     
   922511.46428320475     
   922564.91467778361     
   922562.81088384870     
   922523.58424142690     
   922441.54801202950     
   922458.71984698484     
   922481.14695378882     
   922498.03325467126     
   922463.30184627417     
   922427.85309776140     
   922553.96226047957     
   922422.24997687573     
   922452.65366755857     
   922437.29031402385     
   922435.55424605019     
   922470.53606299183     
   922443.40592741128     
   922521.28019537090     
   922424.50963449304     
   922455.88350710564     
   922491.77167192730     
   922402.65207415354     
   922292.14602989308     
   922192.90573380073     
   922246.46179254528     
   922236.25731958449     
   922272.83197365049     
   922177.49781084945     
   922240.92921054910     
   922161.98094500380     
   922221.48031153006     
   922305.45580604707     
   922336.40292028175     
   922384.85770809650     
   922300.50399820914     
   922381.13825724367     
   922372.58482791041     
   922513.95350464620     
   922537.77297723084     
   922628.35105879267     
   922651.18203822582     
   922642.10949120345     
   922694.87898000784     
   922591.64770740282     
   922548.28842610680     
   922687.22912183637     
   922616.99659364671     
   922582.77598884306     
   922459.77409704716     
   922492.13898035174     
   922394.86913864221     
   922416.35830047796     
   922376.88793205272     
   922348.98623328586     
   922294.61030835169     
   922247.41499568347     
   922280.02779429755     
   922304.61762745795     
   922369.98224760487     
   922329.82655168860     
   922286.40710488963     
   922245.80697741301     
   922287.11777752079     
   922276.67455423588     
   922204.49558710458     
   922215.46317147301     
   922196.64638016804     
   922080.01520600414     
   922159.13021457812     
   922077.68132165191     
   922106.37103065744     
   922104.02437118697     
   922109.81841586879     
   922089.18870411592     
   922159.13370391843     
   922165.73079051357     
   922112.12664518878     
   922112.12664518878     
   922007.48227931000     
   921984.55948749837     
   921990.53747068916     
   921956.25146979420     
   921931.87129982165     
   921983.74437472434     
   922009.62317051343     
   922074.78640176146     
   922024.97098749899     
   921951.64982739580     
   921751.33698636584     
   921793.68830436806     
   921798.37807450898     
   921936.77162773022     
   921807.37960295554     
   921795.31281414337     
   921868.18470103666     
   921843.89947702119     
   921971.59972723911     
   921954.04281134636     
   921917.83876900026     
   921914.61283073295     
   921905.67424801493     
   921933.82933670457     
   921836.62901518145     
   921765.75444673083     
   921799.23455695761     
   921972.34324110881     
   921973.61917241814     
   921870.51011204801     
   921880.73808524467     
   921935.03732323437     
   921876.32206427108     
   921869.81430365145     
   921791.31636498205     
   921800.48630331713     
   921873.21481810999     
   921880.80816484685     
   921932.97839196457     
   921870.49511726340     
   921863.28550737421     
   921880.12884322857     
   921843.04168440425     
   921729.92643050407     
   921861.22043427860     
   922058.03486443288     
   921914.68243642838     
   921910.61478100519     
   921901.52580852294     
   921949.40308449371     
   921925.79279501410     
   921952.67750279687     
   921923.20046214503     
   921979.03123188310     
   921985.32368715154     
   921934.49549585197     
   921872.73760580481     
   921887.43760579219     
   921907.47357830231     
   921964.86208460026     
   921896.86626043823     
   921949.81520740059     
   921887.62106423639     
   921903.10589530715     
   922032.86618376267     
   921956.45401917968     
   921957.31906297489     
   921962.48504982155     
   921927.74199091957     
   921902.66915913660     
   921967.16130183067     
   921924.53094504774     
   922029.35727422545     
   922072.14235320268     
   922012.38814035733     
   921851.35146073741     
   921769.65104815492     
   921785.59442062106     
   921853.19423913769     
   921878.47822734399     
   921931.24571347970     
   921892.22947436909     
   921834.95187402400     
   921814.25471667922     
   921915.86038238392     
   921864.26316388440     
   921854.12224839535     
   921858.32199306798     
   921901.88711012295     
   921828.83016982721     
   921836.10632333695     
   921869.88694391551     
   922062.42555328761     
   921941.54438219150     
   921816.37350869703     
   921843.27973643213     
   921871.80773577699     
   921889.40890763735     
   921951.56079322041     
   921953.95427279465     
   921952.20925334631     
   921891.87857001612     
   921941.58809948503     
   921900.42721471470     
   921923.85916862439     
   921875.58978681173     
   921929.54015552904     
   921958.93153446179     
   921839.57230289141     
   921927.24031109223     
   921884.27767882764     
   921821.56589092314     
   921919.53626219556     
   921888.38632398227     
   921988.11386392079     
   922002.45162155956     
   921986.32840682066     
   922009.02259984170     
   922143.31381555030     
   922124.82396329474     
   921976.22749094432     
   921888.97652058199     
   921959.54453198856     
   922028.31193376379     
   922104.51978580246     
   922083.94109719619     
   922022.74114542210     
   921953.47593563388     
   921984.78002770629     
   921900.15143185225     
   921789.72720553435     
   921798.56312672887     
   921783.04821581603     
   921823.11321199487     
   921868.62217586720     
   921826.27223856933     
   921753.14194782567     
   921839.55948121916     
   921823.77753461490     
   921776.80902080156     
   921607.59288861463     
   921667.11953483010     
   921694.69083275390     
   921659.65912376123     
   921548.05227484391     
   921587.92770157021     
   921608.22626960208     
   921664.25135743711     
   921577.60238026187     
   921729.02021552029     
   921808.67360336659     
   921803.93541278504     
   921848.38551104080     
   921881.72898316279     
   921879.50147894130     
   921827.61522649066     
   921848.13192244782     
   921875.41902080132     
   921897.96662135830     
   921835.69098551420     
   921841.57463167724     
   921883.72923169204     
   921824.43975950766     
   921800.73192093195     
   921668.82152337278     
   921564.51274963690     
   921468.20731122780     
   921425.91741814371     
   921380.97613695520     
   921320.26472260698     
   921288.82181277138     
   921231.28336427687     
   921311.90209250792     
   921342.59301616240     
   921239.94281975809     
   921225.64158240124     
   921267.73408119928     
   921292.79130568879     
   921304.35119558999     
   921260.31523991900     
   921219.43381291360     
   921238.81607241440     
   921190.34123849787     
   921089.42117765232     
   921006.32774446427     
   921001.53684650327     
   921007.29417343391     
   920899.67346140265     
   920921.58820640249     
   920865.32849818480     
   920850.03082620574     
   920870.91506358096     
   920819.88644988090     
   920795.70629012934     
   920878.92900653346     
   920901.43714045407     
   920849.61550245108     
   920870.44800679444     
   920901.70853242802     
   920903.05625749403     
   920886.43558177166     
   920958.55650195119     
   921035.39342220279     
   920993.81105978717     
   920937.19991400966     
   920974.23899799527     
   920845.38737118675     
   920830.51839059812     
   920756.43632174237     
   920740.26951701718     
   920772.16672154434     
   920879.80329267797     
   920741.11044570024     
   920637.18537362991     
   920677.48860187002     
   920660.89619695884     
   920663.01057118992     
   920676.02575453196     
   920785.87014993536     
   920790.10083686956     
   920701.67708399415     
   920729.18463581079     
   920758.79231318133     
   920721.07817127404     
   920741.54262941377     
   920721.85434749979     
   920644.43803404702     
   920595.05772019923     
   920552.76464183186     
   920404.30838764552     
   920382.02532234660     
   920330.47600625583     
   920307.38676151820     
   920180.65717524907     
   920188.23816289112     
   920160.19964793522     
   920226.79608140304     
   920253.13679131586     
   920152.25276565424     
   920143.78016638057     
   920128.54498961568     
   920079.28935334063     
   920135.33368811500     
   919989.43763928511     
   920030.06022267567     
   919837.34883149376     
   919924.98871404713     
   919901.02090133447     
   919793.38436192286     
   919870.37414859957     
   919772.22244387341     
   919858.24775098858     
   919737.11623888765     
   919593.90827790869     
   919648.87035508000     
   919538.00764827896     
   919546.52988078189     
   919546.40758841473     
   919501.26783448947     
   919555.36639553052     
   919511.91930484411     
   919465.14192543249     
   919439.65645959147     
   919414.08582557004     
   919352.52597749315     
   919284.41477813083     
   919245.36705526465     
   919141.21966581442     
   919065.54597800947     
   919004.14874415076     
   919071.26834043791     
   919143.15844160819     
   919189.73100100865     
   919159.68111619260     
   919129.81508698699     
   919089.54844736017     
   919016.57786004082     
   918988.15815662371     
   918955.04085221107     
   918943.51766480389     
   918891.78851333354     
   919009.48975841398     
   918992.03542474762     
   918935.19760608056     
   918950.67149643111     
   918996.31660603662     
   919016.20454444550     
   919023.51444455318     
   919122.09101694764     
   918902.88175666891     
   918973.86016255594     
   919028.35595100629     
   919010.88722597284     
   918926.03533827094     
   918807.56391951593     
   918789.00801415136     
   918774.93298954400     
   918829.34555708943     
   918771.60680323432     
   918707.67190301453     
   918611.49562508462     
   918617.58622729999     
   918586.37422126555     
   918574.54676002683     
   918589.25344705605     
   918573.67563564354     
   918488.17478017206     
   918393.75309131935     
   918438.38198225957     
   918416.39962254197     
   918301.03517363069     
   918312.74375881709     
   918339.32609159814     
   918375.70681035530     
   918391.58736953407     
   918362.10824566078     
   918451.64499209030     
   918421.13477861660     
   918361.18571202678     
   918274.62534463662     
   918242.43969855167     
   918176.48591832723     
   918189.09156396519     
   918101.48662048369     
   918011.43863598432     
   917966.70256523055     
   918077.27776410477     
   918036.27573158022     
   918006.80386872496     
   918025.62380893796     
   917963.25216779322     
   917963.54806769174     
   918006.47191720083     
   917954.31116100459     
   917998.78187798010     
   917960.65281797398     
   917994.68110506877     
   917851.78154247813     
   917804.35016844061     
   917705.17141130113     
   917691.54196465807     
   917575.76333398244     
   917643.26546185790     
   917576.08275514375     
   917540.20960400254     
   917411.79189985816     
   917453.89866618614     
   917508.30492558528     
   917464.23257341993     
   917476.19049420161     
   917413.49002188724     
   917415.86567271536     
   917396.40362008277     
   917336.38015913719     
   917317.96781671268     
   917222.13426589756     
   917268.84843251749     
   917264.25865683972     
   917178.26157642889     
   917199.21091207583     
   917150.12803566211     
   917164.61377187993     
   917212.57313744153     
   917109.15368900949     
   917138.30944303935     
   917020.95705525286     
   916969.44855580840     
   916958.99224557076     
   916907.31808232516     
   916904.00766882522     
   916801.34573939734     
   916839.22592512215     
   916814.32406531915     
   916949.96931344096     
   916924.86309225636     
