   196373.85607285768     
   196373.97418865972     
   196380.38570576656     
   196314.64256854562     
   196338.98293351161     
   196403.25992812679     
   196405.21183029114     
   196439.40029811018     
   196483.96852689641     
   196492.70078807694     
   196468.80551754209     
   196405.08430476408     
   196381.83884686104     
   196293.57759899902     
   196310.35634205202     
   196274.11056559163     
   196312.37965166429     
   196313.76404216490     
   196229.52592938780     
   196255.44150275673     
   196325.74707619724     
   196353.54238347299     
   196326.99336791437     
   196290.54610275989     
   196352.21644614864     
   196438.22866925123     
   196396.67461249264     
   196308.93920420055     
   196233.68491737041     
   196242.29584593693     
   196212.16545165339     
   196240.51358189498     
   196159.46040633629     
   196211.03016295616     
   196218.08867923208     
   196089.78405699821     
   196021.13681008690     
   196079.26943513085     
   196063.62403481774     
   196037.05568567707     
   195956.30262660127     
   195912.97140028083     
   196008.22075152126     
   196008.84243113862     
   195885.59170472063     
   195877.12239634347     
   195942.53130796313     
   195989.20011887219     
   195948.32132745988     
   195949.10115732468     
   196017.83225974679     
   196028.66957111369     
   195949.87626746739     
   196080.68750481962     
   196071.09702009265     
   195986.02951483688     
   196063.89855735964     
   196017.35250521314     
   196051.98805185742     
   196102.78662727456     
   196132.12062341324     
   196074.41638199889     
   196047.92841220176     
   196054.95411029871     
   195942.13076360140     
   195952.06313383963     
   195981.45355446998     
   195902.20394105327     
   195891.77032446844     
   195845.35481804147     
   195822.62614301156     
   195781.51552498396     
   195648.53651561163     
   195756.01925585174     
   195756.79388028226     
   195740.08598985587     
   195751.93109035838     
   195765.19328445551     
   195778.14843431659     
   195798.02696664163     
   195782.47244595003     
   195804.29483155816     
   195772.98913244420     
   195695.59353843183     
   195715.48729222812     
   195698.56073677665     
   195786.35868123165     
   195799.44469684569     
   195705.95191537327     
   195744.31861132549     
   195648.14141794984     
   195641.79666570600     
   195678.31840970286     
   195555.28184539231     
   195487.08527457662     
   195622.57606274981     
   195582.32416626764     
   195580.69496649824     
   195649.99534688637     
   195522.97275810756     
   195481.95915770510     
   195547.29143701828     
   195500.22269466420     
   195419.71506449726     
   195368.99939639741     
   195384.32478831956     
   195474.74213869881     
   195530.67859969189     
   195511.02077301152     
   195429.59528494731     
   195411.70462254080     
   195409.64391839027     
   195389.42500368765     
   195336.06922281222     
   195512.32767769758     
   195549.92744148098     
   195478.29703563711     
   195468.83701385860     
   195482.23812857078     
   195534.43754786128     
   195541.95765225365     
   195562.89687695066     
   195501.82109708377     
   195503.16000925394     
   195472.57938144830     
   195460.26535602898     
   195486.59815315049     
   195494.93150849320     
   195349.85207392983     
   195388.44538151965     
   195366.07591520011     
   195297.32967508864     
   195306.26466952718     
   195454.29042935214     
   195425.25571461712     
   195432.88747476286     
   195456.89753621788     
   195430.67876702693     
   195479.80268213723     
   195498.95511690475     
   195530.46103271251     
   195401.84498735960     
   195424.11462626845     
   195460.08239980729     
   195450.49132514073     
   195476.30925620327     
   195325.09742716121     
   195372.04383968437     
   195311.50766118898     
   195272.81898994793     
   195250.73591029097     
   195215.42542050497     
   195242.57780462131     
   195182.13952494640     
   195189.75450443779     
   195203.07988530712     
   195148.85109985617     
   195144.81904254656     
   195187.74065334129     
   195222.55150804581     
   195173.82539196193     
   195068.48607722213     
   195146.84123741937     
   195126.21483217389     
   195153.35759551910     
   195081.20988253327     
   195105.71867200779     
   195110.04247764620     
   195108.38969918716     
   195159.33381133838     
   195239.63688201556     
   195314.12076062203     
   195399.86651536150     
   195359.70964030069     
   195369.76927328183     
   195269.81136510932     
   195239.09661602564     
   195305.70062658645     
   195246.56044495557     
   195203.95544310479     
   195125.14141841151     
   195164.76223109939     
   195188.92778050862     
   195230.96069815118     
   195252.00908135422     
   195267.37699595888     
   195126.61209616871     
   195178.57373700390     
   195125.66476462080     
   195167.52416907437     
   195199.82751938427     
   195340.75055339758     
   195301.65746363252     
   195314.43230129086     
   195226.31950672675     
   195244.62987220072     
   195233.84750735713     
   195144.33928869443     
   195070.66812448757     
   195118.41124557110     
   195052.70440706983     
   195004.25272959919     
   195047.42260469668     
   194941.26342913334     
   194947.62752426902     
   194939.50891954245     
   194919.84162708817     
   194854.34834136875     
   194848.02569604339     
   194810.20296586421     
   194873.30667707065     
   194939.76042076424     
   194906.37263497771     
   194856.03813507597     
   194928.69067045237     
   194956.18890988568     
   194917.20975411305     
   194852.75282392080     
   194883.12469503970     
   194858.69594734535     
   194978.66923175199     
   194997.90347839386     
   195034.44325027519     
   195060.72060032355     
   195052.13151070118     
   194946.57502275813     
   194935.29511870022     
   195053.87939622020     
   194964.73837415717     
   195069.42208947308     
   195035.30144616350     
   195093.04438170878     
   195091.31773646822     
   195036.25458255224     
   195028.14335623983     
   195119.32412997811     
   195090.81609108087     
   195023.88459069768     
   194971.47871181587     
   194954.25853701867     
   194934.98801142475     
   194833.34656000568     
   194774.42270597868     
   194752.52653043892     
   194774.05106623672     
   194802.74394950760     
   194814.37705224846     
   194753.47729868945     
   194836.79811079061     
   194766.00069707260     
   194739.26045654135     
   194681.36001271583     
   194791.59665167055     
   194764.66570480808     
   194797.09615122090     
   194732.85584553503     
   194793.42340631891     
   194845.43151661596     
   194748.07504880294     
   194747.25975628471     
   194734.67457162181     
   194766.35128404648     
   194785.01662162491     
   194750.38708727807     
   194690.19393138078     
   194724.15580724989     
   194677.71835266842     
   194746.97438237601     
   194684.18401009025     
   194716.83005621063     
   194716.21824334943     
   194666.27366603556     
   194705.83150336862     
   194688.29441262296     
   194732.30070230400     
   194708.20453685400     
   194763.16172453435     
   194661.09717366667     
   194647.12641254763     
   194655.85723818140     
   194652.43158257409     
   194619.95109337181     
   194663.23651088899     
   194684.74264611307     
   194707.82972932039     
   194608.96497375373     
   194689.22793793399     
   194648.78910144028     
   194661.60700317370     
   194711.77792372374     
   194719.62083611797     
   194734.17550755461     
   194799.79799544829     
   194731.24149235405     
   194739.99565225287     
   194764.81230166956     
   194746.95923868360     
   194733.77060828556     
   194756.49327095880     
   194779.04715849867     
   194709.94698648641     
   194710.13015093285     
   194678.74081611831     
   194613.63225506147     
   194712.36840540002     
   194658.15932831721     
   194727.80568647050     
   194644.89531423073     
   194622.57275773751     
   194611.02301760475     
   194682.98772128494     
   194628.68721357867     
   194633.65004560750     
   194589.68760248687     
   194606.97881549079     
   194603.93954087526     
   194590.61913661749     
   194609.27816619605     
   194743.82925434434     
   194588.52753421519     
   194669.91413252777     
   194616.57396252512     
   194596.91536925788     
   194569.17935728744     
   194587.93589600772     
   194520.30059435646     
   194554.46693560868     
   194513.57251831895     
   194417.08602727519     
   194429.28697025555     
   194438.95776736675     
   194406.14323691555     
   194310.56846415880     
   194290.99267641213     
   194201.50375974798     
   194142.99223408249     
   194073.82993077952     
   194053.22401278850     
   194193.76828694029     
   194210.20169728884     
   194233.50225442660     
   194265.77292229535     
   194147.50552510153     
   194260.53115853551     
   194089.81050926421     
   194165.58136238469     
   194123.47659591294     
   194031.00228033992     
   194025.42009236157     
   193938.19470057829     
   194113.49433698764     
   193972.82685570311     
   193969.52381066309     
   194015.48211786116     
   194008.08285579534     
   194056.20177521923     
   194059.82027293200     
   194073.42836258103     
   194077.86650702369     
   194125.54563425650     
   194011.06676849857     
   194084.86354306049     
   194076.93630514442     
   194197.47232933590     
   194208.77789428935     
   194281.91229156396     
   194184.55597959631     
   194155.96764997294     
   194219.28599340841     
   194154.92511570730     
   194157.58726157740     
   194113.61897867263     
   194019.50858595158     
   194014.16594358266     
   194076.53887582637     
   194185.07212815786     
   194275.75134316727     
   194199.64856287543     
   194265.05126850808     
   194341.51129683043     
   194291.34502925776     
   194278.21129173535     
   194272.62749593848     
   194223.79158165987     
   194379.88948730321     
   194438.74206894630     
   194458.36854423265     
   194403.48685501458     
   194258.75494662803     
   194302.66414540636     
   194389.45294552649     
   194294.70223871685     
   194328.64697040402     
   194327.13456345900     
   194332.18461429930     
   194306.14421957097     
   194259.09757344369     
   194380.32309904305     
   194505.41900618831     
   194492.46505487649     
   194409.81745277485     
   194310.88399786287     
   194309.18038988067     
   194241.44502624191     
   194261.09205608262     
   194245.35621872498     
   194292.14289038439     
   194344.32086346135     
   194322.41769547068     
   194278.81097451944     
   194206.84345758651     
   194223.17206264322     
   194122.14888878242     
   194215.72364886696     
   194228.59102223133     
   194201.68419203183     
   194189.53674790246     
   194187.35486086734     
   194289.28851743709     
   194360.15014868250     
   194328.40296225669     
   194280.54849598178     
   194273.66625209528     
   194332.44613061595     
   194300.96502907379     
   194293.44155616930     
   194380.04718909203     
   194351.46798931342     
   194403.80215745099     
   194506.42361626797     
   194497.04458991950     
   194572.67837752559     
   194556.70227533716     
   194612.17744759741     
   194460.48919900018     
   194356.05458912486     
   194436.39306904774     
   194431.55631809949     
   194503.21246124149     
   194493.66820106644     
   194469.20506988821     
   194462.16576950392     
   194519.50930370862     
   194502.72952100309     
   194407.33658633841     
   194465.40220828360     
   194509.53440358449     
   194464.92459860569     
   194482.52792561566     
   194504.06525263173     
   194421.50111964234     
   194386.05031626031     
   194406.07173606989     
   194427.63927572712     
   194346.38543173164     
   194451.53783439755     
   194536.83749188704     
   194495.56050729228     
   194452.62696684775     
   194408.16543818539     
   194410.28158638600     
   194409.91598561371     
   194453.05824351992     
   194484.94021326149     
   194502.75325884807     
   194499.84855964594     
   194394.85922140634     
   194402.85003432541     
   194432.78092643668     
   194526.05389605652     
   194515.63116641945     
   194307.53053576639     
   194316.44929093405     
   194252.93347799193     
   194271.92515149585     
   194312.28390709998     
   194205.62450666510     
   194209.88828219415     
   194146.27559786986     
   194220.70028701081     
   194217.32107135907     
   194231.98618855118     
   194356.99284407662     
   194327.37958369363     
   194228.43111205901     
   194198.57691816770     
   194189.64416177044     
   194147.61500906560     
   194037.86515180720     
   194017.53723540707     
   193978.59735118062     
   194032.13472379663     
   193977.67637645610     
   193997.24988380750     
   194025.11179852806     
   194014.37186060750     
   194060.27914960598     
   194250.66633031546     
   194190.33811235797     
   194155.06506426120     
   194120.19291309809     
   194082.10613516712     
   194154.63937943103     
   194152.32022181744     
   194203.92755249314     
   194152.77108452914     
   194156.01827841977     
   194163.98925552404     
   194256.82379776385     
   194399.24076564176     
   194331.55163307907     
   194349.59076540134     
   194407.15013016039     
   194455.17086039821     
   194466.86080011900     
   194365.29388897744     
   194407.92536345063     
   194414.26187748267     
   194393.00193207723     
   194382.97852557903     
   194380.47565733679     
   194296.73539864775     
   194394.01398870733     
   194375.14852471260     
   194419.35432513722     
   194344.67455873694     
   194388.35224291112     
   194423.00681783992     
   194380.78250300491     
   194319.23858861803     
   194412.55432983511     
   194420.30698275051     
   194378.73703261677     
   194460.18222655388     
   194466.66261425315     
   194415.91452882433     
   194397.93277648976     
   194340.46881005439     
   194402.42050294604     
   194477.00732872274     
   194515.11489828999     
   194450.39230315766     
   194370.55807406810     
   194359.45026534976     
   194336.30775250029     
   194358.59370308966     
   194325.10228030657     
   194268.82882783213     
   194328.66061494098     
   194469.84822647955     
   194441.39453117485     
   194382.07191193278     
   194446.06476372041     
   194446.79586678522     
   194446.79586678522     
   194450.45782576440     
   194438.66378967423     
   194451.44837221236     
   194356.32170889224     
   194339.74397472941     
   194422.08175700722     
   194436.00651612630     
   194442.06420809680     
   194452.72042705791     
   194494.98680290120     
   194558.23410581326     
   194576.48450387525     
   194566.40606290734     
   194614.91044110616     
   194616.58330554547     
   194547.25463411500     
   194573.59167890038     
   194603.38619292164     
   194605.05867612077     
   194625.80533008525     
   194506.67164847048     
   194598.43667319254     
   194576.23400086549     
   194565.73930378113     
   194626.14799572411     
   194566.48114800517     
   194607.59981503544     
   194464.17499885836     
   194414.24181117138     
   194375.49530159970     
   194339.22708976542     
   194324.84909666193     
   194396.48248236132     
   194454.36610576048     
   194426.09783612442     
   194398.34554499606     
   194308.13850875723     
   194385.54004100474     
   194450.24874509344     
   194387.36076072333     
   194441.00699003803     
   194456.19326151029     
   194460.93302578077     
   194465.47950947250     
   194464.07564635127     
   194459.36353926224     
   194425.71370174125     
   194420.74608270661     
   194419.87464576465     
   194395.05883744164     
   194490.92426961605     
   194437.11598630960     
   194407.68020319953     
   194420.58789784589     
   194407.06600447182     
   194478.68961287188     
   194446.82045211352     
   194583.97097733984     
   194623.01383783901     
   194771.58778833947     
   194743.72870322043     
   194740.94344864466     
   194683.62931914208     
   194715.43856707212     
   194657.31227723608     
   194683.92102591030     
   194646.25886331184     
   194600.26195677463     
   194506.35654849908     
   194576.32110212377     
   194623.53768919816     
   194516.54174168909     
   194464.27073944919     
   194337.62975339257     
   194397.17618873817     
   194372.15630040845     
   194319.86839585559     
   194427.64903015684     
   194464.11112899176     
   194412.41913608860     
   194504.93336271081     
   194560.30820363251     
   194547.71571323110     
   194550.04319018390     
   194486.62892574890     
   194579.94985644706     
   194537.74262527094     
   194531.65288516239     
   194572.65514071856     
   194567.53565128031     
   194521.46738531531     
   194584.75533103035     
   194613.77370611703     
   194569.64447646742     
   194500.99257818147     
   194556.03537718815     
   194497.04967057391     
   194576.86210568296     
   194575.04510935725     
   194514.80613496201     
   194539.00853555900     
   194507.51713753439     
   194429.75745021526     
   194451.85085613985     
   194490.75199406029     
   194503.73920600043     
   194508.67173300005     
   194460.26359384425     
   194578.23520802543     
   194563.05966124168     
   194505.72171213350     
   194483.25060879259     
   194409.47313178159     
   194393.67127211453     
   194462.11428257058     
   194377.03760056794     
   194342.59544565529     
   194386.09101623116     
   194498.41034164591     
   194527.26781229160     
   194508.34107269728     
   194543.56399028187     
   194516.91793090643     
   194457.74488912133     
   194405.56432337372     
   194481.15469974998     
   194541.93602513024     
   194541.93602513024     
   194541.93602513024     
   194541.12093475388     
   194539.05416532385     
   194539.21077141020     
   194538.82120115962     
   194538.82120115962     
   194530.92271638950     
   194529.88712597926     
   194530.63427898442     
   194531.12591913788     
   194531.12591913788     
   194528.47553782255     
   194528.44735761351     
   194528.59213645765     
   194526.20388256822     
   194491.55965988283     
   194417.00628289883     
   194389.74802200348     
   194361.84216404424     
   194361.03344353783     
   194415.45941892691     
   194412.19148896591     
   194418.89407810714     
   194264.88438522548     
   194234.81879789883     
   194231.71557712395     
   194348.13005655273     
   194387.12927785382     
   194283.75335933288     
   194308.42333285650     
   194365.64596790486     
   194375.57616406138     
   194329.43155591819     
   194468.80084410342     
   194431.29412732436     
   194452.48076601423     
   194428.99501079423     
   194240.79246891206     
   194274.46461075963     
   194279.23023511344     
   194461.83914288584     
   194325.34124732489     
   194302.16883037178     
   194254.72898569982     
   194259.16159691429     
   194369.42064433108     
   194419.85933236210     
   194296.33939051008     
   194280.37530354253     
   194182.85534158431     
   194267.39166062459     
   194189.89855136338     
   194197.33705407838     
   194189.15859315763     
   194219.60628563067     
   194200.13796942690     
   194114.03008670264     
   194114.03008670264     
   194113.21935468281     
   194189.35211317777     
   194222.53965062642     
   194171.81385996172     
   194227.74914742244     
   194258.90308541129     
   194357.45962931382     
   194291.84535481647     
   194238.13997045386     
   194366.86244343029     
   194313.77119406970     
   194160.98861283538     
   194152.21504522234     
   194132.59077104399     
   194132.52192072853     
   194135.97308098720     
   194198.14581678048     
   194179.56980138744     
   194151.39411713285     
   194175.69092504054     
   194218.52210763947     
   194340.93385858726     
   194313.26891459819     
   194276.14867008707     
   194159.36726949297     
   194171.29781244489     
   194197.25862057455     
   194214.74379674444     
   194184.78837402456     
   194115.32098167794     
   194057.62312326790     
   194059.25595445768     
   194071.69740784081     
   194037.16121793276     
   194170.50316473647     
   194188.73871510115     
   194188.64152748420     
   194229.52170070016     
   194217.84270900083     
   194127.37106870403     
   194217.52663732765     
   194211.61536335741     
   194259.16333076044     
   194190.64005538696     
   194119.18136823102     
   194129.18769608586     
   194144.55969664207     
   194098.56520265504     
   194202.85634464616     
   194223.80161135024     
   194127.29347416697     
   194131.78838027356     
   194096.39903992740     
   194165.45875163248     
   194123.94582893100     
   194123.94383846514     
   194123.94383846514     
   194138.97310435551     
   194065.79189572576     
   193923.05732495477     
   194042.66506752744     
   194105.36147790684     
   194192.07517476796     
   194278.27194274339     
   194292.94521797358     
   194250.82457440987     
   194383.69456474899     
   194353.25664035042     
   194347.21053952206     
   194228.48660525825     
   194226.48481720625     
   194281.02965183949     
   194254.05306981946     
   194268.40990661801     
   194261.35184723398     
   194270.32909911117     
   194135.12835592838     
   194199.09629258252     
   194100.39519082339     
   194058.70218916389     
   194014.26108328361     
   193976.88641975759     
   194051.95078805092     
   194078.57133982203     
   194072.03614514461     
   194002.66503603861     
   194044.59558431539     
   194071.76348367706     
   194159.26344076573     
   194081.17869231635     
   194144.31743679053     
   194080.60302195841     
   193999.78416257576     
   194043.28744841280     
   194086.44907348941     
   194176.36471911453     
   194174.92967149339     
   194160.17136687049     
   194144.28431434871     
   194135.98027763967     
   194131.59152606543     
   194116.04829806008     
   194196.22376910623     
   194168.96948916305     
   194125.31216751892     
   194081.25923117629     
   194139.74716835123     
