   967895.86317280319     
   967895.86317280319     
   967898.00725589809     
   967942.55751946277     
   967957.37611050811     
   967942.12978864554     
   967891.45371161331     
   967838.68489200040     
   967868.07585015474     
   967838.86835224961     
   967784.92800837359     
   967907.73481162149     
   967870.85159108695     
   967820.17301070318     
   967827.73709238262     
   967729.24560047803     
   967717.52060222044     
   967701.22175395500     
   967754.50715070369     
   967803.54178457288     
   967813.75119479699     
   967904.56621815823     
   967940.39565243211     
   967939.30172356090     
   967873.56537316472     
   967878.40609974205     
   967886.86914993613     
   967884.29078542918     
   967940.18113663583     
   967947.44750817609     
   967961.32692176627     
   967920.20530359633     
   967886.11220201897     
   967851.09045415116     
   967843.05414729880     
   967895.47577376524     
   967944.78339907259     
   967899.14787365962     
   967821.85992876836     
   967859.31536054774     
   967846.90616749774     
   967853.81286804145     
   967868.07606932824     
   967900.10761292477     
   967841.89119434613     
   967750.54001372284     
   967787.92474289308     
   967684.32533348934     
   967715.74780286779     
   967744.52972631168     
   967771.31053947262     
   967902.25780646957     
   967830.26897075947     
   967854.56108359993     
   967802.10441475629     
   967846.42902978347     
   967817.14272263844     
   967880.15822566452     
   967931.28472045762     
   967899.89645502472     
   967904.06297383562     
   967881.15911178128     
   967760.76701197436     
   967915.00789437525     
   967889.54937146511     
   967983.81378290954     
   967912.47217410442     
   967963.62801532063     
   967822.43528210558     
   967835.12649269507     
   967810.34092158871     
   967894.48806738388     
   967796.54070786003     
   967740.83876762178     
   967779.41854370467     
   967845.89322618872     
   967868.73308311112     
   967905.41718431900     
   967922.77198319230     
   967924.55659091822     
   968046.83470169106     
   967976.74698412116     
   967996.99357108702     
   967903.08022247697     
   967908.62376184470     
   967959.54911526979     
   968018.88122273795     
   968024.75114262861     
   967914.74733301473     
   967947.54508672131     
   967860.56836443569     
   967909.78123465390     
   967924.15390302148     
   967943.13510787487     
   967849.81174547435     
   967813.50111586682     
   967773.95389795827     
   967666.71421416465     
   967678.40811288473     
   967729.75633264601     
   967768.20604306564     
   967793.98557018605     
   967735.93237888755     
   967781.53856443369     
   967850.72965339688     
   967857.64078380610     
   967908.70177993842     
   967806.77185667632     
   967767.39223731193     
   967744.56525802403     
   967759.73242443544     
   967684.89726271189     
   967784.88192185992     
   967750.00493994670     
   967792.61481299193     
   967811.79853130959     
   967762.59350419941     
   967708.71130252187     
   967506.05290285405     
   967540.81808440830     
   967682.12970023882     
   967674.53273475473     
   967662.82020152046     
   967662.86707015510     
   967754.94119259284     
   967782.72335969191     
   967655.68951289088     
   967621.16860453133     
   967564.43728165876     
   967636.06224278337     
   967590.94576787669     
   967624.95064674714     
   967682.41636883095     
   967635.48532660259     
   967584.92544403858     
   967654.52653841302     
   967718.04987683019     
   967697.63653813628     
   967779.21707440459     
   967686.76465039013     
   967712.91057211661     
   967733.03114594694     
   967769.07359879394     
   967804.80044188828     
   967747.21101738280     
   967743.78303131880     
   967753.69242624554     
   967600.07800409850     
   967659.88339688454     
   967740.35309545672     
   967697.83915902022     
   967667.07948558137     
   967746.79397208302     
   967688.50371464749     
   967711.73007114278     
   967764.90002622036     
   967682.59664273623     
   967631.58110601618     
   967672.39114434167     
   967708.42594570958     
   967647.05225781689     
   967623.63655773737     
   967706.52036526159     
   967707.14967322990     
   967612.35630772053     
   967532.94904335961     
   967514.85297671310     
   967578.96138113004     
   967567.86943697906     
   967605.91372188437     
   967535.81995025661     
   967593.83338631107     
   967628.67742569000     
   967629.02037195384     
   967695.69002355298     
   967715.62998698384     
   967656.14766566223     
   967705.02789824305     
   967779.84562282264     
   967735.64507799456     
   967757.67499813822     
   967730.39681433875     
   967650.04744251911     
   967650.25478751049     
   967607.79332565132     
   967534.56883430167     
   967612.39909322734     
   967656.60498309659     
   967600.24272413191     
   967692.41926238476     
   967630.00212969584     
   967533.07956108486     
   967566.98659698211     
   967558.48054937192     
   967479.59444719390     
   967469.16343930375     
   967397.07264002180     
   967443.95109814289     
   967483.46298308263     
   967429.98152277234     
   967523.30168587307     
   967534.84955965786     
   967616.24744073953     
   967609.40365406603     
   967565.74963677931     
   967502.55689429643     
   967457.62160002615     
   967408.64495820261     
   967502.35111929697     
   967453.66832584830     
   967463.87879641855     
   967560.98813077109     
   967499.39130231156     
   967407.70498869102     
   967412.49837966124     
   967475.34115382296     
   967467.05093142192     
   967464.60309659655     
   967542.38924855273     
   967629.84750513907     
   967601.57843474555     
   967493.08971145796     
   967476.34741074324     
   967379.35894667509     
   967335.27633395023     
   967320.65747204574     
   967357.95020387683     
   967293.49261055375     
   967286.84764282382     
   967317.60922519700     
   967236.49044459942     
   967244.36523104052     
   967296.43210540339     
   967282.24755190464     
   967295.69118259358     
   967219.90792411636     
   967164.80326789618     
   967256.51601603988     
   967229.03624482732     
   967195.82554824534     
   967158.87991295813     
   967119.70708029426     
   967093.19252581429     
   967101.85029297846     
   967096.66893899417     
   967199.72617766459     
   967253.93250486336     
   967208.30635025026     
   967209.15918441769     
   967226.33693834452     
   967261.80397361971     
   967195.46170438407     
   967243.70905046328     
   967192.30619947216     
   967122.96474586276     
   967273.75036002055     
   967358.43183408119     
   967393.64327532693     
   967310.68089602352     
   967306.30212320166     
   967310.87983185053     
   967261.72557278979     
   967190.38465663290     
   967192.03591089626     
   967310.83224051644     
   967259.98296661431     
   967271.44107039343     
   967241.26127504988     
   967215.19210100523     
   967185.53071051079     
   967157.45337937539     
   967198.98959430528     
   967252.49930837378     
   967250.92271095957     
   967190.13044034783     
   967183.80444253620     
   967230.03166638047     
   967288.51741752692     
   967139.28233174898     
   967157.16416983004     
   967119.44792820630     
   967099.23589740810     
   967142.70145293314     
   967297.18803008227     
   967247.46106844873     
   967220.85258445097     
   967203.14904434292     
   967161.90863839595     
   967207.57622949616     
   966972.84950892499     
   966942.84758677380     
   966914.56486449053     
   966964.06062863627     
   966895.92405627132     
   966818.06074377161     
   966822.20822842245     
   966828.19313679275     
   966757.34723112313     
   966730.30898633413     
   966784.25312293030     
   966733.09562004369     
   966704.38139152597     
   966668.31723836355     
   966624.61840708111     
   966704.09166328225     
   966645.61138046219     
   966680.17770418851     
   966670.99466986244     
   966691.09590382432     
   966659.02347861882     
   966571.31142350181     
   966596.05959938176     
   966519.11848879873     
   966457.69318953832     
   966453.81463589205     
   966468.94963916589     
   966525.39779073035     
   966494.81108157872     
   966392.53029450693     
   966371.26225986180     
   966397.82026685879     
   966374.85379845835     
   966373.71810716065     
   966426.98675521382     
   966458.72161589307     
   966359.42079187452     
   966334.44279964303     
   966432.56139210775     
   966389.13485774072     
   966438.15494830185     
   966462.25716788892     
   966545.87127818982     
   966502.53415719618     
   966471.85131163627     
   966415.28959374526     
   966502.73889006791     
   966581.46056817239     
   966525.20979821077     
   966518.42305024609     
   966624.33204210387     
   966586.60860004951     
   966602.75472319417     
   966523.31005425681     
   966499.35561468767     
   966499.74013281148     
   966499.36708747956     
   966499.58644152200     
   966498.31301646389     
   966498.55933144852     
   966502.64766546071     
   966516.75683681783     
   966516.32814655406     
   966516.32814655406     
   966515.84082705784     
   966511.83598926244     
   966600.58279517095     
   966556.29025182896     
   966566.09540524241     
   966614.34672278620     
   966571.13629432104     
   966587.53187760327     
   966539.47926555469     
   966497.48531496013     
   966546.96225360525     
   966521.26567610179     
   966463.30824661662     
   966375.05198128894     
   966333.41778541927     
   966379.56966886017     
   966413.92608745117     
   966316.79113736155     
   966253.44069973927     
   966275.03998703393     
   966399.54245687451     
   966408.32988124900     
   966479.34099834680     
   966431.91923852987     
   966384.95054627710     
   966478.25444065430     
   966480.74329906935     
   966473.09704907693     
   966571.22508363496     
   966598.84113407182     
   966514.31555548799     
   966437.23881916166     
   966439.02182890289     
   966422.47787253431     
   966340.45433142618     
   966334.51823868381     
   966293.92803268530     
   966295.22877415072     
   966282.93058564921     
   966225.51818527922     
   966327.29546188982     
   966235.77468069107     
   966253.79776635999     
   966271.55094757129     
   966281.88551320462     
   966102.58557852567     
   966077.05483806948     
   965991.48513491906     
   966041.77695684775     
   965983.12948137545     
   965909.54227952904     
   965898.15396466630     
   965969.82505891612     
   965946.78199878975     
   966101.91520888812     
   966059.46398518875     
   965901.52254809963     
   965942.86097141705     
   965967.61467751605     
   965996.34572220419     
   965945.43691070727     
   965922.32407563610     
   965910.46192469553     
   965890.63498771877     
   965904.63771562977     
   965818.60906076746     
   965737.37196472299     
   965827.77899908717     
   965774.09797775734     
   965774.69403187477     
   965869.54992667388     
   965947.18030515767     
   966082.16596943792     
   966069.88178841956     
   966050.07185181160     
   966004.93977736507     
   966030.89904565935     
   966071.37937020208     
   965991.59640290507     
   965981.10103291075     
   966007.11589530401     
   966159.68073593930     
   966052.74157323176     
   966145.23864731705     
   966083.01179075730     
   966008.24028623698     
   966063.02559909108     
   965973.37754429318     
   966049.60363301227     
   966056.56503302476     
   966113.61932519032     
   966109.77006699075     
   966080.24756713794     
   966071.38311191637     
   965988.70861421921     
   966013.90414061758     
   965953.24475894624     
   965800.59830113268     
   965825.39365204622     
   965847.09624864452     
   966001.26404647925     
   965916.80450966989     
   965936.49729442154     
   965958.44807846157     
   965931.75821468700     
   965859.06120908086     
   965910.62649308040     
   965794.22123215988     
   965804.56936405250     
   965840.25368226087     
   965883.23320598539     
   965821.25423308567     
   965748.33691766195     
   965730.99460275576     
   965729.43793222401     
   965656.40555779880     
   965725.91506892967     
   965675.52862639690     
   965640.99674439384     
   965792.93781451951     
   965747.35656759527     
   965799.91612240521     
   965758.54542293749     
   965747.28130972839     
   965737.44547368970     
   965752.54616250540     
   965678.10751555371     
   965687.08429814316     
   965705.01921688102     
   965648.43985076947     
   965734.02641098050     
   965579.70665038831     
   965584.65076309338     
   965589.15942862898     
   965615.43388251495     
   965538.42754081765     
   965590.58920990361     
   965596.82321512734     
   965569.77460120013     
   965541.60261818953     
   965491.06933203968     
   965456.55369082373     
   965433.89008494816     
   965369.96492576366     
   965432.73697807733     
   965382.15069484676     
   965394.74371337146     
   965374.88523523160     
   965325.71812845476     
   965264.52824499051     
   965237.24304880388     
   965272.63037208165     
   965334.55835000169     
   965371.35231412714     
   965381.10693482659     
   965293.50982233381     
   965365.39811542013     
   965309.60606627096     
   965321.30034835869     
   965399.12412128923     
   965258.85503030417     
   965273.19206797564     
   965161.78858258668     
   965135.14834077726     
   965157.11842396914     
   965183.11739860452     
   965218.06369526929     
   965249.89946357103     
   965117.82665379939     
   965084.92157393019     
   964997.33619362116     
   965137.97521128063     
   965014.70398666570     
   964947.90907543572     
   965021.87860798545     
   965059.03909337823     
   965065.89948712650     
   964939.31737552653     
   964908.19482603809     
   964878.21641063713     
   964878.37021918583     
   964781.81870791188     
   964840.65658847895     
   964878.36601358280     
   964796.65608141921     
   964809.27293101035     
   964938.23763022583     
   964963.94197244081     
   964885.13461689511     
   964850.75301794882     
   964848.38780127990     
   964729.82644834346     
   964775.85191574611     
   964730.01545266435     
   964651.71689030644     
   964823.34089717339     
   964733.21626998333     
   964760.15072544082     
   964848.49028783001     
   964800.80772982980     
   964742.47591282497     
   964667.18467476440     
   964647.76139405486     
   964653.55989242427     
   964737.07878050150     
   964612.36888127995     
   964624.74443565728     
   964505.18976834835     
   964520.52045602840     
   964540.50185945211     
   964591.70855048194     
   964464.53561746061     
   964574.43409204157     
   964459.39230643283     
   964513.12488893268     
   964537.21658520168     
   964475.18567374395     
   964428.67669238010     
   964470.75363477855     
   964405.77088192734     
   964325.18797638826     
   964330.87968647608     
   964275.61651826778     
   964279.99421209819     
   964316.49656453484     
   964312.38135445118     
   964372.09059325722     
   964323.11346078117     
   964368.09475090867     
   964209.64938519802     
   964135.78432029777     
   964106.29083479685     
   964089.25834747776     
   964135.27886747790     
   964128.79031615774     
   963999.55425205524     
   964131.36312437523     
   964064.35602614039     
   964109.53248138493     
   964065.13486242574     
   964112.90743357374     
   964214.51918697881     
   964085.63440444076     
   964122.02898281079     
   964096.76736656879     
   964088.35526755638     
   963960.43797193246     
   964035.09253724886     
   964146.62037116603     
   964099.24829971674     
   964066.73271947051     
   964027.60450654069     
   964013.97149627609     
   964030.14337183768     
   964022.01828707673     
   964036.56197481451     
   964095.02037456224     
   964092.00715733774     
   964073.36492698919     
   964059.26759680198     
   964021.68901290256     
   964042.76462246256     
   963991.82546283933     
   963886.62872354547     
   963920.60422373912     
   963835.84409500298     
   963862.02192475228     
   963972.03897779901     
   963889.47333243222     
   963870.21378712845     
   963760.68527064566     
   963767.18777387892     
   963773.29982828803     
   963865.41848302120     
   963878.66910484328     
   963975.83494647418     
   963821.40066175046     
   963807.85520251736     
   963810.91750580585     
   963807.21274721669     
   963805.09291234775     
   963838.16368610528     
   963885.28362792963     
   963846.97616732889     
   963796.34870325553     
   963831.93542818050     
   963881.20234233583     
   963856.56172364473     
   963865.30340574030     
   964004.18527305068     
   963924.79863884801     
   963893.53343675111     
   963942.30489549297     
   963954.95135233202     
   963897.56437136419     
   963732.95536252460     
   963875.88195258880     
   963928.53131377476     
   963781.32501755562     
   963834.44339472952     
   963728.12364759180     
   963646.88456427597     
   963525.05500309833     
   963529.05045897630     
   963589.71220215154     
   963516.71851480240     
   963435.17329557543     
   963491.64548102394     
   963380.67439201137     
   963419.18321541813     
   963460.88686351210     
   963342.42970002431     
   963306.29317665461     
   963162.42715545523     
   963282.13607284240     
   963227.30930468475     
   963101.05336337537     
   963126.10670989670     
   963126.95414559077     
   963115.58415702230     
   963107.28067016706     
   963093.02248516120     
   963021.54005655064     
   962900.66233717557     
   962983.29843567102     
   962899.88548932585     
   962926.69301409298     
   962883.14168747666     
   962856.93897271424     
   962907.20035045128     
   962897.51675647881     
   962897.59582535748     
   962852.05777496740     
   962930.27546152426     
   962996.31523505936     
   962990.40957059525     
   962895.00581964408     
   962912.33465089253     
   962977.59245602181     
   963009.06404736906     
   962983.97836355935     
   962885.65049606469     
   962814.56329821888     
   962881.18768027087     
   962915.20336393069     
   962808.65881243721     
   962899.61620629649     
   962945.40297370707     
   962994.80227714626     
   963021.50963627116     
   962902.83812752529     
   962948.84718781267     
   962988.36932202685     
   963066.96564373071     
   963048.39930661663     
   962926.54432928329     
   962915.17044035415     
   962940.41413747391     
   962957.15378575411     
   962883.24084323284     
   962893.79833983374     
   962980.48561553098     
   962935.41047840146     
   962923.29347163369     
   962946.40261739667     
   962919.75581852463     
   962926.88326565234     
   962851.46524189203     
   962907.88828492700     
   962776.81156802131     
   962767.57315011055     
   962709.75724512560     
   962755.26003209397     
   962800.14478684880     
   962831.19262865302     
   962867.83449105313     
   962696.68452731788     
   962675.61026748281     
   962775.17781061074     
   962746.50394983985     
   962796.95268224948     
   962784.07952574897     
   962846.67749212380     
   962787.77333287196     
   962784.97166900162     
   962687.15975751635     
   962696.96445206203     
   962596.63838008931     
   962609.49945191003     
   962554.51615392079     
   962459.58341431140     
   962440.38273669034     
   962455.50593046483     
   962543.72969205456     
   962481.28539889597     
   962420.52041707886     
   962359.65309914551     
   962398.64745896216     
   962469.03970861516     
   962457.69808372029     
   962488.72618922452     
   962452.40223587886     
   962288.14446511026     
   962289.08049306518     
   962189.48850773158     
   962143.72725137800     
   962118.33413103560     
   962265.29769473046     
   962173.28864764853     
   962175.92803946103     
   962148.38264534995     
   962100.03606343863     
   962158.23777698190     
   962118.74423685647     
   962139.26158955600     
   962233.58017235296     
   962174.44996498805     
   962118.98762334033     
   962035.91804476723     
   962123.32703873620     
   962182.23863856227     
   962199.09904134413     
   962151.66817279055     
   962137.85179309966     
   962212.88543090690     
   962312.60668743670     
   962260.46958192450     
   962218.54066400451     
   962205.32867837697     
   962130.32459883147     
   962161.33471158845     
   962226.45708420081     
   962120.11762565409     
   962105.87347346474     
   962104.03965629300     
   962067.63132506853     
   962055.79093465442     
   962092.11364606768     
   962059.27228414256     
   961998.19233461388     
   962046.80725343374     
   961964.33825516864     
   961964.86746733123     
   961996.56306732667     
   961947.35323572811     
   961949.46447279362     
   961944.49366728601     
   961979.05561591790     
   961965.53129287390     
   961950.60459895851     
   961927.64925104775     
   962040.90037619090     
   961917.70287388831     
   961917.93785522610     
   961865.01058675116     
   961787.57705689897     
   961824.53131644533     
   961844.07505410514     
   961846.88026401401     
   961955.80385264929     
   961966.94636656251     
   961953.47566840576     
   961921.15303359914     
   961907.46527446923     
   961906.80075395212     
   961854.02243135893     
   961879.69088109455     
   961870.25521634542     
   961865.40207255480     
   961878.77496557857     
   961825.15266664303     
   961885.76318589668     
   961761.98572207231     
   961755.22982868901     
   961797.80039417278     
   961758.37029342214     
   961726.34892652079     
   961728.11113133491     
   961741.21286708035     
   961760.42970159696     
   961822.59422653553     
   961801.84998868522     
   961840.30249755061     
   961746.16837057727     
   961787.23421440460     
   961724.97787740186     
   961690.46362730523     
   961788.34139586368     
   961838.16743891151     
   961868.29614043841     
   961652.77042314911     
   961675.64737669239     
   961549.00554808858     
   961650.37657989119     
   961617.03271503688     
