   193165.97235987452     
   193166.15196641540     
   193119.06753198203     
   193147.21223461776     
   193077.81785954410     
   193153.33849188412     
   193231.97421184884     
   193264.35617979136     
   193252.13437401911     
   193273.64713064386     
   193293.21849493662     
   193252.69354238111     
   193318.74921313333     
   193274.99589018855     
   193208.96536053208     
   193284.59472712391     
   193296.23289407959     
   193270.96958345015     
   193259.32212250613     
   193272.99167375706     
   193275.56665077954     
   193316.87710150355     
   193335.38412516337     
   193376.70211781922     
   193294.10361187728     
   193255.49861899242     
   193336.95263117022     
   193276.95665389230     
   193167.84772792726     
   193158.01283855215     
   193087.18034422098     
   193028.67399564359     
   193001.75416567552     
   193086.91262342370     
   192995.38384954497     
   193117.33675352493     
   193177.23835478208     
   193154.96895726697     
   193145.40663722454     
   193112.26279996693     
   193058.56812225745     
   193181.37065590755     
   193225.36027051872     
   193199.36489704571     
   193186.67786237155     
   193187.24193369687     
   193113.59390556667     
   193132.83467753962     
   193132.42799739755     
   193253.48693316992     
   193141.34930326123     
   193151.42891033605     
   193062.18901158153     
   193076.99006101859     
   193130.90839946750     
   193048.19368786953     
   193052.31846845258     
   192929.72285020218     
   192950.65206418579     
   192957.76681815009     
   192995.97717919789     
   193062.68662018268     
   193009.42547912628     
   192950.52844589477     
   192950.41120745809     
   192885.75388993995     
   192832.56840695234     
   192862.19638844999     
   192798.84198202172     
   192844.34751063111     
   192952.86981617304     
   192832.53145622008     
   192861.26726952754     
   192933.14040516573     
   192930.98561484987     
   192943.90806393334     
   192899.20773889218     
   192952.13470980112     
   193045.02549499017     
   192967.64107438864     
   192771.65519575059     
   192930.87994783311     
   192873.29085297050     
   192990.16120099102     
   192920.01567959911     
   192916.07771811125     
   192992.26156791209     
   193051.58829473206     
   192944.07313573785     
   192884.03774224062     
   192894.44104534184     
   192893.19495916666     
   192971.51237662410     
   192999.35395169456     
   193007.02277820272     
   192994.20305191670     
   193007.15823162103     
   192990.04884585220     
   192983.40238597529     
   192858.34985489809     
   192901.47835494613     
   192870.61083710677     
   192999.51843880487     
   193104.43808462252     
   193101.29193211658     
   193197.05752921267     
   193245.08938057852     
   193247.53392354352     
   193229.34688400329     
   193188.20401732801     
   193150.70198989988     
   193216.34922673303     
   193156.61923623292     
   193100.34226025615     
   193151.42835828883     
   193158.94633335256     
   193107.22546393200     
   193025.87168038345     
   193124.75156107964     
   193095.78470917625     
   193108.25464578017     
   193113.30187585339     
   193092.75580695242     
   193031.49237954873     
   193082.22238169285     
   193091.29674888350     
   193096.53196187882     
   193074.17159743415     
   193009.64877714729     
   192942.41027662531     
   192968.48753700819     
   193043.84075220593     
   193080.95833186177     
   193009.68388351554     
   192974.33860784551     
   192982.13874750622     
   193007.30923439140     
   193037.89189144081     
   193118.54739068670     
   193052.54279375303     
   193049.19153130837     
   193181.34598742396     
   193111.69683290052     
   193162.07050584274     
   193120.95374894241     
   193040.11792832185     
   192936.35273672134     
   192937.11793669965     
   193067.40471625590     
   193111.22333443325     
   193078.83550331180     
   193115.50484672462     
   193064.55790516781     
   193046.62555412561     
   193051.46288971882     
   193046.24886650880     
   193035.73154618865     
   193084.22067140715     
   193138.90952491492     
   193117.58278558555     
   193145.15233809667     
   193144.93680737639     
   193240.60081722098     
   193164.26046215941     
   193151.98540273053     
   193159.34380917044     
   193316.44924452918     
   193194.81737411744     
   193177.26838247408     
   193257.11864251504     
   193249.75106375644     
   193181.85423440422     
   193119.46573356801     
   193230.93816789699     
   193150.00205402062     
   193212.68387779422     
   193376.79103790096     
   193317.03425840344     
   193345.06411395402     
   193280.36737264995     
   193233.18250240228     
   193236.28359125945     
   193172.97281830065     
   193204.86001969996     
   193303.38470131517     
   193262.60723990932     
   193237.41101302195     
   193228.86452439619     
   193258.18735733407     
   193190.21784229952     
   193277.03360486816     
   193352.92410129803     
   193298.64803215431     
   193392.61938518262     
   193305.12316193501     
   193318.67934247808     
   193349.79771534621     
   193326.91998583279     
   193268.43931932203     
   193311.15619050176     
   193343.04471887130     
   193318.52937646577     
   193242.33559279656     
   193267.06513480598     
   193258.17674696920     
   193263.78281792623     
   193220.11699830496     
   193310.34183553100     
   193394.49318382476     
   193391.23493099902     
   193337.87144031795     
   193439.39575057689     
   193441.08847651049     
   193399.34878831971     
   193429.11266752420     
   193484.08342593315     
   193510.41159281926     
   193419.19823222404     
   193347.53021776862     
   193228.27369477923     
   193177.02924216198     
   193256.36728741459     
   193242.66629811999     
   193337.06907434115     
   193238.54733942181     
   193237.85545088947     
   193358.34107328087     
   193352.70209447856     
   193320.72870119178     
   193419.80627160860     
   193339.53982142740     
   193214.00912836855     
   193333.56219511118     
   193325.64426887338     
   193371.15935345824     
   193341.79284774058     
   193452.92929840402     
   193424.50751249481     
   193309.96366275204     
   193231.87055826178     
   193262.10337948881     
   193310.47779508002     
   193447.51122246298     
   193480.13940077109     
   193498.74861707751     
   193524.09765623056     
   193475.06549568154     
   193425.95259979938     
   193386.63530233753     
   193359.43481338679     
   193497.75656074198     
   193438.15875141681     
   193452.94518930718     
   193387.24402523192     
   193428.54216811751     
   193516.65654255415     
   193656.23988841215     
   193619.91115297735     
   193634.63093003191     
   193684.49977343171     
   193759.14978048147     
   193711.90223042737     
   193687.11722002062     
   193644.36364980385     
   193643.03950029696     
   193692.38375934368     
   193695.45447580074     
   193634.40612708300     
   193801.49475387973     
   193845.09733085969     
   193844.65945195785     
   193689.58510314644     
   193694.28130053607     
   193695.85526776247     
   193681.43821377589     
   193636.03632010322     
   193635.40325726595     
   193626.61927703538     
   193761.15949711690     
   193676.45133938052     
   193674.27168066549     
   193724.94295787730     
   193718.64902015752     
   193737.04290851386     
   193573.45205336169     
   193599.31980073225     
   193598.95751307596     
   193679.93235578196     
   193619.40798527194     
   193686.67860780441     
   193644.32397226611     
   193561.94326202839     
   193421.47843151481     
   193367.53980109745     
   193409.18229627417     
   193404.50575410301     
   193433.10878436206     
   193491.91790130286     
   193395.11970761881     
   193390.32054065404     
   193417.52806387152     
   193349.34993498761     
   193421.85317126079     
   193428.09036319843     
   193498.34837397950     
   193588.70077686879     
   193515.13513989790     
   193545.37518329479     
   193535.90941172122     
   193510.59980043393     
   193629.26144481963     
   193610.08070169669     
   193722.93542408335     
   193645.68084218612     
   193552.89203671817     
   193607.87122116284     
   193536.20407312553     
   193548.54995953196     
   193588.66855121939     
   193615.13207485373     
   193491.21302076711     
   193513.93655336319     
   193539.49466534841     
   193551.22041201941     
   193573.64071494923     
   193783.20916237772     
   193736.69037474674     
   193726.29055222950     
   193697.47103952579     
   193749.19883029029     
   193827.18324977288     
   193684.87796822190     
   193797.35294830939     
   193865.66263903520     
   193893.68915606456     
   193888.12522222230     
   193916.36291243203     
   193937.09098091832     
   193762.06080723251     
   193791.37238258219     
   193870.53568747270     
   193720.68522316802     
   193822.82488743088     
   193755.95976715462     
   193750.08441024952     
   193701.32814193078     
   193744.69162815399     
   193703.63328239304     
   193648.72900075011     
   193640.60789264180     
   193637.99469904503     
   193696.12441583461     
   193707.88729832513     
   193678.17632395949     
   193626.67201055976     
   193623.42258730863     
   193668.61873251619     
   193715.16565343612     
   193701.72388796398     
   193605.92973761994     
   193719.71980304093     
   193702.20051180941     
   193731.66969170360     
   193759.92293996975     
   193748.56637247803     
   193777.55304424040     
   193639.48726507035     
   193620.55617016190     
   193614.55404349620     
   193579.94908376486     
   193569.74123992544     
   193670.23156895954     
   193602.15739624301     
   193607.69617011576     
   193637.77932070006     
   193627.53670788309     
   193639.14851135379     
   193710.73796384220     
   193601.78560352791     
   193635.49826744993     
   193588.84062636815     
   193685.25256458030     
   193550.02412668240     
   193586.57185560552     
   193663.53485690677     
   193656.73589342402     
   193613.48784029344     
   193614.12215622564     
   193584.32086155703     
   193622.63885911411     
   193592.55810099028     
   193619.36879440243     
   193721.31351268044     
   193710.72384147363     
   193767.60088413022     
   193711.09674259275     
   193752.83127373920     
   193655.77585465464     
   193715.75424319340     
   193734.14289232026     
   193646.97146486357     
   193625.59785488545     
   193683.06545291920     
   193680.06254323485     
   193604.87839924637     
   193667.15714461484     
   193693.28664182292     
   193623.77138528682     
   193592.46220664977     
   193464.57766550232     
   193492.14586672050     
   193579.40995888112     
   193481.33617993243     
   193474.59689096420     
   193592.56357147469     
   193643.68127778082     
   193588.17853442350     
   193587.19663738558     
   193673.95435424725     
   193623.56087282387     
   193575.89251709258     
   193543.66528754355     
   193628.61826864115     
   193539.66337038789     
   193602.65554689817     
   193594.27258865276     
   193595.54815661171     
   193419.58745016545     
   193416.71746720889     
   193355.28279242298     
   193363.51576484778     
   193448.94356200262     
   193473.06188073373     
   193509.39570211867     
   193549.84960739544     
   193567.37762139950     
   193547.33999117557     
   193519.85903023314     
   193605.64917857494     
   193633.63264337767     
   193731.93652270670     
   193711.14349404810     
   193750.95107649610     
   193732.21587602663     
   193729.90462325534     
   193676.51018058442     
   193683.17789828888     
   193630.68195866773     
   193701.71708353568     
   193657.80485211511     
   193705.13063014869     
   193655.25905105105     
   193565.02413068592     
   193632.66064226808     
   193677.94543269710     
   193688.36937340075     
   193686.89036990708     
   193700.15916187954     
   193760.92927452034     
   193753.78687261255     
   193703.63527067623     
   193682.13422737201     
   193666.86333431338     
   193587.41106077147     
   193536.35875482552     
   193557.61655010498     
   193492.45721312417     
   193600.63630037618     
   193520.39394991330     
   193535.76988199737     
   193576.46077413548     
   193706.61039459112     
   193656.52056706906     
   193668.26530357852     
   193679.49253813032     
   193575.27896273768     
   193630.50736204625     
   193641.29204925851     
   193688.79502798215     
   193670.65975661136     
   193757.94226284401     
   193709.76952302316     
   193707.96983443166     
   193762.03250652284     
   193757.99542737877     
   193904.30707629374     
   193878.17410209822     
   193848.48966338698     
   193915.30272660189     
   193982.41692664396     
   193913.80653597787     
   193850.68552211649     
   193873.91049977764     
   193820.12721691356     
   193836.41448615264     
   193792.88297456421     
   193770.95134821400     
   193651.55161116758     
   193720.62276477058     
   193826.05234643351     
   193895.81796352586     
   193815.54877034866     
   193879.21440819249     
   193936.72771397964     
   193945.87673340965     
   194075.54806411828     
   194059.49263983898     
   194054.31877873617     
   194122.46240739603     
   194141.52970308068     
   194124.53257209837     
   194127.85464066290     
   194074.15650528908     
   194015.73611818074     
   193960.13094207033     
   193968.72183971875     
   193937.02042156266     
   193924.87727709845     
   193927.11688006850     
   193863.60273798014     
   193885.11411266113     
   193730.44773981959     
   193797.15959260444     
   193872.82429150472     
   193817.21513957728     
   193900.69339240674     
   194029.84498016394     
   193988.80839036219     
   194011.70988825397     
   194039.39127021495     
   194046.21056452792     
   194139.67192406126     
   194080.40072344968     
   194286.48255551461     
   194247.13876679447     
   194119.20205252981     
   194163.33740515757     
   194046.30854887699     
   194091.03842036691     
   194061.72317644130     
   194047.25608438809     
   194123.21629996435     
   194098.77417854127     
   194163.03318627237     
   194169.37628745762     
   194106.86809279773     
   194127.66787529219     
   194047.39112166921     
   194042.70818676817     
   194037.43652164272     
   194090.14118078147     
   194194.03747739230     
   194209.23713760948     
   194180.23392466395     
   194192.06361745863     
   194213.46068282711     
   194298.31437700856     
   194297.54911572137     
   194355.69421518769     
   194386.55220506550     
   194309.67469210160     
   194293.89811926725     
   194223.34821408644     
   194259.44605401371     
   194200.94941646489     
   194235.04223965522     
   194270.73480914507     
   194196.33434578771     
   194313.43298656354     
   194302.49254669627     
   194318.99018623645     
   194300.76580953388     
   194282.96193285348     
   194410.96906741045     
   194427.44542758135     
   194411.68071455928     
   194454.08950690133     
   194451.57044564935     
   194466.23182970786     
   194460.39973279732     
   194488.26133467155     
   194540.46413890220     
   194564.84030793281     
   194568.69328706103     
   194636.57115260989     
   194533.32833042985     
   194574.94786251377     
   194601.98553291822     
   194618.90277904106     
   194484.12332601959     
   194517.65960595504     
   194493.11712892351     
   194534.57421144366     
   194525.15384192142     
   194525.57729092202     
   194575.96305384152     
   194645.78831936957     
   194740.30616119469     
   194741.57967938689     
   194719.38689809543     
   194780.98687309166     
   194754.27246611624     
   194753.16693494312     
   194729.59752216999     
   194813.50523716040     
   194796.81152142730     
   194826.96400223306     
   194898.48085263322     
   194769.81675653456     
   194794.71797104875     
   194774.99764280539     
   194839.88766518599     
   194940.73743965401     
   194923.92977882788     
   194945.31165670801     
   194993.88135207866     
   194939.37383288605     
   194960.13069638825     
   194945.73150549954     
   194951.14901315208     
   194881.36081237669     
   194948.74490669966     
   194910.31821971541     
   194915.12768826555     
   194954.70722738607     
   195053.76349672681     
   194957.76213417726     
   194968.12792308419     
   194889.40542683972     
   194921.37129109123     
   194888.91703740301     
   195007.82512769871     
   195042.33421098738     
   195057.43764398049     
   195077.93528634601     
   195100.15279058306     
   195023.13771154222     
   194976.41752272105     
   194938.15949537265     
   195042.16574599614     
   195098.00109108491     
   195025.74171687229     
   195112.77849379161     
   195072.97045433795     
   195057.96705776124     
   195007.28564845346     
   195026.07823380127     
   195019.07823908672     
   195092.98800604782     
   195104.80708950447     
   195163.94418550259     
   195221.61897767553     
   195306.22882868489     
   195230.90840447703     
   195198.47462211267     
   195259.87819300100     
   195185.31979280937     
   195232.75975118752     
   195209.17505220501     
   195212.23381682675     
   195280.18837054152     
   195459.62271368515     
   195357.63444325840     
   195312.77700587441     
   195286.36438448462     
   195306.06109577871     
   195347.38070816951     
   195389.16754163010     
   195430.75858328934     
   195351.19901982191     
   195222.91989911016     
   195173.74572230206     
   195259.93801685915     
   195294.36293745606     
   195303.55502733155     
   195305.52872058170     
   195362.08258939433     
   195380.62235945687     
   195366.62066672539     
   195425.94128166797     
   195547.24520406083     
   195514.98315753532     
   195604.48404974956     
   195602.71158542344     
   195716.87681282213     
   195693.48469788241     
   195647.75822950620     
   195723.61080174253     
   195739.62168750612     
   195726.19380411177     
   195609.60210844161     
   195522.61545394894     
   195556.95838844823     
   195643.39183484184     
   195701.48995917736     
   195719.99998535716     
   195797.42521358104     
   195743.90017069961     
   195819.31097902264     
   195798.09242509535     
   195794.03690043677     
   195820.92296291396     
   195893.59877167316     
   195819.83792278360     
   195949.96592268112     
   195870.14768186322     
   195800.14805932916     
   195791.60314929325     
   195877.21373987131     
   195713.35839178858     
   195833.99296161151     
   195951.54806549559     
   195965.13962753231     
   195898.87104319673     
   196026.56149232804     
   196011.53543253109     
   196032.01857946831     
   195954.07774940203     
   196022.93114617106     
   196019.59801414231     
   196020.21945721810     
   195890.91410548778     
   196011.76053876698     
   196074.88211088590     
   196014.31849838234     
   195865.36231077812     
   195856.88556494832     
   195852.20993502386     
   195944.99856661097     
   195899.38522811109     
   195861.95766364664     
   195848.97294713740     
   195795.90374057446     
   195890.77549327185     
   195883.26242224919     
   195911.09645275722     
   195898.87510208579     
   195948.62112800448     
   196023.03173375595     
   196021.88632878073     
   196006.64232355249     
   195979.22733325366     
   195958.05068079144     
   196056.71688135114     
   195951.41719313382     
   196101.46340600814     
   196019.25129766209     
   195951.45485576024     
   195947.53545320811     
   195927.74048868087     
   196037.05448416469     
   195949.30557677418     
   196008.27610450389     
   196119.19749357656     
   196126.58036737336     
   196082.75085354294     
   195944.88834763377     
   196110.00880880607     
   196047.51372103591     
   195944.56284487669     
   195913.34312126707     
   195927.27799102588     
   196089.56968431268     
   196125.80836478315     
   196121.11625856688     
   196101.96205171480     
   196104.83562210121     
   196169.94930968375     
   196282.31752309381     
   196274.39664457491     
   196218.75733715566     
   196214.43671274366     
   196107.42857586566     
   196131.11743888218     
   196139.86964768669     
   196139.66834427312     
   196221.02055088489     
   196235.81916162232     
   196111.17629057146     
   196086.44848856458     
   196127.04215629605     
   196211.38712119142     
   196275.22016862425     
   196155.53779274342     
   196047.23607374638     
   195998.81793721777     
   195893.19400585466     
   195946.02730228310     
   196043.76980681269     
   196074.85029401217     
   196081.65562487123     
   196136.48315236086     
   196088.16174262716     
   196164.95037105322     
   196192.99603556629     
   196284.19736206316     
   196219.82749317234     
   196197.02117712208     
   196208.56799063960     
   196175.38031646959     
   196275.51664666968     
   196334.14132009959     
   196385.33809444957     
   196368.44718157247     
   196404.65408908128     
   196434.49635442492     
   196399.92758479482     
   196419.84733013294     
   196535.66035156918     
   196595.51295048528     
   196623.60238196151     
   196634.32088662553     
   196540.93295523798     
   196506.26364365677     
   196614.01298502812     
   196547.82666999658     
   196566.00477462332     
   196606.83450788559     
   196596.75042915859     
   196594.08947080758     
   196614.39027728280     
   196497.51493247107     
   196583.67098257953     
   196470.78354945773     
   196444.29935220903     
   196436.17201055429     
   196449.53509917983     
   196461.09723769722     
   196385.83907243508     
   196453.73109966193     
   196441.29722108002     
   196452.81606944575     
   196435.59778399669     
   196457.94073959053     
   196532.95930094999     
   196538.10589783016     
   196634.72463216094     
   196546.72664487560     
   196670.68626064752     
   196701.51270149156     
   196712.36092559237     
   196793.55041516444     
   196771.52285986059     
   196837.79494142081     
   196737.86854210740     
   196700.95857656450     
   196793.47630345362     
   196828.49726004730     
