   912411.76734460099     
   912411.76734460099     
   912424.93851526454     
   912469.87321537291     
   912737.41900257173     
   912916.61660320952     
   912953.20206373674     
   912998.67217573966     
   912922.49738595472     
   912987.27867986576     
   912971.33305327443     
   913019.31675793009     
   913134.06885995378     
   913124.79719432071     
   913277.12746019801     
   913419.24784418754     
   913396.87353398860     
   913423.06744749553     
   913318.13787423365     
   913275.22338084423     
   913313.80027823430     
   913373.97297247604     
   913489.10387179221     
   913358.66347704281     
   913423.68835595169     
   913504.74673886760     
   913617.38394711772     
   913670.24025195779     
   913708.02722851944     
   913681.07889465673     
   913827.61908689269     
   913811.71525364101     
   913798.07636285236     
   913833.39563281380     
   913808.01953960513     
   913933.50282392174     
   913930.66042096296     
   913860.27631393482     
   913825.60177911201     
   913750.34236594045     
   913800.92793633766     
   913850.05632478243     
   913994.03827440750     
   913986.00355303008     
   913982.84124369326     
   914059.13685758773     
   914127.41548791388     
   914128.69217639579     
   914097.09934437415     
   914128.26747437299     
   914139.29451592395     
   914179.11474372935     
   914312.77593987214     
   914388.30490924558     
   914407.66503778880     
   914473.44953844417     
   914454.52177944372     
   914549.73917698953     
   914594.15190822177     
   914519.41035210027     
   914485.83711485146     
   914474.82352904638     
   914460.37507814413     
   914535.82998895564     
   914501.86014711857     
   914503.05845983513     
   914593.94362807786     
   914647.82261023484     
   914746.87885743997     
   914773.81673628837     
   914808.94240152289     
   914889.17744325532     
   915010.61670842639     
   914922.39122173539     
   914975.69652662252     
   915065.51949567895     
   915115.82062997587     
   915248.74231570400     
   915306.13390809065     
   915428.38979637052     
   915535.71515889210     
   915542.62972680409     
   915527.68087148608     
   915510.97703551885     
   915440.39802792412     
   915442.00436815084     
   915311.56424009695     
   915388.96813504910     
   915408.10651045060     
   915438.24826786760     
   915462.99955748720     
   915491.79329455679     
   915431.86440899060     
   915483.75541508594     
   915592.98760556860     
   915588.02670907706     
   915608.62140411767     
   915762.38664208341     
   915771.10121248150     
   915838.31519224413     
   915768.99756389973     
   915783.07273579843     
   915835.38232474402     
   915918.80784510809     
   915892.43072487705     
   915900.78518337000     
   916017.41507299000     
   916102.15541097976     
   916168.50505556620     
   916180.46133963764     
   916204.36250547320     
   916080.84078936838     
   916160.15018118813     
   916275.32157333975     
   916317.15137308498     
   916242.84395639482     
   916249.58915044472     
   916295.10634009261     
   916203.05263329297     
   916290.40425784222     
   916190.39960560808     
   916283.33013489132     
   916485.33833357366     
   916515.67390380776     
   916608.05399293499     
   916607.05821274139     
   916655.37949124980     
   916658.94457280147     
   916759.52267148218     
   916849.81212016533     
   916993.80824023834     
   917069.12296064326     
   917089.96799051948     
   917187.36568648776     
   917324.43531113293     
   917397.43618271407     
   917550.30129593960     
   917656.49583506596     
   917874.89077910536     
   917944.06737137889     
   918007.54675267567     
   918133.99757892394     
   918237.13597117376     
   918351.24860256084     
   918386.68796462938     
   918352.63078003633     
   918515.22069943487     
   918567.34780245437     
   918715.40601384209     
   918753.63053735334     
   918716.17098526866     
   918755.25841442146     
   918718.74029688293     
   918806.98054506409     
   918837.66136114963     
   918843.31123461737     
   918911.80675654567     
   918872.99164797994     
   918913.71753686119     
   918898.60337493545     
   918927.19632519351     
   919112.98036319076     
   919198.16417732940     
   919313.97513076162     
   919346.59620592790     
   919417.15019385959     
   919509.44822875003     
   919550.56033587956     
   919612.48528149200     
   919548.28808137996     
   919631.79286366026     
   919698.89691443089     
   919776.76295513054     
   919849.71819004079     
   919934.86575491505     
   920016.71471865231     
   920106.56238923641     
   920135.31738386606     
   920145.97694624355     
   920182.32657125511     
   920332.57655852695     
   920362.58749651071     
   920392.16287385335     
   920531.11376837885     
   920508.91882274533     
   920575.10570948164     
   920694.30581142276     
   920697.43071618315     
   920775.08824210276     
   920766.66187802050     
   920867.28823190776     
   920957.37526663940     
   921122.90727188787     
   921137.99732613296     
   921210.84139881539     
   921346.04294237879     
   921423.65898756532     
   921505.14999843657     
   921620.27096499968     
   921691.82031485718     
   921752.34766529338     
   921648.61322111986     
   921728.73208218126     
   921923.46406045824     
   921938.16745376831     
   921908.09551684244     
   921886.44561578706     
   921875.72641998343     
   921832.74095946550     
   921855.28607961000     
   922007.75938042265     
   922012.88928214437     
   922028.70957921189     
   922101.51387651858     
   922171.51683337928     
   922048.49832873989     
   922083.41502283781     
   922076.69298125559     
   922064.10669260728     
   922084.67006122961     
   922220.08920830011     
   922188.61340427434     
   922246.58969852212     
   922424.92774084641     
   922420.19185325783     
   922404.18233215087     
   922462.15887652221     
   922371.22495101369     
   922406.19325988996     
   922417.83934026619     
   922553.66434776376     
   922669.57954939164     
   922716.02799896966     
   922808.62280540133     
   922873.66132207657     
   922933.39670208807     
   923034.58754083887     
   923143.13537272729     
   923073.92798001051     
   923022.53061311273     
   923079.35406489705     
   923189.32582298177     
   923185.72354268457     
   923252.75561752473     
   923320.50138492486     
   923318.15694866353     
   923332.44872667117     
   923314.98854167806     
   923416.39996851352     
   923652.02236678381     
   923870.12788649043     
   923937.54771510698     
   923934.21664737572     
   924184.66042949550     
   924274.26037476282     
   924391.36607097555     
   924534.92062603065     
   924598.07422391081     
   924767.36897793738     
   924874.25718585390     
   924936.57681030477     
   925141.10644167138     
   925216.53095368831     
   925300.29092265712     
   925437.36856510781     
   925562.51841097081     
   925563.83432130411     
   925610.27439709136     
   925692.14207589976     
   925828.75971792615     
   926017.09426368168     
   926064.31594675977     
   926001.54036338860     
   926066.43049379124     
   926274.55718051363     
   926216.50165986631     
   926309.80828327464     
   926390.97639357031     
   926441.87369017128     
   926533.88311144477     
   926598.77611702995     
   926563.11278143479     
   926650.04389139649     
   926857.51476732350     
   927021.23977656825     
   927022.63613546139     
   927078.36964753096     
   927197.19521501800     
   927282.21921691834     
   927372.19559802115     
   927438.14346350159     
   927548.81947343051     
   927524.71609256859     
   927633.22693810624     
   927749.20170181373     
   927828.22371678834     
   927910.59819716809     
   928024.61252666847     
   928031.96972875064     
   928150.17641472281     
   928215.11147974350     
   928357.34261553572     
   928450.63313907990     
   928436.73683930247     
   928562.78751831711     
   928707.39523707936     
   928738.46817147278     
   928804.96068973467     
   928766.85757244180     
   928773.71687476838     
   928833.12489995384     
   928863.01154035784     
   928985.68495934142     
   928992.27661588637     
   929008.35414687381     
   929136.47953406244     
   929247.30487746897     
   929448.04703767831     
   929381.84026446776     
   929410.45901170780     
   929591.69225711958     
   929626.96271205717     
   929718.31430186564     
   929693.40964948549     
   929757.55915218766     
   929792.55569751759     
   929992.30755997181     
   930108.17584074265     
   930210.15872665308     
   930201.25932852819     
   930170.03402457980     
   930140.34913794475     
   930191.76191620517     
   930367.48827529070     
   930445.82339294429     
   930526.04490818339     
   930511.78414117184     
   930544.29765283200     
   930675.38694684440     
   930818.73894722667     
   930887.20300568535     
   930993.97018957871     
   931021.91339710669     
   931146.58641094272     
   931202.79348278395     
   931332.51092468714     
   931454.72589869343     
   931494.55539509107     
   931493.90440473822     
   931589.29992437491     
   931715.28283512511     
   931760.94720009749     
   931886.39001147670     
   931900.61075701891     
   931911.92403404531     
   931913.36427877087     
   932042.05158355879     
   932188.03273755650     
   932217.26456257084     
   932286.11129325093     
   932403.76136797434     
   932474.19847151288     
   932563.77808317216     
   932681.97765933641     
   932714.05350857263     
   932663.82077634870     
   932721.68920435349     
   932769.53007207252     
   932919.44808576326     
   932893.99521564238     
   932824.42843619455     
   932888.40992028220     
   933021.87644959462     
   933140.99686259602     
   933220.41232170747     
   933340.94462185213     
   933451.72803497221     
   933569.40697155579     
   933729.77957407851     
   933731.20221977925     
   933823.31215970288     
   933824.00271955621     
   933963.77871897153     
   933999.99044630339     
   933964.44496604742     
   933993.94356636179     
   934167.75163069111     
   934413.99549894698     
   934413.99549894698     
   934493.03862803627     
   934493.87034372543     
   934495.23753423500     
   934493.90862230572     
   934648.21141375136     
   934808.10134771490     
   934808.10134771490     
   934808.49753110122     
   934808.49753110122     
   934836.84465723077     
   934971.29419410159     
   935210.26235426462     
   935272.93511389289     
   935365.79308837047     
   935353.41535293625     
   935440.85107789864     
   935559.65520431427     
   935658.99408551469     
   935801.62365818070     
   935829.49940552760     
   935872.82418952952     
   936105.35647336137     
   936269.12411593762     
   936381.60170244961     
   936430.52082844125     
   936504.20038778125     
   936485.43451160181     
   936547.55378642154     
   936542.98314516596     
   936693.76881563594     
   936917.08442663227     
   937057.21786954673     
   937073.73868419812     
   937175.43297663133     
   937260.99533760408     
   937350.70118069614     
   937546.48357188643     
   937591.77332234918     
   937779.15557235514     
   937907.56779067207     
   937913.54412567499     
   937937.10132287431     
   937931.98887780926     
   938108.10598142899     
   938168.94408803945     
   938225.75898674817     
   938389.41527855746     
   938380.41688863293     
   938439.63321837399     
   938492.68588814104     
   938542.29091638408     
   938600.54523308645     
   938725.89879860671     
   938823.07144008658     
   938916.15888355998     
   938903.19624010322     
   939032.87215252046     
   939047.57899708301     
   939219.96437362605     
   939369.86306340515     
   939477.18253071245     
   939543.00139156566     
   939644.28553100815     
   939863.18430903822     
   940079.82565123634     
   940042.39608834160     
   940164.53690033918     
   940301.87922518270     
   940384.26063663606     
   940484.63636314252     
   940505.29143570573     
   940678.78050542786     
   940787.73884834058     
   940946.36362352222     
   940934.78749719996     
   940941.51013395900     
   941065.90169879573     
   941086.47750448401     
   941253.20056586992     
   941274.76964471629     
   941251.72501245886     
   941362.59010642918     
   941481.77287472656     
   941481.71446462930     
   941534.39934363775     
   941612.06367013685     
   941727.06282876094     
   941770.19881110359     
   941750.24971876177     
   941861.01171280374     
   941960.37501572934     
   941958.85975427099     
   942087.36824904103     
   942240.68050249398     
   942323.70362637041     
   942420.02393871604     
   942361.88902249967     
   942397.98366092891     
   942410.20888957952     
   942412.58539910289     
   942456.56497039064     
   942547.89743997960     
   942597.44794405880     
   942757.20608767017     
   942840.01613102958     
   942881.39719533641     
   943008.29051528382     
   943206.76242135547     
   943238.42739055923     
   943131.76013729291     
   943286.39807069802     
   943396.08853244560     
   943527.12338308129     
   943496.56230225577     
   943578.31624234316     
   943713.01740336034     
   943784.82132036483     
   943814.17535695795     
   943851.77489715570     
   943988.95134421566     
   944047.35399837443     
   943992.62351316679     
   944162.82989509904     
   944382.34380184859     
   944569.08386992011     
   944712.63061612542     
   944894.76997383882     
   945018.71076561941     
   945150.70670327998     
   945293.52165915468     
   945493.32286744355     
   945784.48408820212     
   945929.12932956405     
   946077.11893829575     
   946220.13275099697     
   946417.38015492528     
   946573.13627688249     
   946652.30803937081     
   946761.58871786075     
   946937.68432883825     
   947062.40721933497     
   947199.95560434705     
   947273.56407616066     
   947398.32758906996     
   947545.67792764818     
   947642.16981546069     
   947799.10931390314     
   947987.38736728264     
   948129.23997023713     
   948276.97093976161     
   948361.10808163090     
   948370.56664772367     
   948522.34939659457     
   948624.11799637822     
   948791.24101852463     
   948807.50119495881     
   949028.50976892910     
   949153.99592975969     
   949211.89723825967     
   949381.00122047344     
   949311.31488063175     
   949401.17148479423     
   949540.26888283517     
   949670.69282362342     
   949821.70848541532     
   950043.23602989374     
   950096.18991974497     
   950106.61292274157     
   950239.34492161614     
   950231.64576860378     
   950255.26735503704     
   950410.83656260371     
   950494.11291027674     
   950584.35556454398     
   950860.10066235729     
   951031.95202880271     
   951042.35047489998     
   951167.04599651776     
   951183.69607340638     
   951183.98237029056     
   951252.98586938949     
   951317.24182100990     
   951431.48761586566     
   951569.85332034051     
   951519.15359439910     
   951732.96213654685     
   951765.28403036890     
   951852.60244522593     
   951883.78046446235     
   951965.46317662671     
   952094.05972657946     
   952098.21351401042     
   952215.74518222199     
   952393.25497183506     
   952491.59897934389     
   952543.42072062707     
   952583.10683640884     
   952595.27213913715     
   952717.76527965104     
   952826.28038865514     
   952931.75348963449     
   952996.53030234599     
   953169.77650460252     
   953299.10224575794     
   953406.30963768787     
   953466.67069745495     
   953513.53215274226     
   953651.88311677973     
   953829.36556603783     
   953907.79249287175     
   953845.06812372874     
   953904.08845039364     
   954054.56783858815     
   954235.46338765917     
   954327.17846792471     
   954419.42985113838     
   954555.62560098758     
   954642.19375111419     
   954674.65215767897     
   954814.14619551622     
   954930.55205009528     
   955042.10888628173     
   955128.58764222625     
   955072.51334830234     
   955228.96371321299     
   955270.59073351137     
   955298.54149508232     
   955437.54426127393     
   955444.84035116492     
   955518.79143128812     
   955588.74920206924     
   955727.07005794148     
   955796.53232575092     
   955886.19102801534     
   956079.51297867857     
   956083.67667708860     
   956152.84643661161     
   956347.97553194617     
   956548.70103721088     
   956727.26695280033     
   956967.62204633129     
   957198.57823472132     
   957233.76049268991     
   957366.41893795226     
   957452.55391914793     
   957405.41642109805     
   957567.87468867202     
   957737.02142236219     
   957890.83711480908     
   957983.18594079744     
   958292.79021952336     
   958373.01958037436     
   958557.78366205445     
   958692.68753636116     
   958802.98992792482     
   958912.16926586919     
   959071.69606867339     
   959099.73913120863     
   959303.25949761469     
   959474.05651587935     
   959566.35822741978     
   959689.17503898568     
   959801.34157956066     
   959887.86332132947     
   960075.82616859628     
   960186.14194769820     
   960293.29591163935     
   960533.69439290464     
   960498.17904106225     
   960625.94437858986     
   960784.66341834469     
   960968.38841575396     
   961035.60106235184     
   961051.56823687011     
   961007.65414123877     
   961270.78620232409     
   961379.32950649597     
   961444.61113378545     
   961583.77723471273     
   961675.40689510107     
   961809.34457552095     
   962003.77197391493     
   962098.54959186539     
   962244.56471366948     
   962327.10618290259     
   962429.37437577429     
   962602.49050064106     
   962712.61897194851     
   962778.34348491381     
   962795.28109337343     
   962878.69890448241     
   962943.20726307167     
   963212.39236364933     
   963403.25509422005     
   963537.27891796560     
   963706.44267831370     
   963837.63918391673     
   963897.55315448507     
   964000.59106263833     
   964197.44303913892     
   964297.57941005344     
   964383.12269105087     
   964485.60918896820     
   964679.70823431807     
   964736.93170299765     
   964800.83749973599     
   964949.80386641121     
   964921.04789150902     
   964951.45663660788     
   965013.92605108558     
   965066.83007674734     
   965067.80594593205     
   965227.25777883118     
   965446.81309156341     
   965592.38978232164     
   965656.19968317915     
   965841.81199246959     
   965952.47642237251     
   966053.28941574343     
   966116.23815018660     
   966179.81242987001     
   966217.28836693580     
   966443.85485584289     
   966548.92864494666     
   966695.73283578991     
   966719.73083938181     
   966754.28416939813     
   966825.63201825914     
   966862.77819197846     
   966998.03607563279     
   967130.09602357436     
   967049.11855947354     
   967019.41613638762     
   967147.11948444799     
   967193.02505630977     
   967250.36201407085     
   967411.87654265377     
   967495.03902444232     
   967592.63290307124     
   967760.52351975557     
   967907.02690606087     
   967903.89297796285     
   967971.79580857139     
   968128.46691464109     
   968319.30069203069     
   968469.73727277433     
   968440.66496046341     
   968489.06422862678     
   968667.16231156653     
   968558.43770545069     
   968642.89045131183     
   968804.99649026338     
   968908.12494150619     
   969135.21312543994     
   969270.99229149998     
   969385.94287689310     
   969437.17414774699     
   969502.06152296159     
   969666.93305781833     
   969856.48502744129     
   969966.41347388306     
   969938.83462939702     
   970067.76612301462     
   970272.67352108576     
   970369.23947290867     
   970461.50481032173     
   970676.74836666684     
   970750.56633419066     
   970829.92846052570     
   970882.18748097040     
   970982.12675721990     
   971365.58653796546     
   971455.37297834584     
   971552.07879725727     
   971671.20917188982     
   971784.69076269714     
   971847.94429928751     
   971895.60292897688     
   972025.02815717889     
   972233.92091287766     
   972464.28389384749     
   972575.52969992207     
   972683.04667974170     
   972825.18680174055     
   972964.49439266417     
   972933.95732630859     
   973057.29180325929     
   973086.20737385075     
   973291.80023563979     
   973478.73764532490     
   973803.21005205833     
   973962.79412675963     
   974072.01632992562     
   974219.82968567219     
   974428.93009389867     
   974474.39370028221     
   974572.68568022433     
   974729.02320479683     
   974860.67821967637     
   974890.01363116363     
   975090.45192319958     
   975434.25943482586     
   975539.11038543365     
   975595.86434105539     
   975747.83770344628     
   975738.44106063864     
   975927.39195070567     
   976024.27606958291     
   976166.53956615296     
   976285.76734683837     
   976439.92902583163     
   976544.33173917048     
   976636.74118487781     
   976842.64973103255     
   976948.30372869968     
   977046.25245176232     
   977101.02512364159     
   977206.27635956090     
   977299.75344078464     
   977373.44683793839     
   977467.36744690291     
   977589.58293808019     
   977665.71072633006     
   977773.28962550708     
   977942.35560645931     
   977983.18372771109     
   977965.10411426879     
   978036.72832489526     
   978201.82107347134     
   978474.50122187915     
   978524.44099306455     
   978689.34599749348     
   978760.72287433513     
   978925.92646098160     
   979018.63509674987     
   979118.12882470037     
   979230.69366975594     
   979297.06384859653     
   979333.58953940566     
   979420.65642159700     
   979533.84087554482     
   979605.99109573138     
   979620.10638366698     
   979636.53919701010     
   979857.18010015809     
   979842.78886698885     
   979934.46835277812     
   979960.07401844894     
   979963.31785830983     
   979975.12455214630     
   980026.33972796972     
   980121.83578084921     
   980198.36180275562     
   980355.99933570717     
   980622.45979415299     
   980715.50568574038     
   980760.67887182406     
   980819.53797236818     
   980988.15500539541     
