   216412.08895684974     
   216412.13465148601     
   216411.92222098249     
   216412.37117366178     
   216412.59617680655     
   216412.59617680655     
   216412.50842139719     
   216412.50842139719     
   216410.97691419281     
   216410.30712228492     
   216410.30712228492     
   216409.75165742537     
   216409.75165742537     
   216409.75165742537     
   216446.57958023649     
   216471.96685209183     
   216403.16982742306     
   216405.35511890592     
   216458.08093535452     
   216507.56160884685     
   216662.18023869509     
   216668.33275262502     
   216844.52859148310     
   216890.12801836856     
   216860.81650027988     
   216899.24340726328     
   216895.46641101161     
   216919.59734221091     
   216894.67885239402     
   216941.80614400143     
   216934.03942078727     
   216957.69130905927     
   216918.00165704452     
   216825.54656650376     
   216906.89140683960     
   216876.14016444448     
   216871.96058830238     
   216903.88563811095     
   216932.36527395737     
   216966.16514511534     
   216967.64828507588     
   217017.46014167232     
   217002.81390680146     
   216946.46313271305     
   216927.89963687112     
   217014.16983087838     
   217044.99804724872     
   217096.30540842214     
   216979.22978535149     
   217043.85199504139     
   216997.27680492125     
   217001.89437107739     
   217102.90631399807     
   217090.53570202208     
   217098.38891053054     
   217166.19111104676     
   217241.89005703761     
   217204.65752430836     
   217058.54262374065     
   217038.93070846656     
   217198.38080934674     
   217198.51479695161     
   217210.40122542888     
   216978.09896763900     
   217077.76409037449     
   217059.62838728511     
   217066.95604786926     
   217058.92937139954     
   217068.89671152679     
   217012.31099704182     
   216942.52544876619     
   217004.95163279682     
   216957.25904653186     
   216961.57403858274     
   216936.68521092850     
   216994.41479932895     
   216995.59365917687     
   217024.08609732994     
   217091.40837492305     
   217172.32293879954     
   217201.54205741020     
   217290.39812384776     
   217316.39594766049     
   217293.44365632741     
   217246.43056970084     
   217173.56860676710     
   217151.99992907254     
   217187.14360448270     
   217270.82344374282     
   217195.33879303726     
   217257.51604504400     
   217195.39864629350     
   217225.52957291642     
   217220.43309343484     
   217301.61098252379     
   217458.46403936998     
   217218.89290282023     
   217080.47735706368     
   217071.02900227474     
   217084.99499355111     
   217102.52834055363     
   217222.60484887447     
   217166.52766452887     
   217100.57137982952     
   217129.09820300309     
   217154.56802903235     
   217212.42646853565     
   217266.60397806432     
   217257.14346448850     
   217325.02398386260     
   217197.45954420537     
   217120.36210610162     
   217233.36655552001     
   217121.17623431250     
   217166.03596080095     
   217153.65648956859     
   217161.90703896995     
   217247.61489138499     
   217274.71403231105     
   217261.24867224955     
   217357.08835615884     
   217309.77936386075     
   217365.86414629439     
   217411.04393420223     
   217341.35704618003     
   217193.46365035031     
   217230.95169906144     
   217153.91325847016     
   217187.37395527420     
   217292.48123375376     
   217389.52675618106     
   217439.84731780720     
   217400.20507688212     
   217301.71406374979     
   217426.66537957612     
   217352.62029697749     
   217318.75746884037     
   217345.58337579176     
   217427.04819099579     
   217546.18028882088     
   217497.88332239530     
   217551.49330399893     
   217588.13299002461     
   217489.02125552626     
   217604.12086142402     
   217470.81774621125     
   217586.96059735020     
   217536.48866027579     
   217541.89246166756     
   217508.39865311966     
   217534.63985595937     
   217424.06315172475     
   217523.58122139802     
   217504.82745607768     
   217510.40605240854     
   217453.65660640007     
   217510.12521015236     
   217519.81971923885     
   217575.01045673995     
   217477.29624749909     
   217473.75581250107     
   217548.40541615899     
   217646.47551708325     
   217503.31814227815     
   217651.87998545868     
   217640.03172370043     
   217653.43522486367     
   217565.16077257274     
   217575.06383386036     
   217533.63229407536     
   217571.54711990568     
   217611.49811123419     
   217646.18429132982     
   217479.56902192539     
   217427.43217502526     
   217437.72548987868     
   217462.61170817082     
   217379.78055616029     
   217456.79308781979     
   217502.63815019565     
   217378.34837329632     
   217267.32371347042     
   217254.84792926905     
   217243.14513411967     
   217214.87416935607     
   217180.11816132214     
   217288.92551416124     
   217269.07973437468     
   217239.97753844576     
   217297.65617585220     
   217380.28849005065     
   217378.83778655197     
   217278.28413640757     
   217319.08700409776     
   217408.19333595250     
   217477.31514594841     
   217508.72724874798     
   217477.79738466721     
   217536.03552122100     
   217537.09759395150     
   217582.62716707145     
   217536.61022001191     
   217555.48480851349     
   217532.91016508915     
   217544.25620428548     
   217434.52678025913     
   217477.55767728950     
   217476.40392280201     
   217429.94874139951     
   217406.81572035915     
   217540.74938928851     
   217572.48717949234     
   217608.42816449844     
   217619.95214419192     
   217600.97561908129     
   217483.06208634184     
   217506.27162286680     
   217562.06710510954     
   217561.97782730823     
   217562.48934923660     
   217531.04103287941     
   217519.99064442795     
   217582.00316229428     
   217568.59966849617     
   217528.51084865909     
   217505.12727411059     
   217481.93806668397     
   217572.44185634668     
   217644.17897334462     
   217715.75404498048     
   217745.76680196638     
   217737.24569184531     
   217687.88430097487     
   217564.35458419783     
   217604.71626491399     
   217688.71836077404     
   217714.76142513580     
   217776.26535355259     
   217803.24618309893     
   217776.67184703302     
   217650.09636703951     
   217656.16455959823     
   217686.90867263486     
   217853.45695574759     
   217869.12732141238     
   217688.53606836390     
   217706.30827382897     
   217692.89801997354     
   217662.92015630158     
   217615.38940155975     
   217608.63755047414     
   217733.22841546175     
   217842.11628099220     
   217812.00191872215     
   217759.12805859215     
   217848.12717250068     
   217941.87353346628     
   217982.38974190992     
   217933.26565191906     
   217925.98666758943     
   217918.65624756776     
   217870.82269221431     
   217810.46001849885     
   217798.37235915277     
   217705.01693362143     
   217785.60294327026     
   217847.33076731517     
   217760.92561061087     
   217749.89291530594     
   217714.94820747248     
   217785.99641976951     
   217828.42640228212     
   217795.83851634446     
   217752.49641620656     
   217801.18276446912     
   217819.47374952727     
   217835.63649246434     
   217749.42548843223     
   217754.99654207707     
   217718.52865866781     
   217627.59355886141     
   217670.38771262972     
   217617.57962584402     
   217623.92305274124     
   217589.60126673488     
   217560.11339472746     
   217594.14200727420     
   217670.09380609816     
   217767.18113091617     
   217801.35452981625     
   217819.23002350298     
   217848.05436690364     
   217808.42435507028     
   217807.82045385891     
   217752.08928353325     
   217725.22939212888     
   217792.17452394372     
   217784.70153949122     
   217743.39194415373     
   217900.30759312707     
   217842.39334327096     
   217842.83228986373     
   217750.51442821775     
   217723.74679190255     
   217765.70374855440     
   217824.57765771900     
   217879.24589230819     
   217902.62913543783     
   217851.57102056959     
   217786.00930150971     
   217886.49594262597     
   217788.67109684768     
   217844.48123734808     
   217810.84223030609     
   217866.43672947789     
   217774.51078629363     
   217711.96868905742     
   217642.90523843412     
   217665.38343915163     
   217730.69768385167     
   217671.51912685126     
   217719.29900565767     
   217669.94783043800     
   217755.65419692121     
   217793.48544974206     
   217643.92770521750     
   217695.64371070237     
   217744.00904311679     
   217738.30169535600     
   217690.17468766519     
   217691.79119474633     
   217706.41275441955     
   217744.36405466791     
   217800.33474802633     
   217843.71540068145     
   217922.70645169419     
   217996.08932521060     
   217923.26566650224     
   217934.98217498767     
   217907.00690839314     
   217805.83665770906     
   217781.65947778529     
   217816.03257281621     
   217864.67259207668     
   217856.01581885610     
   217634.12347908152     
   217629.42357313109     
   217725.83659389333     
   217746.35141560380     
   217777.14780083159     
   217828.98324538290     
   217747.75353154665     
   217704.61811588504     
   217626.21798251395     
   217504.91445461218     
   217516.79400485175     
   217486.90081744938     
   217461.78215328543     
   217450.69710711183     
   217408.65190308105     
   217269.16729827016     
   217327.93694812842     
   217319.40231489710     
   217490.36578746481     
   217393.11791016842     
   217308.71768897912     
   217312.37114971387     
   217365.20784850809     
   217304.70897769000     
   217392.28133223768     
   217363.46716655357     
   217339.53758648020     
   217326.45672011105     
   217270.49432210723     
   217269.59530730368     
   217220.15339875809     
   217200.50577215495     
   217191.42907909164     
   217211.28366535917     
   217216.65906664744     
   217159.56997161868     
   217205.56845474447     
   217260.09862712823     
   217332.03742441052     
   217282.56569394562     
   217184.51971820596     
   217216.69342652103     
   217261.22222052241     
   217277.97764897760     
   217273.09354318309     
   217262.59425471269     
   217298.69522557579     
   217158.14608242191     
   217090.21972515891     
   217178.62772348241     
   217210.70508984386     
   217272.19732157839     
   217270.89637383184     
   217273.47877436076     
   217241.91074044432     
   217228.35841342231     
   217235.37230030820     
   217183.87951582397     
   217057.76966308375     
   216955.85251165798     
   216935.62881624754     
   216895.43683301902     
   216976.64135981951     
   217010.70765548857     
   216972.10777022765     
   216882.29761890488     
   216980.76305275047     
   217127.30072016281     
   217097.75291129368     
   216864.25363957082     
   216946.18239955371     
   216963.70378487007     
   216939.25198046243     
   216963.01446003781     
   216908.40985448018     
   216869.24165467260     
   216790.80291254350     
   216779.29863959629     
   216754.87925518313     
   216741.19025352030     
   216690.35469074143     
   216792.73829777024     
   216837.72478673334     
   216736.77053300364     
   216702.74355163547     
   216753.80990358465     
   216637.78030050226     
   216598.00681790023     
   216525.15717382476     
   216484.22377363365     
   216464.76526999718     
   216421.73768803888     
   216414.67998720062     
   216485.49347223938     
   216389.20460401496     
   216400.11786423635     
   216409.95183880738     
   216440.18014708257     
   216536.08595907624     
   216531.36249625994     
   216408.05668077461     
   216346.04656664041     
   216472.56780841309     
   216477.74006693324     
   216533.06665852526     
   216556.27499967546     
   216485.77979113656     
   216518.68941205068     
   216538.37703742576     
   216546.11482271529     
   216491.71593524292     
   216465.04406636933     
   216399.29843902407     
   216406.23237443267     
   216476.31762413352     
   216449.38715839889     
   216427.89004253229     
   216522.26105847035     
   216470.97888739657     
   216480.69537551681     
   216403.57971883332     
   216324.05190422855     
   216186.66954240264     
   216223.37230347528     
   216214.99377429398     
   216151.65899842189     
   216101.56570724747     
   215997.03227653110     
   216073.78728280051     
   216037.48960656422     
   216047.17304551459     
   215954.21597499182     
   215982.97169705894     
   216065.94770477095     
   216066.53518177714     
   216105.59298310475     
   215984.59289305599     
   215983.34800401135     
   215911.53631892495     
   215966.48367761745     
   215928.15189369090     
   215966.65966476093     
   215940.97412365314     
   215945.40564617951     
   215903.13163723567     
   215865.83028077954     
   215741.07154444323     
   215720.95228743195     
   215717.38878927100     
   215726.57680370408     
   215689.39860285341     
   215689.39860285341     
   215690.12371559197     
   215690.41288535760     
   215690.28939950757     
   215690.28939950757     
   215688.25346850854     
   215688.28424779291     
   215688.87261245941     
   215688.87261245941     
   215688.87261245941     
   215687.72495778749     
