   206625.77359928997     
   206625.77359928997     
   206586.53266737011     
   206601.71413112697     
   206687.20750480660     
   206645.39143858285     
   206647.62134992992     
   206529.70166426891     
   206511.60166982820     
   206430.03176705667     
   206466.07977141297     
   206452.88398386305     
   206379.37752984097     
   206512.83787176001     
   206387.71409314268     
   206306.13154821613     
   206191.40173832834     
   206103.50439238403     
   206077.21059279807     
   205972.50830151481     
   205867.90941729976     
   205884.85671747552     
   205811.65554800283     
   205824.04763569366     
   205855.55973957412     
   205863.47330758860     
   205810.79869325939     
   205756.44688279333     
   205780.05205077122     
   205827.76567965100     
   205772.40599115560     
   205894.90973780493     
   205868.10005855866     
   205795.59383638311     
   205774.27166642022     
   205683.16791262841     
   205693.85834948931     
   205614.52588883569     
   205702.94775700057     
   205634.02219737289     
   205580.74173809963     
   205581.30572890965     
   205535.97340482828     
   205610.86210574716     
   205584.88880410441     
   205524.20964136691     
   205493.63245187269     
   205547.44799676049     
   205617.76531964511     
   205482.13907610264     
   205417.91185749689     
   205509.43349843181     
   205563.16616945036     
   205565.35997868914     
   205563.52966740751     
   205582.76368449081     
   205590.50000263954     
   205559.48901520186     
   205547.76286694218     
   205632.27552967108     
   205560.61945699732     
   205489.91170370716     
   205501.65175696323     
   205543.87069334657     
   205560.59383708530     
   205551.98830118057     
   205445.72346846529     
   205476.44867389597     
   205429.01781902640     
   205485.81746632422     
   205338.27198306107     
   205367.69972963977     
   205253.62333678117     
   205209.17917184616     
   205289.88221873646     
   205140.36184942559     
   205125.23474407697     
   205121.74570149850     
   205156.69729936871     
   204974.37632771832     
   205051.94379817115     
   205057.54053866319     
   205050.51148611258     
   204977.45512350305     
   204882.93477569034     
   204817.31470997530     
   204911.65712797351     
   204947.45000764669     
   204840.79782764410     
   204876.69322945137     
   204767.25384362997     
   204815.07660033542     
   204877.31476253722     
   204876.32532353871     
   204837.64473671949     
   204809.79580837203     
   204846.72807328787     
   204920.60016826395     
   204999.28557770944     
   204939.88155553601     
   204934.52432028137     
   204825.44568062024     
   204785.51356047159     
   204663.45236483886     
   204621.47238868044     
   204633.40978436294     
   204584.91610604990     
   204448.29776339341     
   204430.10640261296     
   204389.52363214080     
   204479.22710676631     
   204482.43254409119     
   204435.39342366956     
   204418.11083666325     
   204408.36822182595     
   204501.18975835759     
   204438.67252108056     
   204463.03244878291     
   204518.21589454717     
   204601.92453059930     
   204629.92226768137     
   204549.94372088325     
   204434.18114712735     
   204435.06081169390     
   204565.95787571755     
   204517.88942882247     
   204471.04713545195     
   204480.40640339520     
   204407.65453767875     
   204362.36522073997     
   204307.39397727780     
   204247.20620251476     
   204248.02492740186     
   204134.29624928071     
   204227.99330589513     
   204196.39873067505     
   204202.96461197850     
   204145.36199523561     
   204187.04390381856     
   204217.60085624439     
   204139.39980784233     
   204077.57865077493     
   204125.63420279729     
   204175.60653600359     
   204133.27475751398     
   204108.56774937673     
   204013.04303971204     
   203921.37355295685     
   203917.83000995527     
   203883.43439239441     
   203810.94973985586     
   203943.33469917628     
   203841.13718159334     
   203822.53827469252     
   203728.00046397111     
   203813.34425519779     
   203752.31508704921     
   203770.47365086252     
   203884.03338661048     
   203883.29002929540     
   203939.30286344307     
   204004.98067676634     
   204015.44083285323     
   203959.24838723202     
   203904.06584837072     
   203984.02508868204     
   204035.47783803640     
   203967.56150781517     
   203839.93419336085     
   203786.34818261114     
   203780.84522411923     
   203792.20516136999     
   203878.53014643808     
   203769.80111940659     
   203822.91146793365     
   203834.07942933257     
   203860.83463987257     
   203817.50193335619     
   203765.74369513913     
   203941.89483278547     
   203798.51144535237     
   203797.59177977595     
   203770.32739312228     
   203798.68813034811     
   203862.74087593346     
   203930.23103841700     
   203847.50547093296     
   203810.32135851021     
   203691.89482255373     
   203771.90811980248     
   203898.22670737116     
   203794.42872888737     
   203824.51228643750     
   203713.01885664614     
   203657.84988056959     
   203514.01652899425     
   203544.87225250725     
   203436.46715177380     
   203553.89244117209     
   203603.69592809153     
   203577.57912703961     
   203459.05448680912     
   203512.33103410463     
   203460.93558580137     
   203426.66834624618     
   203382.86810893082     
   203434.42517189059     
   203485.54560770563     
   203383.14604187771     
   203339.45191220313     
   203388.32681331673     
   203367.22339412820     
   203325.79457743862     
   203205.24742442826     
   203183.37169052847     
   203067.65987703338     
   203234.06917307852     
   203200.88476071489     
   203242.78404959661     
   203189.37673148455     
   203150.28138963634     
   203226.65855632946     
   203258.94699212554     
   203170.43733367167     
   203215.03684487738     
   203099.78377106384     
   203163.12884718447     
   203175.99136654517     
   203191.18404934445     
   203002.10847470869     
   203114.08597177538     
   203142.72662068988     
   203140.30863842319     
   203013.04776805043     
   203053.89867105361     
   203021.13018969703     
   203048.60032563197     
   203032.69567612093     
   202949.93384825345     
   203039.84977202266     
   203087.67753090206     
   203081.28710036344     
   203001.44269354892     
   202920.12061274005     
   202905.77110515634     
   202867.09872680178     
   202968.06493625266     
   202977.51219533788     
   203039.37507106460     
   202982.91855849695     
   202952.51715414890     
   202975.46178657259     
   202971.71864890645     
   202980.01812370901     
   202956.01000003496     
   202951.30153361938     
   202882.51363975985     
   202899.45988662768     
   202849.31534937548     
   202858.53678535341     
   202882.59120000841     
   202900.44302038552     
   202855.78238276526     
   202778.91867207945     
   202778.23727296319     
   202921.26818229826     
   202911.97207318648     
   202922.78992583766     
   202906.26797142290     
   202804.40444658269     
   202809.66028330228     
   202790.17049047403     
   202809.36620344722     
   202794.00065443717     
   202842.77217660920     
   202799.80565800529     
   202777.26566995264     
   202794.05568792715     
   202821.59778948527     
   202704.72416605806     
   202785.93284222242     
   202818.11414316556     
   202755.55118847193     
   202849.21757707893     
   202867.05050252721     
   202766.43591904128     
   202702.10343340988     
   202735.75158923148     
   202731.52676556230     
   202705.69807250527     
   202789.67988683900     
   202764.00877502828     
   202774.02715771264     
   202626.84354939358     
   202594.26654850773     
   202580.19896685600     
   202587.10562732775     
   202554.23682324565     
   202541.44833064007     
   202601.75157097753     
   202633.95543290480     
   202615.64654079080     
   202600.17238480106     
   202591.79223244142     
   202547.21685286076     
   202430.90170899738     
   202376.87812697352     
   202391.97989135183     
   202382.48028998435     
   202400.03622506154     
   202526.87062863409     
   202393.84991064755     
   202415.90294544722     
   202455.49844604716     
   202445.66903724222     
   202458.23457725791     
   202538.52164591261     
   202510.94813271682     
   202418.07240212415     
   202330.28234662217     
   202418.11060664375     
   202286.67894445683     
   202309.91375338772     
   202305.19434684282     
   202252.31110063201     
   202255.87101148069     
   202143.86057394888     
   202183.14605856856     
   202206.90735381711     
   202171.55141803744     
   202254.65990706650     
   202246.81054257398     
   202210.22337512663     
   202191.73024493101     
   202179.21864789753     
   202124.03226417475     
   202177.91770640196     
   202210.98895382823     
   202201.37163940739     
   202236.87000356571     
   202146.36096051167     
   202172.79868398834     
   202007.57175699560     
   201990.87101175272     
   202050.57454894020     
   202068.27260393376     
   202019.34079640175     
   202030.34632691188     
   202132.67872921858     
   202150.03182642497     
   202132.62568773024     
   202105.65144884470     
   202243.92701990728     
   202107.25535894875     
   202053.58701701468     
   201996.37201985129     
   201985.86095864582     
   202048.58894233740     
   201984.35737459370     
   202076.61723460868     
   202036.06195254906     
   201950.18623011126     
   201974.43298955786     
   202031.21744251475     
   201929.55103451369     
   201968.09246334783     
   201988.82154452807     
   201941.05672909637     
   201778.10021157988     
   201785.62548475101     
   201662.76440931816     
   201688.66462445247     
   201707.56073008446     
   201691.82808780295     
   201731.12641357983     
   201740.26352839542     
   201781.34850282446     
   201747.53258837378     
   201803.16919588877     
   202001.00895961889     
   201984.93257370085     
   201954.90726293132     
   201874.08290697582     
   201850.96468687337     
   201810.84528260864     
   201816.25702713727     
   201746.26562532558     
   201629.97412835952     
   201704.79540758242     
   201717.64522930031     
   201670.94191313256     
   201735.89074196064     
   201672.59374875019     
   201704.10558769098     
   201742.27046637985     
   201695.80131722722     
   201770.12388496182     
   201722.98825987379     
   201671.19451846997     
   201647.97439255510     
   201701.27535141344     
   201746.21736512333     
   201709.94003349048     
   201717.39671003219     
   201699.97745946608     
   201681.40131264800     
   201761.28538049170     
   201768.76519890910     
   201745.71131725877     
   201726.43855514697     
   201696.37834808414     
   201625.73826592768     
   201764.91293075166     
   201757.52138600973     
   201807.88927235390     
   201722.91293676582     
   201599.33083866214     
   201639.61081063890     
   201608.68623403579     
   201538.13161657189     
   201689.25868525420     
   201760.00384363483     
   201646.97772073530     
   201787.93416286583     
   201654.93729501154     
   201746.68371458587     
   201608.47857228626     
   201640.87502554790     
   201594.95538814951     
   201609.20116511959     
   201738.61935771044     
   201712.16534825886     
   201757.82679122887     
   201755.07845145967     
   201723.49050864394     
   201702.18986651624     
   201665.68746965029     
   201544.96326678555     
   201601.39256243710     
   201529.47509163109     
   201570.96259999083     
   201567.73364639230     
   201686.23963199626     
   201613.77194850429     
   201604.13802207063     
   201463.88009405645     
   201439.27005024429     
   201467.11670801952     
   201471.22890967518     
   201485.17665559135     
   201485.83696364597     
   201617.15094997035     
   201513.16830135207     
   201465.96124611970     
   201437.64022055807     
   201462.31096770294     
   201403.08562940705     
   201433.95758557098     
   201307.14369067963     
   201283.54342504402     
   201362.24143516962     
   201447.70705161340     
   201444.14405702666     
   201441.18313872869     
   201469.83340470298     
   201518.90983004431     
   201513.45634472786     
   201481.59848751870     
   201509.12904022168     
   201442.32941692544     
   201461.70207507347     
   201404.72924090648     
   201417.28713233914     
   201465.19030304818     
   201433.74478543006     
   201418.81906196976     
   201409.83713604423     
   201453.27208852340     
   201371.48388379166     
   201395.32799926985     
   201461.98468468589     
   201405.34142766049     
   201364.02247847640     
   201411.29740293414     
   201325.88952231588     
   201345.95641837016     
   201322.32160145525     
   201261.60635129950     
   201251.53530172340     
   201181.87501910518     
   201212.20285695928     
   201310.62480137777     
   201195.08906874771     
   201297.21800367313     
   201297.09748948037     
   201242.61067787686     
   201278.69288221115     
   201221.27425522578     
   201240.78170275723     
   201289.30529849895     
   201202.91522311413     
   201182.43871214747     
   201305.14278547579     
   201254.20910306374     
   201191.56124658661     
   201127.84203846098     
   201127.13640040898     
   201042.26566946364     
   201012.35123702206     
   201048.00446563493     
   201154.02162525154     
   201287.97102406403     
   201205.22474347238     
   201178.62022420956     
   201103.48324319851     
   201132.52886402106     
   201097.34042662152     
   201056.24518591783     
   201049.09721611565     
   201132.42492947963     
   201194.23340214160     
   201170.43116915773     
   201092.91620084996     
   201049.89137735771     
   201051.03136116371     
   201020.32922039137     
   200932.29218107971     
   200900.91790182839     
   200827.72184710918     
   200894.81668439077     
   200886.37782549934     
   201055.54364013695     
   200933.79959260888     
   200853.88769459512     
   200665.77434832495     
   200669.12244698341     
   200753.10908705962     
   200723.94000507204     
   200657.18515253672     
   200727.34148617162     
   200630.49299303733     
   200629.84547819130     
   200722.58094099691     
   200808.56453156471     
   200870.80797172838     
   200864.82616284440     
   200733.16625747853     
   200826.16893129601     
   200805.87316752458     
   200809.99730488015     
   200820.62515434774     
   200911.60433459844     
   200854.23193886009     
   200855.11452019092     
   200826.17634774942     
   200851.02947760205     
   200751.19441302185     
   200844.88535212472     
   200886.87980832913     
   200839.86157015411     
   200725.09245188950     
   200636.89531373649     
   200598.91234640693     
   200644.26596756012     
   200549.48212728061     
   200693.93107511467     
   200663.92422529939     
   200705.41196595682     
   200755.33295765729     
   200722.31276309973     
   200813.06544109102     
   200797.54852573047     
   200748.94648791821     
   200694.86285720131     
   200610.62521069325     
   200634.90229823560     
   200631.83227380636     
   200677.36678094068     
   200693.95764118648     
   200572.10212473245     
   200673.98206357731     
   200621.86984249705     
   200614.14007136761     
   200562.43934213702     
   200539.30148366990     
   200518.45325702190     
   200514.52323618223     
   200487.07351631136     
   200544.93455699304     
   200547.77724922640     
   200527.03634043899     
   200436.72935651510     
   200338.03250434945     
   200294.41166734244     
   200323.35118824086     
   200437.40481499210     
   200264.10887402139     
   200241.03073384755     
   200239.80638135984     
   200304.55234976349     
   200284.24438243464     
   200264.25173689271     
   200272.05940155892     
   200294.31623501706     
   200261.38850117687     
   200303.21689035321     
   200338.32422072621     
   200267.12731668545     
   200268.60865115959     
   200216.86111869250     
   200239.25117068781     
   200204.29170954117     
   200166.94021478144     
   200287.71460480464     
   200370.97922262998     
   200374.19762427986     
   200363.40533581114     
   200321.95293681062     
   200334.18229206014     
   200328.02085537845     
   200366.40178733811     
   200375.48339253850     
   200503.08080034150     
   200410.71742405411     
   200371.17186943564     
   200390.42845344168     
   200384.62561410945     
   200434.60904371733     
   200443.46040113553     
   200413.67596726920     
   200240.74920722324     
   200139.49328956223     
   200159.02234897198     
   200061.27529703380     
   200005.24892165652     
   200093.66613496945     
   200139.28854170922     
   200137.70502781440     
   200197.92076305492     
   200255.69376846188     
   200201.04304546723     
   200130.97461092036     
   200150.47709270605     
   200189.34482456095     
   200178.73876416581     
   200145.50602438702     
   200068.84665876368     
   199994.91980887100     
   199917.90657016844     
   199943.15852121441     
   200004.79143886472     
   200074.49641992647     
   200053.16557772658     
   200115.66054301846     
   200112.97130968593     
   200137.72991282758     
   200085.83765079753     
   200038.77601020440     
   200106.93749464239     
   200166.59827181633     
   200120.22120182010     
   200020.04533975007     
   199996.45785993489     
   199954.64393554561     
   199897.98161675021     
   199940.19607485359     
   199942.02303894510     
   199922.99970223446     
   200026.03548614573     
   200081.42288539369     
   200178.38870140165     
   200140.88147108091     
   200069.88168699283     
   200080.33462205721     
   200068.58267429273     
   200273.94792912429     
   200128.71712098768     
   200168.70072349854     
   200066.15450418042     
   200149.14953431929     
   200196.14378393150     
   200211.38763720004     
   200208.77242850832     
   200208.77242850832     
   200210.11987571995     
   200210.51139577583     
   200210.93368697120     
   200210.93368697120     
   200212.12258975473     
   200212.71016561339     
   200212.71016561339     
   200212.71016561339     
   200212.71016561339     
   200212.20139825280     
   200212.20139825280     
   200212.20139825280     
   200212.20139825280     
   200212.58919111869     
   200212.44029423539     
   200212.44029423539     
   200211.95813033971     
   200210.36961208607     
   200215.54604436920     
   200189.82959555165     
   200213.70778582845     
   200148.81010044215     
   199974.88096962078     
   200100.27991668155     
   200101.88388849367     
   200150.40926353566     
   200089.58141611883     
   200187.84542204195     
   200192.37851249290     
   200093.82771941595     
   200071.09805863144     
   200039.69047337479     
   200147.69016023641     
   200106.84695263088     
   200102.08840819279     
   200076.16173403373     
   200066.00167207787     
   200089.60625638315     
   200103.64684298990     
   200158.37397001186     
   200134.03487750833     
   200219.88793548173     
   200184.33273119506     
   200210.50891256196     
   200045.07233091924     
   200118.68107718090     
   200045.18876436408     
   200060.49644392441     
   200000.02079375763     
   200123.76451573052     
   200049.90294281693     
   199955.49505623296     
   199911.64087629781     
   199963.41833447182     
   199896.31349676577     
   199877.30416522123     
   199816.29904653499     
   199825.56192749270     
   199767.92905397384     
   199860.16802766878     
   199745.48160736635     
   199646.98475511768     
   199718.88894351933     
   199725.34006733779     
   199614.03559103547     
   199584.41419411573     
   199625.50411102781     
   199624.38194624687     
   199676.12212284707     
   199595.19804356701     
   199532.50999101569     
   199533.86415142973     
   199625.54175597793     
   199690.34960849187     
   199603.38910273384     
   199401.05256889638     
   199437.20759583655     
   199458.63442936877     
   199415.41523743788     
   199371.89350596402     
   199436.39744770384     
   199488.17980137648     
   199545.47012703249     
   199547.51916812660     
   199498.29828954992     
   199535.38884840722     
   199658.15881954771     
   199557.50900759289     
   199598.14635542608     
   199560.00158113183     
   199506.48006742934     
   199481.52794579149     
   199473.64176195703     
   199523.40048814882     
   199391.48160164640     
   199469.81079222591     
   199578.10143676228     
   199466.08069992848     
   199345.39271300819     
   199385.75386927347     
   199419.48040759194     
   199539.67606504884     
   199453.57568520567     
   199367.98065765487     
   199403.22975895560     
   199320.98562552853     
   199309.53550297092     
   199350.74043176160     
   199352.21891113429     
   199301.25361107232     
   199330.52459508646     
   199212.32855123011     
   199212.33379056989     
   199212.00067116661     
   199156.86244372567     
   199135.35517257825     
   199016.49524186028     
   199081.52520485190     
   198939.02586088143     
   199033.47000987091     
   199107.39738748909     
   199155.44833475217     
   198962.27683786012     
   198977.88862523471     
   199011.34190451168     
   198949.91173426702     
   199117.99456898947     
   199079.79778162495     
   199067.30783030650     
   199083.54172307329     
   199014.44679916446     
   199024.49240897543     
   198994.88602884792     
   198985.53240397069     
   199060.62487979274     
   199132.58062357048     
   199090.81678509634     
   199029.81246107133     
   199067.57450319908     
   199061.82125494228     
   199071.25767137794     
   199046.17965068266     
   198966.10500576472     
   199018.07751135802     
   199031.81592133406     
   198974.36385352723     
   199068.39304765320     
   199053.75143350894     
   199113.51589083867     
   199071.68180110076     
   199067.34072879612     
   199055.82212150068     
   199077.03513604149     
   199087.32622584462     
   199056.81967303474     
   199181.10854240126     
   199238.06751997911     
   199235.61028149156     
   199142.57273794725     
   199153.65973221068     
   199066.54731394313     
   199107.50550560135     
   199092.12750065420     
   199100.33522832140     
