   962779.78442175745     
   962779.68888576108     
   962883.73668266914     
   962882.25094917370     
   962897.14588255913     
   962890.13755130791     
   962846.71760065609     
   962957.72500274377     
   963030.85754183691     
   963049.67777086445     
   963120.82038332638     
   963180.78058175032     
   963224.53457247105     
   963273.00369486713     
   963358.33924857329     
   963394.50312932988     
   963419.55094389664     
   963469.59994927177     
   963555.28878253140     
   963518.86184976285     
   963497.05076508177     
   963491.65620553191     
   963628.20651636797     
   963698.30050567456     
   963757.57444112073     
   963733.56323928444     
   963807.90863126609     
   963804.00968060375     
   963947.53342457907     
   963983.33231174643     
   964017.97018629231     
   964065.26210777345     
   964217.94837174541     
   964381.68053797097     
   964369.42633358284     
   964476.90548221243     
   964477.25498904544     
   964529.93631564069     
   964459.54718387127     
   964458.57650940586     
   964489.74209688522     
   964566.12153705745     
   964636.33603807178     
   964745.17600356683     
   964776.19320246414     
   964866.43857019697     
   964744.31335930550     
   964740.63531494269     
   964856.19162316388     
   964910.64224221138     
   964951.22014913673     
   964934.62025509297     
   964927.36783795047     
   964960.84862933354     
   965038.56912918820     
   965156.43687750609     
   965173.57701578445     
   965308.79935181816     
   965421.91542708850     
   965406.28290996712     
   965389.48460987431     
   965380.45688376331     
   965345.03644478740     
   965641.85935821733     
   965693.72493749531     
   965734.04649506311     
   965888.68911093846     
   965968.83221393533     
   965913.71807485272     
   966017.10742758005     
   965988.14275925420     
   966019.08604352607     
   966138.92077163071     
   966267.40027436626     
   966359.12306168501     
   966393.89397922845     
   966514.14939499972     
   966458.38340676751     
   966432.75743479666     
   966431.62661473476     
   966519.34386752185     
   966593.05555680592     
   966628.67295922735     
   966627.58694443363     
   966644.60826447711     
   966598.78596121375     
   966715.90258749900     
   966827.64497406490     
   966856.27395889070     
   966828.47895341809     
   966847.68222841050     
   966914.40184974100     
   966905.51509474940     
   966864.61549875338     
   966843.06577722856     
   966794.38221585809     
   966745.38873186335     
   966753.08025276836     
   966713.11199949100     
   966654.23273054603     
   966603.79149738664     
   966544.92268056446     
   966661.65768492676     
   966591.93056269106     
   966537.32420390460     
   966602.97248645825     
   966585.28226410958     
   966544.80289117200     
   966619.02764228894     
   966484.66277963144     
   966440.45605311811     
   966456.92610571813     
   966420.88784843357     
   966342.60011212528     
   966320.26753604109     
   966258.90040361334     
   966317.30021606840     
   966237.49846467294     
   966212.66570879403     
   966180.74184758950     
   966214.35071352310     
   966169.36474317720     
   966083.20721814595     
   966070.41175774322     
   966064.27734697703     
   966138.46041513828     
   965998.95320823730     
   966040.66348368942     
   965967.93826772156     
   965895.11800539808     
   965925.54762138007     
   965891.59442859446     
   965762.78534717986     
   965772.07677042997     
   965718.56320622284     
   965650.04980471800     
   965681.34896447905     
   965648.15199366806     
   965538.90062062629     
   965483.57961039688     
   965449.11664020561     
   965439.51534617704     
   965445.15824031201     
   965458.94525310432     
   965406.60183817579     
   965278.57548581029     
   965270.19000835449     
   965263.21068626584     
   965283.96087465459     
   965185.25977988134     
   965114.06454634899     
   965090.71258645796     
   965040.40247398033     
   964965.28319624451     
   964898.92193081148     
   964877.44110305933     
   964780.80843751936     
   964698.90979409986     
   964731.15765279613     
   964676.75060554931     
   964788.36325045698     
   964698.81739624217     
   964661.86466857244     
   964657.05876920174     
   964730.44058338413     
   964721.03054114850     
   964839.36327808967     
   964810.93501252285     
   964727.81120801368     
   964711.65334315936     
   964609.74510176037     
   964640.05195940752     
   964615.23458455014     
   964673.61725731590     
   964672.41471133695     
   964653.54802022537     
   964525.14488751744     
   964547.52189908072     
   964527.56953847222     
   964405.78150153975     
   964301.91373347200     
   964287.54005344806     
   964351.31796010362     
   964240.54578454269     
   964231.50135492650     
   964141.82620201411     
   964116.92071656126     
   964201.63979480218     
   964157.25392376387     
   964089.65591978072     
   964073.60262830346     
   964084.10669163021     
   964054.89093177649     
   964000.53499755147     
   963939.45367528079     
   963940.72594625887     
   963902.69969415129     
   963935.35697031138     
   963929.36854395620     
   963882.44631988171     
   963837.70852038986     
   963839.23773170623     
   963767.53489821055     
   963648.25764480536     
   963553.97900501709     
   963517.80198036158     
   963504.58014827501     
   963449.87991471903     
   963605.12919297174     
   963676.80150626157     
   963619.37478253699     
   963615.14410425385     
   963561.67594937875     
   963575.65616630751     
   963411.49351843423     
   963439.81418314762     
   963293.44599348586     
   963251.58695913933     
   963174.69407592015     
   963180.23991503753     
   963184.46885690489     
   963113.65363203536     
   963075.48623402766     
   963061.71452479390     
   963058.48111691442     
   963159.56634935748     
   963182.44632799795     
   963086.52815296291     
   963071.19059305044     
   962984.81300011324     
   962905.05327039026     
   962997.85216626315     
   963072.80723581172     
   963145.76684296550     
   963037.05319740868     
   962996.76749932335     
   962998.01391596650     
   963120.01177253702     
   963057.99473414756     
   962972.60586298571     
   962928.59538637137     
   962874.90861447516     
   962886.86199065356     
   962850.44736261421     
   962838.89559232618     
   962827.61978901259     
   962849.57095393515     
   962851.46148523490     
   962825.31165651011     
   962669.51828404295     
   962666.39240971231     
   962575.94134728040     
   962531.21957488416     
   962546.81005438487     
   962540.88843922608     
   962520.88569685048     
   962423.68878141104     
   962454.57823463506     
   962455.24773308879     
   962456.71035460045     
   962473.44092534878     
   962452.49689306691     
   962426.41405984573     
   962290.48991972848     
   962293.66997601185     
   962240.00627627806     
   962154.45292491082     
   962147.38533273921     
   962141.67918394913     
   962108.48309270071     
   962079.58954261092     
   962009.36478474643     
   962038.22081004863     
   962033.11119664973     
   962134.41061657690     
   962046.04263617960     
   962061.24080438586     
   962076.61955101020     
   962072.50930621382     
   962072.50930621382     
   962087.47066456603     
   962081.32863964338     
   962085.71143024601     
   962037.27523991314     
   962077.40640500700     
   961917.47308101552     
   961907.58507408539     
   961893.65449737082     
   961930.76200561691     
   961975.99902760307     
   961917.74099603004     
   961979.60544030543     
   961936.11227531719     
   961966.92837273981     
   961869.56169383891     
   961926.33863285359     
   961886.10629139375     
   961902.73929952341     
   961806.75666377484     
   961835.63513785531     
   961857.78640617023     
   961837.82527643943     
   961858.01465307246     
   961784.81471268972     
   961790.84900545620     
   961784.61970949022     
   961804.20894848090     
   961782.41834365309     
   961711.93347937486     
   961658.81820320513     
   961590.96222882601     
   961530.90445155744     
   961463.83772187156     
   961499.05023545935     
   961429.39481344819     
   961396.97300809098     
   961428.75782195677     
   961475.53175095154     
   961435.32347397343     
   961307.47650526068     
   961274.50913511775     
   961290.87362820958     
   961270.90029069537     
   961180.47589596629     
   961231.01992265345     
   961150.07920982235     
   961052.35380278726     
   961008.00631009031     
   961047.30367678718     
   961035.66764188430     
   961062.49993977556     
   960959.88224267459     
   960951.24503996363     
   960846.57671745156     
   960888.82004777098     
   960870.64136064134     
   960851.67146483599     
   960941.86830197240     
   960930.02243496908     
   961058.05159375817     
   960964.34546217776     
   960899.00522434036     
   960786.13849740685     
   960803.32363765605     
   960793.54693934263     
   960717.67888158734     
   960767.65828012815     
   960757.34006035177     
   960678.61449610617     
   960647.62438501173     
   960617.34791027568     
   960694.37857277412     
   960624.70431112731     
   960643.72693864268     
   960561.19841623725     
   960627.49687884049     
   960581.76327212609     
   960629.38441223186     
   960649.50628963346     
   960627.76535652135     
   960539.20366131957     
   960474.46067736426     
   960411.86998620757     
   960433.40292330680     
   960429.70784488181     
   960332.82710380200     
   960274.77254062763     
   960340.62106000853     
   960228.38782598451     
   960365.73480322992     
   960342.03548715846     
   960364.82865116314     
   960276.96681355580     
   960405.70325227547     
   960425.82668650337     
   960360.68541364302     
   960283.07476550562     
   960348.62041180627     
   960347.77209054132     
   960222.19869495730     
   960200.86911970074     
   960242.80937115906     
   960312.31341358146     
   960207.60529454029     
   960134.56897255569     
   960173.27010396530     
   960166.44411688158     
   960142.31598955381     
   960050.37510102626     
   960060.49274051329     
   959875.43995922885     
   959876.42198756174     
   959940.30925098306     
   960040.74898715923     
   960007.50802529685     
   959990.15764911869     
   959816.03471176105     
   959743.09552995546     
   959825.28815373417     
   959858.16466759564     
   959879.48314652627     
   959777.30166420760     
   959858.89836561668     
   959892.35272016330     
   959832.47892155789     
   959853.11832529318     
   959846.32770148688     
   959775.88710190041     
   959866.08408836194     
   959839.67647224630     
   959736.50132794166     
   959742.49755797419     
   959826.40913400857     
   959754.86330149742     
   959720.10390439269     
   959682.21011928096     
   959615.27845847211     
   959500.05759109091     
   959593.49853030557     
   959470.37457099871     
   959451.72351742873     
   959471.24962443998     
   959457.53905529063     
   959424.76183215727     
   959424.76183215727     
   959425.18501696619     
   959425.18501696619     
   959426.54431725189     
   959426.54431725189     
   959412.74935476924     
   959389.17764545721     
   959400.43309144897     
   959400.79355512396     
   959490.85469575622     
   959472.57723763457     
   959449.46976680611     
   959400.66022705461     
   959379.36935200333     
   959419.37139717804     
   959471.92570659018     
   959477.02523990953     
   959510.32905141299     
   959509.22875786840     
   959540.75564105751     
   959427.76565821236     
   959357.15420220466     
   959427.19031238125     
   959459.74057073984     
   959492.05464514636     
   959515.81188033347     
   959454.66357806278     
   959377.22355176706     
   959399.60230581800     
   959321.30084693863     
   959334.74771014287     
   959387.08111803490     
   959396.09233191283     
   959352.67923514883     
   959422.29061469540     
   959445.36456055229     
   959520.33536872221     
   959554.86957291432     
   959580.91572506749     
   959571.29701943777     
   959594.57796427852     
   959537.43747919169     
   959518.49755995173     
   959464.28286639985     
   959419.96863806644     
   959415.32589728071     
   959362.37316433806     
   959323.98233043554     
   959285.06631257420     
   959311.91858058237     
   959213.08281119925     
   959266.63372580218     
   959186.89686978143     
   959170.01280027488     
   959102.48553865356     
   959264.97970493324     
   959265.08660315839     
   959252.08394827251     
   959253.21979555092     
   959229.24622241384     
   959189.67809932271     
   959113.64344763476     
   959054.13547677919     
   959134.96225422469     
   959166.05013936583     
   959103.92049124546     
   959149.70001889917     
   959098.45680438355     
   958991.72389015055     
   958943.51840166375     
   958829.60482741892     
   958842.36183019204     
   958908.74180517159     
   958919.18043354340     
   958968.26589133730     
   958866.96425725019     
   958860.53369592456     
   958855.96582925459     
   958772.64164187608     
   958774.93292083673     
   958738.56948981725     
   958615.84119304491     
   958656.72464049188     
   958717.83449725353     
   958684.26691578829     
   958617.75609060994     
   958575.70668798883     
   958539.88678181591     
   958529.84433396615     
   958577.15895187540     
   958613.54195203260     
   958553.87761642959     
   958535.71077323740     
   958430.24975141080     
   958364.82292490394     
   958373.88830081152     
   958357.87969785614     
   958234.24108037516     
   958208.67478612962     
   958270.10045944294     
   958332.71686762676     
   958391.30896065570     
   958354.94487465627     
   958352.34038193547     
   958295.63842763333     
   958298.62520720356     
   958365.80533425068     
   958387.97245428280     
   958252.36926082545     
   958220.11479453649     
   958284.06327829685     
   958356.26691185439     
   958317.07148082089     
   958232.36813023686     
   958148.32732341194     
   958036.25189054629     
   957947.73673846934     
   957915.86285244348     
   958010.55219275574     
   958010.69117373752     
   958024.81246434036     
   957993.94479860319     
   958012.59638600936     
   957967.27446613892     
   958036.77722439368     
   957965.34842640755     
   957995.38766417163     
   957917.52351834695     
   957840.29824566236     
   957788.21510005277     
   957822.97404935083     
   957849.34285209724     
   957765.41191537096     
   957729.28919185931     
   957672.71061513817     
   957676.88922833221     
   957683.94579954457     
   957740.49173941289     
   957690.58096943016     
   957579.69557182177     
   957587.09718031564     
   957576.81987546780     
   957681.75653684197     
   957699.76789204869     
   957601.51530269079     
   957552.91276456486     
   957495.39306708751     
   957489.14934462076     
   957462.79232666083     
   957414.73007769557     
   957508.14782402979     
   957482.62198081135     
   957504.02643081313     
   957518.63409104175     
   957540.61364874383     
   957664.25059592177     
   957686.83877780067     
   957586.07233964966     
   957621.73553062265     
   957634.67989744025     
   957661.47583302378     
   957651.62590250093     
   957626.78395279136     
   957535.71418349445     
   957507.63513578358     
   957507.63513578358     
   957439.44544059376     
   957477.13140398276     
   957427.75230910990     
   957388.78867893119     
   957397.75101538992     
   957476.00636004680     
   957426.88496995391     
   957487.81287171459     
   957510.68446093507     
   957470.38829010120     
   957474.23518954241     
   957488.15448998834     
   957471.13536855322     
   957446.87414198252     
   957408.04656005581     
   957406.75062023127     
   957495.05070111167     
   957462.74243833835     
   957487.49049611029     
   957449.46290245105     
   957495.79077129567     
   957498.58243927942     
   957521.92920603382     
   957475.79121595924     
   957446.15622870158     
   957332.15845147031     
   957319.26072694431     
   957327.21046268078     
   957383.62718385796     
   957364.39789634699     
   957387.54634693696     
   957538.96500832308     
   957427.10525454639     
   957437.70218900207     
   957413.00766462309     
   957365.92657536292     
   957331.97759141587     
   957291.01501432643     
   957213.19377111283     
   957238.54108027916     
   957218.07150510943     
   957245.72124165192     
   957268.59536275011     
   957192.12476761162     
   957217.71468151489     
   957165.29617801332     
   957137.55027322890     
   957224.15095521417     
   957203.96381188137     
   957282.65633245232     
   957191.02315527142     
   957206.62952356751     
   957108.37917133258     
   957111.11030356446     
   957065.97924907610     
   957111.12237822579     
   957130.47239287931     
   957080.76027410245     
   957101.65402383485     
   957098.42547905038     
   957103.41462429299     
   957167.18619479367     
   957163.96024544945     
   957155.07727998891     
   957185.49263708701     
   957188.52729712345     
   957170.35028995958     
   957003.44454791781     
   957113.22651333956     
   957027.66054312978     
   956987.38336253178     
   956978.99515342538     
   956921.05315626448     
   956923.34082136455     
   956817.96904661797     
   956805.78016906336     
   956636.08111771336     
   956723.01125935907     
   956805.69592273969     
   956847.13184776064     
   956951.48610575672     
   956973.66337535239     
   956994.67192662286     
   956933.09720473492     
   956823.95575413993     
   956742.72256435920     
   956759.60840398795     
   956719.07384158927     
   956679.70849189453     
   956742.43879560020     
   956760.93786561280     
   956681.35236172623     
   956728.00343436946     
   956734.94533032214     
   956678.76650534489     
   956732.58054471563     
   956762.67589687463     
   956773.17906200211     
   956783.06359848881     
   956666.94948752015     
   956604.47086788772     
   956541.55102148221     
   956561.28155727091     
   956575.77772879589     
   956580.29812744574     
   956510.48809839925     
   956416.17066554155     
   956443.32900963980     
   956419.94585925329     
   956441.88894212584     
   956566.35434685345     
   956565.10047484282     
   956578.39363292442     
   956576.36618693150     
   956465.33907316497     
   956496.89418274304     
   956516.14186477230     
   956416.30665205547     
   956343.99351018621     
   956325.67193139880     
   956337.56252073334     
   956388.15077473863     
   956424.35280475533     
   956435.11955990165     
   956356.31882085709     
   956379.70284234290     
   956327.80283063650     
   956382.48268510518     
   956352.16790727619     
   956314.22421545244     
   956277.73264096701     
   956170.75283282879     
   956237.61534318386     
   956185.80213218881     
   956210.99218461872     
   956244.75510768965     
   956180.94399968057     
   956197.14355693699     
   956149.61506689002     
   956187.87784127134     
   956201.47557626234     
   956126.23093811038     
   956094.27029287873     
   956050.28898731351     
   955967.58921023645     
   955953.94712107372     
   955926.60468271992     
   955955.17451321485     
   955913.01383775298     
   955919.76937236951     
   955949.16674772673     
   955921.22540110198     
   955930.47342827043     
   955760.76774544409     
   955743.79748584784     
   955672.23312546744     
   955573.91245034675     
   955613.23471987236     
   955659.02580143593     
   955692.45854498551     
   955645.31547004811     
   955701.47257844498     
   955729.37495841028     
   955749.64181986253     
   955748.81148668379     
   955663.40166483994     
   955699.09047552315     
   955658.86446308414     
   955561.36902663542     
   955426.94427217101     
   955407.60533197410     
   955393.15524053248     
   955416.26881837042     
   955494.22157400870     
   955456.18096919975     
   955463.71978287795     
   955373.44896571350     
   955408.77635482675     
   955389.29384567693     
   955398.79518958263     
   955370.04982042755     
   955346.30770242144     
   955312.46971101977     
   955354.62787865358     
   955288.90563361614     
   955240.47207080619     
   955222.13310042943     
   955261.73889229610     
   955315.25983020256     
   955279.89105081267     
   955259.13252225693     
   955267.29114349512     
   955294.67580936220     
   955281.32305203751     
   955255.62743446336     
   955226.65571237146     
   955206.36934400955     
   955182.47991204471     
   955302.75352504454     
   955324.20232240215     
   955354.52347487409     
   955362.42962130567     
   955392.31845408282     
   955357.40929975337     
   955336.24256964854     
   955283.53375873924     
   955246.30829814076     
   955342.05861925450     
   955305.02328436903     
   955259.49117119669     
   955325.89695843635     
   955345.46036544524     
   955308.90013212932     
   955258.04135744052     
   955243.80849039357     
   955197.80346622737     
   955236.40502660105     
   955265.18910024874     
   955228.95857411542     
   955290.01111147052     
   955262.88511436002     
   955200.17684923811     
   955181.42211152625     
   955115.22791931382     
   955090.31320002640     
   955134.63909363712     
   955200.81716000219     
   955275.23501936509     
   955322.23440938129     
   955224.31944087485     
   955179.07142917847     
   955112.79457418062     
   955196.90503917309     
   955172.86621968856     
   955064.03336007067     
   954932.41739163175     
   954892.86914150463     
   954870.47182250011     
   954950.84528900357     
   955006.57873418566     
   954949.73534642824     
   955000.08148607181     
   954972.37988031365     
   955014.97650971636     
   955019.44464030245     
   955107.12574719929     
   955037.44084884250     
   955060.60325542465     
   955066.96783918492     
   955045.33816618007     
   955030.28503190062     
   955001.46509314002     
   954965.05860148475     
   954889.18866303028     
   954835.80039773963     
   954741.90541234077     
   954792.22716052376     
   954885.51747763238     
