   227069.66905929896     
   227069.70484428640     
   227095.03837183013     
   227097.16994054167     
   227011.74900967686     
   226918.18441061044     
   226930.17888841315     
   226873.72491342068     
   226823.48407717154     
   226782.31330265259     
   226780.61162325542     
   226804.47930794751     
   226749.26935216589     
   226682.33615581514     
   226678.68225786084     
   226669.94639325372     
   226625.81675568566     
   226595.82046010887     
   226515.68779704717     
   226374.57348784382     
   226391.17226596997     
   226390.81751140358     
   226347.42848054698     
   226456.27266562264     
   226390.54723692898     
   226399.44754208880     
   226355.03427527231     
   226386.40125644731     
   226274.87730746035     
   226258.52633545513     
   226247.32311625202     
   226206.38368130440     
   226145.01491473190     
   226034.90709684306     
   225958.92966794077     
   225882.85054263336     
   225851.68459163516     
   225889.37390793135     
   225855.13018955832     
   225800.06396596870     
   225636.31576752645     
   225588.77636626235     
   225630.95320829703     
   225564.67314606838     
   225441.08325703378     
   225458.71519526912     
   225504.81931271165     
   225490.45390005654     
   225285.12953752652     
   225341.86338829921     
   225297.55637972360     
   225257.37745238803     
   225329.00152104345     
   225199.24240394612     
   225177.65755490868     
   225132.95223362156     
   225158.70671895918     
   225093.19388866884     
   225200.93442123814     
   225292.79711863879     
   225218.91569408635     
   225258.46968150826     
   225230.54358365427     
   225203.85091773284     
   225237.00164694668     
   225164.42720979278     
   225069.60006624955     
   225173.77358820045     
   225087.71310424351     
   225086.70185109810     
   225111.10853815536     
   225167.18724482588     
   225223.67958409246     
   225316.02019352544     
   225186.01407254610     
   225036.30852111726     
   225084.30359394569     
   225074.39454669264     
   225096.25238053530     
   225024.62134655943     
   224973.68366793642     
   224818.60528821024     
   224779.39521490110     
   224751.85034644959     
   224670.83145361784     
   224618.09301975369     
   224657.06383748387     
   224607.20411541645     
   224640.47701917760     
   224546.20165408429     
   224515.52474267606     
   224517.81510217482     
   224573.46057457384     
   224542.02330290159     
   224545.77872880729     
   224546.05049881159     
   224461.92006264217     
   224453.28823208378     
   224403.49079708522     
   224277.90021974791     
   224223.46584640391     
   224311.49576600484     
   224177.67048664315     
   224253.42285031581     
   224318.54020476257     
   224245.09677122845     
   224264.07091789853     
   224277.91858645724     
   224281.96235685903     
   224320.96932066453     
   224366.02607965918     
   224466.29318971341     
   224397.00860621344     
   224262.86932881054     
   224313.50364385804     
   224214.45597078276     
   224149.89842487258     
   224097.04512957667     
   224190.25898032915     
   224138.26027776621     
   224043.03340945224     
   223957.18973977357     
   224019.68753145545     
   224061.06896186690     
   224035.98193197130     
   223959.08213434985     
   223862.88407797410     
   223957.62432395029     
   223895.22643473244     
   223833.65891747095     
   223897.89752501179     
   223850.25333389791     
   223775.07810782545     
   223936.55770878613     
   223829.05191547383     
   223732.20016354756     
   223743.11723160261     
   223776.40425881301     
   223840.53984596804     
   223787.68607424787     
   223683.99475862438     
   223612.56919004870     
   223629.92788333175     
   223661.46516676759     
   223608.11432058006     
   223577.87952382601     
   223570.64568047522     
   223649.39615122945     
   223657.16406159775     
   223739.67790660556     
   223803.37815737817     
   223814.57885053437     
   223737.13450164389     
   223752.15993837567     
   223809.37423836984     
   223824.71959193185     
   223816.05954637541     
   223869.89800047388     
   223799.63187447254     
   223760.82886583597     
   223665.82700796355     
   223758.14117632102     
   223723.85407465958     
   223649.52802276346     
   223708.82527548636     
   223664.83729317921     
   223671.09077169377     
   223674.67502174593     
   223571.36128258993     
   223664.13619076123     
   223622.74681742903     
   223654.43110970088     
   223636.73484455008     
   223645.93703806325     
   223668.32302088209     
   223656.42626220454     
   223510.94161223486     
   223540.93288873672     
   223476.55985015607     
   223547.02495134249     
   223480.82017715854     
   223377.93783605983     
   223407.65209872884     
   223454.49048181972     
   223420.65482449831     
   223443.78634889642     
   223355.14981265599     
   223387.17014163913     
   223431.32507626494     
   223546.18033081639     
   223621.76594968297     
   223463.19547323661     
   223486.26026194033     
   223420.90143940464     
   223523.35183451688     
   223464.70327683381     
   223459.03982045391     
   223387.56288795458     
   223404.69880587843     
   223253.68837237402     
   223276.25867772847     
   223216.65780945541     
   223316.28115367639     
   223292.51392975406     
   223235.47337933772     
   223188.40370026766     
   223171.21041991096     
   223152.34047703023     
   223157.96065599532     
   223185.50851848468     
   223222.80613803171     
   223257.78688599629     
   223247.88522287708     
   223236.79673650808     
   223096.51394241743     
   223076.88241305872     
   223132.83155553159     
   223095.28513303405     
   223144.67680736477     
   223117.00117594318     
   223124.22887147521     
   223154.26200384251     
   223176.32066406246     
   223163.99736028793     
   223161.30161640863     
   223175.14184357034     
   223152.97290277347     
   223100.51226800572     
   223039.29860357952     
   223021.24607216762     
   223043.71506780357     
   223041.57198903707     
   222996.95366136456     
   222913.15232292030     
   222911.26639497947     
   222916.52517630675     
   222821.02956673916     
   222698.38984181243     
   222689.62292586023     
   222745.66099210811     
   222754.10611335555     
   222855.44119290938     
   222802.44186874223     
   222821.19061545352     
   222912.15816630810     
   222885.95711437854     
   222906.35233920353     
   222854.60411689591     
   222823.33055321727     
   222876.29117095779     
   222820.41129727673     
   222843.76592453383     
   222812.20588840474     
   222836.35828445060     
   222919.33867000509     
   222934.06552882667     
   222765.73505046888     
   222742.23266956766     
   222783.71305333058     
   222638.81317449448     
   222664.36751919825     
   222581.29639359296     
   222591.16956889152     
   222550.15432432978     
   222585.24182958077     
   222522.88671238205     
   222499.35964993952     
   222507.13738596707     
   222545.65008865594     
   222507.29629477265     
   222473.09680351993     
   222456.16699404753     
   222405.75815123410     
   222483.44942993019     
   222479.31172387680     
   222434.44082282152     
   222357.93270338356     
   222391.84384440322     
   222391.40322594912     
   222390.45513794365     
   222388.57174845532     
   222421.25398342783     
   222371.84378065087     
   222366.06064033898     
   222310.31730478237     
   222282.14145659574     
   222252.64579885645     
   222174.41648768118     
   222171.50599395763     
   222179.50773273123     
   222186.63403527462     
   222243.63995893573     
   222276.74939801582     
   222378.52102126405     
   222414.28936986509     
   222373.26300133520     
   222306.76048676041     
   222323.08732115416     
   222321.78193775250     
   222321.78193775250     
   222353.57605018001     
   222289.83397839527     
   222231.83834620181     
   222286.08650836642     
   222270.08214277224     
   222337.39733356648     
   222400.24939812068     
   222256.32426148505     
   222116.24968289712     
   222150.76959054667     
   222218.09357011417     
   222326.63440985014     
   222280.76195586324     
   222317.51301792043     
   222179.73558054262     
   222252.46409334286     
   222295.45424972556     
   222330.80335100621     
   222274.56715100823     
   222280.36825628832     
   222240.23463082558     
   222153.83075330901     
   222124.43675926747     
   222062.44576042719     
   222022.73655648369     
   222073.60295076497     
   222029.04083473264     
   221989.83378316881     
   221965.74034556962     
   221857.45112579662     
   221874.35913504922     
   221938.33251311228     
   221871.49933381565     
   221850.69514154686     
   221870.98161084665     
   221938.82910608483     
   221986.87070156354     
   222012.53213595782     
   222053.79049921790     
   222131.59873074986     
   222119.55947744637     
   222015.25081863129     
   221990.66030419568     
   221991.66572326113     
   221900.70457851340     
   221825.76305912714     
   221818.39236893557     
   221844.34169614018     
   221805.59752037917     
   221874.93176482659     
   221852.53160277789     
   221898.67265291628     
   221867.80007821170     
   221912.98866393563     
   221922.41484457790     
   221946.90326567547     
   221879.23466148283     
   221891.06321874808     
   221851.85309957308     
   221894.82277794037     
   221811.17171529465     
   221869.11482389714     
   221884.31032040351     
   221988.92776093370     
   221963.36461369332     
   222003.52016993155     
   221879.98661033422     
   221947.63786570044     
   221874.37457040534     
   221876.03072619895     
   221830.93443106225     
   221844.73219014410     
   222005.69273322716     
   221995.58538703941     
   222056.09440405364     
   222005.81370264667     
   221981.44852538375     
   221977.36621967549     
   221870.46998154727     
   221780.69485994286     
   221797.78282701925     
   221870.33808181001     
   221903.09297799715     
   221904.51366650040     
   221850.68802041002     
   221847.09507958998     
   221899.21243175940     
   221905.93934991758     
   221963.78730553619     
   221909.21780072429     
   221817.78351785126     
   221834.93204193568     
   221821.80846192469     
   221896.24912003757     
   221843.47928077172     
   221795.49391670918     
   221764.83102971286     
   221823.59226347358     
   221773.88155882701     
   221774.95663630316     
   221739.16036645920     
   221755.37075551660     
   221733.72325768144     
   221638.50632646479     
   221739.64092477303     
   221838.93356306566     
   221836.11972915917     
   221821.77226096086     
   221830.36907978964     
   221768.71131406224     
   221800.34302529448     
   221904.39926098063     
   221880.06527520588     
   221906.65036353131     
   221847.02235089452     
   221891.81200234225     
   221930.68961566762     
   221929.92701878003     
   221878.06661486387     
   221871.75638324954     
   221864.28528545145     
   221865.23746025166     
   221847.16884675316     
   221893.60624075923     
   221868.09283182566     
   222010.61984971154     
   221928.49006672244     
   221877.34722635124     
   221836.02089950690     
   221891.68449253577     
   221903.57268547278     
   221836.87816611616     
   221874.48338019912     
   221872.04578821227     
   221954.92059960859     
   221938.74694107182     
   221882.97606497980     
   221866.28235080949     
   221812.54149281312     
   221914.28320656944     
   221900.10614364222     
   221883.67406252102     
   221774.88528518265     
   221724.30443627739     
   221827.24128675929     
   221858.06755805638     
   221813.36538618850     
   221815.71178197075     
   221817.59924448087     
   221786.30300510419     
   221788.65948036607     
   221680.02924586926     
   221729.90693097824     
   221775.96180580737     
   221713.50624592564     
   221621.15033120790     
   221694.17734555528     
   221658.48795896734     
   221709.81815279776     
   221703.86397653964     
   221645.37694457915     
   221640.88726851568     
   221641.53063594041     
   221517.15381428186     
   221551.65733666101     
   221545.72408573030     
   221526.53308296768     
   221575.15123220914     
   221651.19285500332     
   221584.66637564381     
   221630.28350889555     
   221585.97883904350     
   221511.67978765490     
   221479.75246122963     
   221455.80790195573     
   221531.97879409313     
   221543.61021056509     
   221591.45088894758     
   221604.05149349026     
   221563.05604168240     
   221659.48794157282     
   221629.32337791286     
   221647.42350719386     
   221580.66404158072     
   221452.43213365509     
   221405.32249919153     
   221512.93454478867     
   221489.61531339918     
   221425.23472637174     
   221515.47213620116     
   221610.69876121814     
   221698.47246166741     
   221663.94859236645     
   221662.20092857734     
   221491.68330199030     
   221548.54074861199     
   221360.54267584175     
   221323.50035126356     
   221414.60077350825     
   221518.21931513707     
   221499.43748380122     
   221464.32850867949     
   221574.40202300964     
   221537.82589560389     
   221596.74778448959     
   221677.15842727994     
   221605.05564069873     
   221722.77941450151     
   221837.95623362190     
   221794.95266129871     
   221704.66309124723     
   221729.36825738335     
   221859.50793997635     
   221810.44279023114     
   221876.15016474717     
   221768.78368291716     
   221832.59206476633     
   221830.47323856017     
   221814.03301982957     
   221766.81312831165     
   221836.91163418168     
   221817.66922239080     
   221796.84971615911     
   221744.81740115304     
   221787.87441527919     
   221738.87333121389     
   221696.56198915406     
   221732.98370727722     
   221741.37259025872     
   221750.63984717254     
   221626.11695760896     
   221712.85040301888     
   221681.46708416875     
   221667.48871276184     
   221588.82242088619     
   221514.11471459622     
   221585.09238391495     
   221645.09778574327     
   221618.91705535253     
   221612.57834606784     
   221685.81756522559     
   221742.44300834107     
   221792.16810575844     
   221666.83536245607     
   221751.85859433748     
   221770.49188887479     
   221814.93376076248     
   221751.64276774635     
   221793.89716281212     
   221745.73626601114     
   221940.55347617657     
   221830.79782466847     
   221763.72948349745     
   221870.48196541946     
   221845.17851364685     
   221848.59052791746     
   221847.25344600563     
   221822.80934814492     
   221863.56195163570     
   221703.36912386632     
   221684.90162225399     
   221695.38016184414     
   221748.47310280861     
   221730.85868609668     
   221755.41186665895     
   221787.49928221563     
   221711.69808189044     
   221696.64817573075     
   221698.99693413585     
   221657.00160615973     
   221705.06116531749     
   221718.57219550791     
   221581.67144013187     
   221602.68483177040     
   221623.53501981962     
   221681.14822786057     
   221692.14437796047     
   221681.14655740123     
   221776.63565613219     
   221782.50346786604     
   221811.28768236388     
   221806.15013036513     
   221830.47666875960     
   221772.04552705464     
   221744.08737691489     
   221637.41521767236     
   221587.36044534316     
   221583.41771773555     
   221540.71720316450     
   221562.47738862538     
   221590.53434769987     
   221612.02550607751     
   221587.12696189006     
   221503.53804953778     
   221456.89295660576     
   221476.39810037822     
   221504.83464271593     
   221498.15633020920     
   221408.67197993043     
   221482.66215252114     
   221530.80269924566     
   221418.70859737226     
   221420.46158948078     
   221363.78515808811     
   221476.80611709575     
   221503.56679432566     
   221464.10048016717     
   221443.98132002290     
   221355.20148805954     
   221379.31457611345     
   221449.90469996451     
   221547.41404711237     
   221571.78079059941     
   221582.52229413949     
   221581.39132019691     
   221486.06958201175     
   221456.81762318549     
   221499.19193071328     
   221480.07946765938     
   221521.05279752859     
   221550.30978946463     
   221593.63351244770     
   221541.16438462056     
   221479.09765285929     
   221464.95913390815     
   221431.24827746628     
   221486.62089155079     
   221590.15742741164     
   221633.95655121643     
   221515.73177585623     
   221562.57641653594     
   221516.45130605961     
   221479.67201464734     
   221493.79768092575     
   221555.68316323365     
   221672.96234912530     
   221564.62856578396     
   221547.87398876151     
   221547.00953238696     
   221556.85962213943     
   221539.04849078445     
   221513.11335481377     
   221431.71060328773     
   221466.76718648197     
   221437.64033293244     
   221372.95782965262     
   221424.76241657726     
   221428.30331039641     
   221481.50788533530     
   221454.50341449268     
   221432.42240980401     
   221476.05563426155     
   221531.87804338188     
   221519.64776500981     
   221573.66054548702     
   221480.75708073797     
   221471.89232329023     
   221458.07603759717     
   221464.76538627996     
   221476.53548991031     
   221409.45863822402     
   221363.18783151853     
   221498.64594632521     
   221605.60478292283     
   221506.77222642931     
   221348.01372976374     
   221447.80399362469     
   221505.85140211991     
   221485.91794479807     
   221659.14411999585     
   221758.96428687411     
   221687.07889341612     
   221550.68300255039     
   221463.01431678189     
   221381.24485136848     
   221499.02417838376     
   221512.07180240666     
   221640.70479668697     
   221570.82253511494     
   221639.25455159973     
   221628.25759373110     
   221529.84543001078     
   221653.10634017384     
   221658.49348677200     
   221640.17375647044     
   221633.50150418680     
   221601.75391998660     
   221503.17319531657     
   221517.40851987121     
   221602.94079758221     
   221560.83056469291     
   221502.18260095938     
   221592.80693349053     
   221539.08266983001     
   221500.64410938878     
   221510.64616572004     
   221494.50659546064     
   221487.31677030484     
   221402.96951857102     
   221538.91359193827     
   221581.53896655017     
   221601.76999388993     
   221596.26614855230     
   221587.30272720687     
   221477.43293212113     
   221556.08819071791     
   221443.96327658909     
   221400.76915935538     
   221326.64577686653     
   221244.79428185153     
   221232.25771436180     
   221229.28575768115     
   221199.52455903555     
   221286.69297799558     
   221223.39230154397     
   221257.90182660279     
   221266.35471574566     
   221196.19111223146     
   221172.90895398188     
   221137.04580668456     
   221113.96603556504     
   221119.02013718174     
   221139.11988774675     
   221161.05242071589     
   221257.72815925610     
   221307.90965470308     
   221299.35109539019     
   221356.17966256090     
   221314.43125184442     
   221359.19661778602     
   221372.82804773410     
   221340.21293320745     
   221298.50922590873     
   221210.71262486832     
   221248.47949877410     
   221311.77453711329     
   221324.93471543005     
   221375.69981804542     
   221486.36748170186     
   221434.46991158102     
   221545.59979670288     
   221563.34498955405     
   221556.48958321626     
   221519.17635876610     
   221471.79282576434     
   221538.58289961243     
   221497.93652006661     
   221505.63081140319     
   221484.90291026665     
   221593.67980070724     
   221566.83433733825     
   221559.53336462911     
   221446.37212892954     
   221512.11500618194     
   221603.79307220050     
   221605.39795691113     
   221534.33500047590     
   221556.08192846453     
   221544.30164377036     
   221593.08268889459     
   221572.10064469744     
   221504.13620570372     
   221609.29092946788     
   221502.87446925353     
   221566.03798065905     
   221582.29391940590     
   221639.46996749815     
   221636.89096609119     
   221695.03144038646     
   221693.19501535228     
   221661.12320135793     
   221580.45741163022     
   221559.89567014287     
   221474.85988740556     
   221500.74360332300     
   221560.86712470575     
   221613.66047046066     
   221617.94702205370     
   221668.72151336711     
   221652.00880415554     
   221601.74830800691     
   221760.46391469060     
   221670.44991668325     
   221719.69373342363     
   221663.14655947953     
   221741.27261142223     
   221737.68620295019     
   221671.80657979974     
   221656.35060802224     
   221541.22956818627     
   221564.15221293044     
   221516.18321320033     
   221535.54273513239     
   221548.27335628661     
   221445.40181470392     
   221489.86054322578     
   221501.44277027083     
   221530.83107151111     
   221636.84820051712     
   221667.91508075446     
   221598.60939794278     
   221523.36036443728     
   221527.10905160455     
   221613.20858889239     
   221582.22249264532     
   221552.16623746976     
   221545.71242614288     
   221479.85559478941     
   221573.29908691670     
   221586.23566436997     
   221613.12288721898     
   221575.61605426020     
   221649.99348105420     
   221638.15708211684     
   221722.24746908044     
   221766.68650625658     
   221816.85776583472     
   221741.67146696561     
   221604.46627308347     
   221642.07698252256     
   221657.63288605170     
   221722.47022007636     
   221681.69682185689     
   221693.98012224140     
   221678.02032145712     
   221591.24554251161     
   221569.19258283669     
   221549.93855741594     
   221638.72304990026     
   221586.34711246585     
   221501.61788041235     
   221577.04480656917     
   221597.33090322471     
   221583.55620080300     
   221475.08090691007     
   221501.33672313445     
   221529.96016643671     
   221571.43557720399     
   221589.70950445227     
   221535.86142063135     
   221527.25223142371     
   221507.45565969343     
   221538.75708514449     
   221541.81954547498     
   221507.61160695550     
   221441.73753283534     
   221436.23184735049     
   221453.43293937659     
