   203247.41183123845     
   203247.41183123845     
   203207.48499795256     
   203171.78671408971     
   203182.64696080750     
   203089.76366619539     
   203149.94363430713     
   203119.19878748612     
   203072.05075412942     
   202988.08815220054     
   203019.53106533468     
   202905.15466754365     
   202933.12159439063     
   202959.42117097793     
   202940.78531500101     
   202987.48523559951     
   203049.08246305172     
   203119.73509574914     
   203245.80109331850     
   203241.76404745466     
   203319.38214029287     
   203330.52486343303     
   203396.18913938521     
   203421.96879833093     
   203415.17386831186     
   203521.66395995594     
   203538.51868430269     
   203531.18421068281     
   203675.54300491829     
   203823.51442236095     
   203852.91145303665     
   204006.44009114298     
   204107.95686647980     
   204257.78233257795     
   204373.38658233231     
   204481.71155149082     
   204626.41158408296     
   204773.50571802465     
   204865.08970816855     
   205084.03619497424     
   205318.71422111764     
   205440.67621511538     
   205582.88622536679     
   205745.12609703647     
   205976.13684666768     
   206233.90782699897     
   206404.57308821636     
   206551.47420696900     
   206634.52460458095     
   206774.11380196182     
   206985.61087007393     
   207238.44214577167     
   207517.86772790016     
   207771.90287655490     
   208033.67663104390     
   208192.17777356892     
   208550.56108995422     
   208853.27579729888     
   208979.66297024611     
   209315.93925770625     
   209671.34622338970     
   209945.37494181684     
   210210.25858660476     
   210538.50692795700     
   210856.70386651671     
   211073.51304668514     
   211159.61195225973     
   211432.24042487188     
   211675.83826480998     
   211974.34519436158     
   212327.33432453295     
   212736.15404946322     
   213010.68463716918     
   213158.55422464432     
   213467.48836995687     
   213640.49080430332     
   213980.58761154444     
   214291.87095086504     
   214693.73044137016     
   215169.31708048141     
   215472.76209745536     
   215962.22485532475     
   216261.34945651240     
   216658.78743365899     
   217071.06590515404     
   217398.54684599949     
   217880.89720934740     
   218215.20212323774     
   218505.45891061643     
   218918.61307978380     
   219321.67510258153     
   219730.46979994018     
   220094.97710716052     
   220559.65349022357     
   221050.39339080214     
   221434.00770334859     
   221939.93584630106     
   222377.75673602943     
   222834.41089768373     
   223026.75886047908     
   223538.40768355841     
   223873.33399977430     
   224353.59052823848     
   224892.86054332153     
   225292.06071412173     
   225653.03444847692     
   226213.48421788940     
   226838.50131972783     
   227396.14009937292     
   227929.09905290496     
   228349.29617874030     
   228879.52275435606     
   229440.37354481197     
   229884.40378245863     
   230569.20625446617     
   231050.01387271672     
   231654.29105808667     
   232170.35718807392     
   232717.23791779406     
   233310.69649366342     
   233941.43907723756     
   234500.39414472494     
   235123.62625507780     
   235589.60130702984     
   236145.13299198094     
   236790.21642627814     
   237313.75735358699     
   237885.74887228996     
   238369.78179794326     
   238965.59303029630     
   239579.04430353062     
   239858.32038630539     
   240541.42362307652     
   241116.39552271285     
   241854.75517678665     
   242372.18888001889     
   242944.96992524792     
   243674.92724198569     
   244228.81533947619     
   244881.66787039526     
   245433.11590365774     
   246065.88859513320     
   246820.95049529264     
   247431.27352051763     
   248049.05744679345     
   248801.82291798724     
   249397.87743306800     
   250165.80700301792     
   250926.17444372631     
   251375.38241666646     
   252115.74272859012     
   252689.28352611081     
   253379.43442603329     
   254034.98867815919     
   254759.41282126997     
   255512.77585025344     
   256259.27508081991     
   256897.81875523474     
   257609.15529885152     
   258171.76431363213     
   258951.78544527694     
   259533.08233640570     
   260200.18573224379     
   260807.86650100691     
   261356.85169324043     
   262056.87056461567     
   262791.40702753590     
   263613.01019371231     
   264363.32371037343     
   265148.59972737421     
   265942.88442618452     
   266650.41078720614     
   267428.79008170165     
   268039.29443907813     
   268675.11491898273     
   269465.28777628171     
   270299.70627841091     
   270970.92307251826     
   271698.58871615282     
   272506.48018159572     
   273194.12732154573     
   273791.73477040074     
   274560.84999185475     
   275258.04275839438     
   275889.23760492232     
   276692.30984570010     
   277299.32507356169     
   277892.68888694927     
   278680.70316659444     
   279257.10165932094     
   279935.26311158668     
   280532.90484616434     
   281356.38565453677     
   281945.14165962423     
   282531.66637420648     
   283224.15354703832     
   283832.74215645564     
   284346.83802091784     
   285207.27917570918     
   285896.49012760725     
   286779.36514551734     
   287541.78609159263     
   288276.83204894426     
   289061.80338324653     
   289841.24350812152     
   290668.86622205516     
   291299.31068424816     
   292004.31602229655     
   292855.85527579475     
   293530.21194852330     
   294278.12020316365     
   295065.98862949852     
   295676.15496822895     
   296469.32343122258     
   297331.27119777456     
   298166.52362226287     
   298896.14584829129     
   299581.67356282199     
   300444.86669720121     
   301132.74055522482     
   301903.54394114908     
   302729.40561628964     
   303477.51712412894     
   304224.68734704913     
   305023.07845837798     
   305820.25824438385     
   306592.58168966515     
   307458.24815298640     
   308303.01062438753     
   309088.94932311249     
   310027.81335238926     
   310687.22879594256     
   311375.28074836178     
   312315.51944336673     
   313196.72975935659     
   313865.43254764820     
   314897.48241553601     
   315739.37711183610     
   316172.74057807418     
   316980.67877961724     
   317932.40802249510     
   318620.37463436747     
   319576.90999965218     
   320312.21295858681     
   321153.55175488332     
   321904.82865895261     
   322866.58076979732     
   323654.79003076942     
   324477.77908024332     
   325165.91525668878     
   325940.59772247600     
   326779.06306130748     
   327587.84016798961     
   328451.76029873115     
   329222.78524652746     
   330134.09328194521     
   330647.77968314063     
   331495.38403504854     
   332351.56134998618     
   333267.41954351193     
   334378.22066464397     
   335241.66091015300     
   336089.99913333880     
   336880.13634423772     
   337594.88294676755     
   338369.00069589011     
   338795.85430068773     
   339592.33579726837     
   340488.93363251653     
   341195.90793608181     
   342024.47245043272     
   342824.27621851198     
   343045.34633492946     
   343931.00663465139     
   344737.77922212915     
   345590.63886351569     
   346336.49928933231     
   347169.15076154505     
   347940.66400627384     
   348774.25915234920     
   349639.83161775803     
   350630.68729639100     
   351423.08453776623     
   352241.70745053189     
   352906.68751061009     
   353475.20915945270     
   354223.22259723372     
   354903.03556268336     
   355707.02573599538     
   356573.13184654684     
   357473.88341637980     
   358335.72455250699     
   359177.22243991424     
   360075.74537059659     
   361065.71108005702     
   361833.39990952890     
   362604.92084715504     
   363402.47093663539     
   364201.33503947186     
   364921.54873522377     
   365786.99376007414     
   366160.55568662862     
   367056.17836591316     
   367849.28069863876     
   368688.81064713217     
   369327.99293273996     
   370010.69363959995     
   370796.49243686663     
   371662.12567927601     
   372300.09781837015     
   373188.50694844656     
   374021.29725952895     
   374786.39863263804     
   375559.91425461671     
   375872.20882495429     
   376680.12955573492     
   377513.75682059629     
   378383.76280881022     
   379051.97100197454     
   379997.12588912039     
   380781.20665803493     
   381673.93023071659     
   382522.93128742982     
   383378.37441196933     
   384126.49108285591     
   384998.89907622954     
   385551.22259049054     
   386393.36779179273     
   387133.32577334577     
   387618.99428908963     
   388478.54853600921     
   389045.13286771026     
   390002.98185959691     
   390925.35228577815     
   391667.08819221205     
   392378.58901586849     
   393210.36032502330     
   393635.90239855676     
   394534.11132305075     
   395319.68838917685     
   396103.91528409254     
   396915.63137210626     
   397782.35156336904     
   398579.86541191855     
   399376.98522231897     
   400014.05403275375     
   400839.63660219387     
   401774.43129519187     
   402715.72779404186     
   403679.90833410667     
   404509.56831416878     
   405315.86179500981     
   406176.54985102313     
   406850.66360706987     
   407501.49184900708     
   408300.22523402784     
   409213.68079095613     
   410052.55034103571     
   410812.05420529627     
   411548.59950915154     
   412474.87617155805     
   413253.35339753743     
   414352.69850228657     
   415229.22661470488     
   416011.19069716148     
   416834.12859973230     
   417690.83285588358     
   418368.98770175682     
   419156.75438116136     
   419764.23946000042     
   420689.25970448361     
   421527.60952240485     
   422188.73236708611     
   422721.20198263630     
   423504.01987102366     
   424305.66721137171     
   425181.39854916633     
   425928.25017265650     
   426785.33948513609     
   427651.93380814407     
   428512.26496133290     
   429191.22880879138     
   430030.42549166572     
   430875.37914023182     
   431760.23185378936     
   432552.32978475577     
   433371.86166013876     
   434243.77543864632     
   434958.90869016462     
   435891.31627523532     
   436727.66055592801     
   437528.95366349944     
   438461.85130265524     
   439298.27956110146     
   440151.69000590174     
   441064.31196916359     
   441907.59050258459     
   442783.19253839675     
   443444.62479252677     
   444205.54063483427     
   444941.47009796108     
   445861.08916091197     
   446648.73369793157     
   447410.04691937729     
   448097.90449744777     
   449079.20965836541     
   449799.90393562871     
   450565.81722384843     
   450929.03834597801     
   451710.05170910491     
   452587.65009385708     
   453425.77910973545     
   454176.02784028387     
   454958.22566071159     
   455881.76859839167     
   456714.09336510173     
   457524.50419795664     
   458327.95114546566     
   459165.13320103055     
   459952.90190955665     
   460649.33967755939     
   461483.78392256581     
   462123.39956756629     
   462859.64767621935     
   463796.76883823861     
   464562.56407608191     
   465192.13627201848     
   465970.49520492624     
   466903.46426208748     
   467664.67294678761     
   468306.96001561137     
   469021.36877817457     
   469772.29316780157     
   470523.85959090048     
   471258.95509280532     
   472133.76596862002     
   472775.36880765267     
   473732.47826985980     
   474569.16572847136     
   475287.04543774429     
   475919.46189952409     
   476696.93754201487     
   477429.71383088006     
   477883.84892098163     
   478672.16278326733     
   479584.84324285015     
   480308.00937672571     
   481056.14594848320     
   481802.63876662066     
   482688.37766409252     
   483444.81344577658     
   484123.42025507364     
   484987.47425331699     
   485613.23458589707     
   486514.75294815446     
   487309.85462282208     
   488130.95323212672     
   488717.23108340940     
   489707.49428277218     
   490417.09086970979     
   491026.70989862538     
   491746.24213698035     
   492563.26829691592     
   493268.49333943811     
   493879.30673823820     
   494606.35270057770     
   495296.41352110071     
   496225.88938653254     
   497133.06214417721     
   497945.59302167484     
   498695.58314896881     
   499640.32429055416     
   500447.03700737137     
   501168.73614015453     
   501895.55821394071     
   502628.32165021595     
   503357.76981611527     
   504210.14139319595     
   504538.50372170313     
   505086.68359774322     
   505779.45966276410     
   506534.63674463751     
   507139.47569442535     
   507688.71703920246     
   508476.59432839742     
   509494.23196711799     
   510175.73189967079     
   510849.25060416042     
   511542.37705367722     
   512143.52466045576     
   512943.02130070585     
   513736.31310701015     
   514594.80909079791     
   515377.59018291766     
   516069.02156276308     
   516649.64557054330     
   517326.69028604915     
   517919.83601946273     
   518749.02077322698     
   519599.82241700118     
   520399.86618247681     
   521040.73138970480     
   521634.08250000118     
   522310.84728229343     
   523126.14117415075     
   523969.04099469917     
   524451.48595184193     
   525191.85765033751     
   526004.79608781892     
   526820.54657653789     
   527694.35987499217     
   528367.52070913243     
   529095.47038334853     
   529529.59757478663     
   530074.60775282979     
   530701.40912784205     
   531463.54184042220     
   532098.31006953795     
   532727.57610299462     
   533545.85553616483     
   534098.78464397311     
   534943.74428683647     
   535705.69186632941     
   536466.80986351729     
   537216.27220571192     
   537942.10603159550     
   538479.11415686971     
   539101.89007445669     
   539818.21621611330     
   540540.36335438956     
   541289.26582236227     
   542010.00044172734     
   542677.53276407707     
   543322.76022127445     
   544041.97109439434     
   544765.75263814942     
   545511.28833552508     
   546117.28654116858     
   546745.30872916733     
   547534.08248314925     
   548111.14410256897     
   548857.60141033423     
   549502.60505222762     
   550204.80070916994     
   550948.46786020161     
   551705.51944828336     
   552407.34386498644     
   552877.28172090498     
   553356.03613695945     
   553863.26025075268     
   554467.51457564544     
   555185.65974855283     
   555960.13457804860     
   556629.05548197159     
   557182.39797365060     
   557830.53185837285     
   558576.91396876541     
   559155.69705972367     
   559906.61042654375     
   560669.99644036067     
   561502.26026046975     
   562254.58603027929     
   562842.27238539641     
   563497.60721398890     
   564241.45948593225     
   564952.11514898064     
   565616.74249035027     
   566278.83231776510     
   566877.02011567215     
   567653.35526577593     
   568305.06086231035     
   568904.82611372625     
   569429.55670689011     
   569975.70895838214     
   570592.61081335950     
   571176.74622450490     
   571833.11081092828     
   572255.63310386997     
   572841.20146783267     
   573572.65497618041     
   574178.01129699417     
   574737.19740662747     
   575461.08818327857     
   575996.26359812019     
   576433.47390910820     
   577101.71612831904     
   577715.80659251113     
   578214.90750463924     
   579008.31829458592     
   579522.37575291109     
   580150.81990108825     
   580888.31797851203     
   581518.07599068736     
   582127.12964460964     
   582828.60791968938     
   583428.03658662562     
   584112.61839789152     
   584763.83167236799     
   585409.10748501902     
   586075.40026322333     
   586677.90623879118     
   587310.05797128880     
   587923.72184952465     
   588554.53689359047     
   589193.67056289339     
   589710.18759227754     
   590344.05084888858     
   591011.39394548058     
   591551.49726749421     
   592342.86683821946     
   592992.38416473439     
   593834.47139178100     
   594463.59499844059     
   595075.73509898584     
   595678.32916645822     
   596294.30376827950     
   596902.98477278603     
   597441.07648400695     
   597985.16717360052     
   598224.28729845118     
   598755.93709411612     
   599493.79783444712     
   600017.74146830849     
   600597.15029155812     
   601287.85803344857     
   601990.58236680494     
   602643.89526769344     
   603154.85005853651     
   603922.17897071317     
   604567.20715470379     
   605148.68453872250     
   605827.99516984599     
   606487.13428432448     
   607160.19191503769     
   607749.14040511742     
   608303.12721090205     
   608947.64642124856     
   609606.10940262664     
   610266.04702457739     
   610885.51859156531     
   611423.93573893234     
   612001.09608863399     
   612693.44762619154     
   613265.31492600334     
   613871.96377882094     
   614370.54450860422     
   614940.31915216253     
   615433.00730995066     
   615904.84669161122     
   616538.47141686990     
   617101.88716418145     
   617661.28217315883     
   618296.35940323083     
   618866.04511467100     
   619206.09160242253     
   619919.33088461275     
   620477.68753439130     
   621111.27058422344     
   621736.76699220110     
   622365.85913187719     
   622965.98191353888     
   623582.62437134073     
   624209.75320312497     
   624837.70334483788     
   625308.63715225388     
   626007.76661224070     
   626641.52921763633     
   627190.58360409865     
   627889.50113653741     
   628441.37902299990     
   628930.04880169127     
   629549.62843603815     
   630117.78264596616     
   630616.79533174739     
   631101.43612142047     
   631744.36135486572     
   632269.03395244211     
   632872.15134597500     
   633388.46121653204     
   633941.75077295152     
   634714.18082971184     
   635232.65914948424     
   635707.02822646732     
   636307.11651298916     
   636876.75137649907     
   637367.78330723592     
   638030.25033037749     
   638519.00893939682     
   639013.45861650736     
   639234.69046138437     
   639764.71394466283     
   640292.67628509016     
   641016.77856193902     
   641564.51242961863     
   642004.47983121499     
   642599.12855467398     
   643092.66249255952     
   643666.79720151995     
   644242.64334509231     
   644768.27424765751     
   645366.16704192536     
   645910.92039648211     
   646637.39416705852     
   647189.11642024165     
   647658.93112967035     
   648340.82674205571     
   648865.74824240932     
   649445.69307573012     
   650071.67385269655     
   650563.65117449709     
   651084.34872370586     
   651682.73270385619     
   652175.87712788873     
   652774.56752675551     
   653271.57305349642     
   653809.74910449318     
   654414.56882945099     
   655029.94696039439     
   655580.12513282395     
   656181.85526136751     
   656765.20602582651     
   657346.99485933490     
   657877.62449383421     
   658310.02631341526     
   658800.69466505444     
   659261.68336629879     
   659779.87202590122     
   660178.33279801731     
   660725.36044478510     
   661356.62389135524     
   661998.66362946515     
   662448.34987534175     
   663048.13470644457     
   663552.49976183521     
   664160.66311090614     
   664631.47553584166     
   665209.47414088575     
   665747.63357448985     
   666208.29374083097     
   666667.43907123094     
   667181.95649401087     
   667708.56780527614     
   668306.64709641307     
   668783.05688593583     
   669399.77845458314     
   669963.34713741438     
   670530.52329588553     
   670951.76434202970     
   671323.10589349573     
   671863.17547249736     
   672437.76303898951     
   672938.47196761053     
   673361.58014655416     
   673807.59373599838     
   674248.65264928923     
   674710.35306912684     
   675190.01638201403     
   675627.37734280690     
   676024.66907679813     
   676589.94876252965     
   677076.73868251836     
   677546.86315239745     
   678124.30009820359     
   678686.74381539121     
   679210.73443220963     
   679549.40649778233     
   680081.17552654503     
   680527.08304549579     
   681138.47385009378     
   681475.34893679747     
   681858.28049074789     
   682374.80197704886     
   682863.09181088721     
   683343.32534618455     
   683794.82389656967     
   684243.71551776514     
   684708.12184400880     
   685110.69861718675     
   685505.84823016904     
   685976.67888328084     
   686418.30525700317     
   686954.09796169726     
   687434.58142786799     
   687976.78381614352     
   688503.77686136379     
   689025.48232983518     
   689419.77052168932     
   689826.00811345351     
   690338.63574372244     
   690844.40698472492     
   691271.47989082395     
   691668.27686691901     
   691884.09654180333     
   692329.16259745997     
   692775.68290224904     
   693117.91255027277     
   693501.41628872894     
   693984.32289077470     
   694501.38844789285     
   694968.91425239458     
   695412.50432901562     
   695819.67487134540     
   696278.86745492404     
   696734.50323214091     
   697267.01453344279     
   697710.18591086881     
   698167.81452146720     
   698543.55200198921     
   698853.60079714865     
   699257.03164847055     
   699685.40627750603     
   700191.33522350620     
   700513.09533737868     
   700913.94559772860     
   701256.84069320257     
   701591.38981254247     
   702021.35571717448     
   702442.38034660369     
   702870.02544547373     
   703295.15735731088     
   703811.14412194386     
   704303.43195259955     
   704676.94908256608     
   705135.22558313154     
   705610.72920895938     
   706092.23600073124     
   706587.07820621855     
   706805.12060306477     
   707185.41734919231     
   707699.13959078479     
   708137.80067600915     
   708536.77655563958     
   708916.46070117049     
   709375.07493153960     
   709697.33869523555     
   710106.20201715641     
   710553.43972707237     
   710856.77184624178     
   711344.80119361356     
   711770.96783816745     
   712178.85602781421     
   712414.87385001546     
   712888.87107651611     
   713363.07181053259     
   713755.39292806492     
   714221.07286904415     
   714603.93389383552     
   715063.50810158253     
