   905367.34264586365     
   905367.34264586365     
   905365.10934685625     
   905390.85849668505     
   905333.73363496817     
   905244.07787066512     
   905270.48423200403     
   905247.41385746386     
   905152.25120629044     
   905106.11116761551     
   905160.81629840750     
   905222.95429355104     
   905233.60854085919     
   905237.67009787762     
   905308.22237277590     
   905199.59223760653     
   905094.19480080088     
   905029.93764086848     
   905166.93324392918     
   905093.95571886539     
   905008.90117343154     
   904909.46830371011     
   904936.86129573383     
   904798.12449794251     
   904779.55736944743     
   904779.70584499009     
   904787.61670917401     
   904684.45632766152     
   904619.65987373621     
   904622.30206845119     
   904564.96254648105     
   904581.48555587279     
   904629.89206841018     
   904634.08106164634     
   904564.03919361450     
   904622.86937776254     
   904623.06192275451     
   904563.50714851462     
   904581.25804960309     
   904421.74419806746     
   904387.46365103649     
   904436.35978165781     
   904448.16863458406     
   904433.34701801196     
   904441.40507127333     
   904435.97685996571     
   904347.36605251336     
   904356.72552042280     
   904233.05333184381     
   904219.78277357807     
   904167.36198518623     
   904141.07233608607     
   904171.30036690924     
   904081.03922528308     
   904125.83769063291     
   904130.13469901460     
   904055.47463321534     
   904059.26609837962     
   904016.87437117088     
   904070.06003692688     
   904068.37399590260     
   904064.88471663895     
   903987.64865847421     
   904024.20829933719     
   903954.11629171262     
   903831.67057344678     
   903885.35764235666     
   903980.56470892765     
   903950.83817059465     
   903932.08312479442     
   903967.15671129921     
   903861.77315527375     
   903817.56784441834     
   903730.95751672622     
   903751.51964861364     
   903621.18773605011     
   903611.37834732304     
   903743.69006493653     
   903627.12858528912     
   903574.55862520461     
   903542.10197112663     
   903512.71077018487     
   903403.99378170143     
   903359.75928096147     
   903344.87351131730     
   903327.80968300242     
   903346.21901526256     
   903368.86453540286     
   903308.03682620591     
   903314.64003406058     
   903324.50756636739     
   903300.78814495169     
   903318.41655386367     
   903288.85204109491     
   903315.15839791601     
   903294.74569853360     
   903178.92614036682     
   903113.29421403317     
   903088.84543895884     
   903022.32821284595     
   903073.84755501873     
   903045.40962266806     
   903060.28187251440     
   903020.08770144684     
   903009.07482440828     
   903066.26546615548     
   902973.21204134519     
   903035.40593322297     
   903004.75404681335     
   903023.17967168801     
   902971.64410995669     
   902932.81823340955     
   902899.84232423024     
   902886.66692224995     
   902816.18618730467     
   902698.31436940969     
   902819.59859526274     
   902812.43722749338     
   902808.64693420532     
   902931.26296815393     
   902797.49170774396     
   902762.42847986834     
   902750.52765066596     
   902732.27629711409     
   902763.45578533970     
   902649.51040996122     
   902646.79197763605     
   902753.06485207274     
   902718.80035030632     
   902738.07283325703     
   902647.09439201350     
   902547.35374413838     
   902545.32411017152     
   902673.70629368513     
   902552.91414017847     
   902535.54232710926     
   902480.30640360375     
   902454.49355821370     
   902500.02708900254     
   902499.75925750798     
   902465.00194893801     
   902432.48674468044     
   902420.20452576200     
   902404.55947838130     
   902356.94404723635     
   902213.20525195298     
   902187.49841285788     
   902246.06178533263     
   902346.80507135147     
   902311.64708726818     
   902343.36473250308     
   902335.19542786572     
   902390.18838070519     
   902341.59459888341     
   902213.28726418642     
   902140.51043317548     
   902100.49756216479     
   902123.63226200617     
   902120.89118649240     
   902124.01860168856     
   902111.01163745101     
   902158.22605526040     
   902228.71117568447     
   902178.96369350469     
   902154.74859258079     
   902122.35109417792     
   902126.31877361273     
   902076.18839840859     
   902077.10293505434     
   901959.99456736667     
   901903.94308032154     
   901939.05470623926     
   901953.87371110462     
   902001.24403282627     
   901826.07885587180     
   901842.57127547998     
   901745.33236210421     
   901846.87776189728     
   901746.31685747160     
   901704.50988016638     
   901796.61728782067     
   901663.76336626732     
   901796.02825300430     
   901820.53876835457     
   901785.50474973465     
   901799.57079037046     
   901882.92970432655     
   901928.14625267603     
   901816.77266722254     
   901743.97249854240     
   901729.10587417136     
   901675.52524685476     
   901618.30099089129     
   901604.85660521069     
   901635.44407305634     
   901605.61806395173     
   901626.97213679005     
   901689.71548916923     
   901602.79568354983     
   901605.06208189181     
   901649.54364693526     
   901570.40283720300     
   901516.94139449974     
   901496.25956352020     
   901548.55976691551     
   901473.74958691455     
   901406.82361244422     
   901385.35193007078     
   901397.14752657537     
   901392.38042399089     
   901435.98113846756     
   901412.90286105766     
   901302.17825923942     
   901289.83379007410     
   901308.49193645781     
   901295.34269414260     
   901223.13592219166     
   901105.76772922324     
   901092.38020744850     
   901150.84683601768     
   901062.35779744864     
   901187.29822396522     
   901138.35046350583     
   901145.16440896038     
   901277.74470368144     
   901284.62498631270     
   901341.32230191922     
   901304.38853635848     
   901364.18234100763     
   901286.15735422878     
   901245.73301937245     
   901123.77528178808     
   901197.44282252446     
   901281.91090848914     
   901168.32355957420     
   901147.87868105038     
   901161.90930617310     
   901144.24059435271     
   901088.78748619265     
   901115.08231425588     
   901114.35411330569     
   900993.26499680709     
   900988.39174793405     
   900957.47321046062     
   901003.01489278115     
   900839.77862176648     
   900873.89788140904     
   900878.95292284747     
   900809.32626622263     
   900747.32611264137     
   900809.25755560817     
   900810.16788542015     
   900810.29757693061     
   900797.69796334475     
   900754.08743986895     
   900733.02495766303     
   900628.04518849938     
   900582.66747343703     
   900560.78974634467     
   900592.07063629467     
   900570.42621706007     
   900570.41082382400     
   900685.96992096142     
   900738.15989044390     
   900699.65645378444     
   900615.39215707371     
   900409.52316432749     
   900512.04253056459     
   900503.77303351427     
   900433.52493852528     
   900463.41357632249     
   900454.47105237038     
   900555.74237011326     
   900441.86548469320     
   900423.19495677785     
   900361.30014010065     
   900351.32703949418     
   900342.34073653386     
   900216.64589632023     
   900196.57329756161     
   900207.95742883603     
   900231.39380287903     
   900287.20432392880     
   900247.54004616966     
   900144.74047389207     
   900140.95882788929     
   900099.73365466075     
   900161.64111875091     
   900189.74117425678     
   900240.19900383987     
   900240.05348226987     
   900206.10017159965     
   900243.18020066980     
   900256.49335337081     
   900228.46422484063     
   900265.44892737339     
   900233.45114391262     
   900199.08560928702     
   900232.11030327168     
   900311.87568938488     
   900494.75105405343     
   900476.88584902894     
   900492.78896612837     
   900479.41371460422     
   900511.44224464416     
   900467.81649848423     
   900454.21150967281     
   900414.08672696690     
   900353.29922644829     
   900377.79889516882     
   900317.81684701738     
   900182.33184025902     
   900166.50757110759     
   900088.01476692851     
   900211.76871508197     
   900182.14428375999     
   900182.81303142733     
   900193.84704914549     
   900227.51324464520     
   900276.68082146428     
   900363.88834718126     
   900342.76306028920     
   900246.64734807948     
   900116.30041521357     
   900046.06023918162     
   899999.81662465667     
   899964.99520643917     
   900006.26277413045     
   899968.61793430510     
   900065.17061870499     
   900015.91887835227     
   899976.72019773466     
   899957.17056617176     
   900011.26230526483     
   900044.62893857947     
   900108.11549214413     
   900051.34244436095     
   900145.58670278220     
   900057.94172617909     
   899995.35794323415     
   899946.62487756880     
   899858.85190904234     
   899821.39796615182     
   899795.75140499417     
   899772.34794630308     
   899785.57665486017     
   899787.04847210099     
   899827.67475480353     
   899890.27687204280     
   899853.01594900666     
   899816.09121432831     
   899807.82731727290     
   899834.07459546742     
   899880.48120930081     
   899764.65000498027     
   899788.31690994056     
   899768.76032844221     
   899700.05635932775     
   899657.84078590723     
   899661.43722568441     
   899733.70267070387     
   899630.67626348871     
   899642.65938048984     
   899652.05652882857     
   899591.89460136835     
   899605.47269445879     
   899652.54671250016     
   899638.19475070247     
   899633.59341231606     
   899673.30629968923     
   899702.68228356482     
   899653.27376516105     
   899588.33402577881     
   899624.54934069072     
   899722.42122590111     
   899538.06794778234     
   899507.67283023987     
   899491.24138056347     
   899415.89538672578     
   899478.13911688305     
   899433.14216409903     
   899390.56343158858     
   899283.66398706345     
   899261.16042363341     
   899288.51758487278     
   899294.25734202552     
   899234.72578978830     
   899222.76242354023     
   899215.54080770479     
   899154.07116688590     
   899121.73258092592     
   899121.73258092592     
   899121.03298527119     
   899187.57803487184     
   899026.12405276683     
   899012.76016013068     
   899012.76016013068     
   899014.15877281304     
   898942.53758408956     
   899073.81036701275     
   898967.10020245076     
   898902.00378132844     
   898913.42997743026     
   898801.81936017273     
   898831.06586026913     
   898847.67269340367     
   898786.57837945013     
   898820.51969744416     
   898876.28334188426     
   898828.30370821862     
   898828.16939217411     
   898894.40265229775     
   898910.62291950348     
   898971.63709813822     
   898855.73890784348     
   898789.34842722921     
   898757.96264402429     
   898761.28658238030     
   898627.60340432834     
   898633.80212154018     
   898737.54098202218     
   898698.98391329625     
   898610.68298528949     
   898672.77618668089     
   898678.76812040084     
   898628.32922083675     
   898606.80273322540     
   898617.10556387436     
   898565.49061080604     
   898596.81509275839     
   898590.93419772806     
   898437.90232551587     
   898408.63020024239     
   898339.69749000494     
   898477.60942681122     
   898443.78348097554     
   898502.81597526767     
   898499.11568631011     
   898575.56798079994     
   898615.16313405789     
   898570.45886129059     
   898560.92986435164     
   898505.63706962764     
   898418.68272765656     
   898350.45046695648     
   898323.66764715395     
   898284.68392294750     
   898258.95069686242     
   898167.85436586849     
   898275.97171266365     
   898258.61056228681     
   898239.85699492670     
   898295.81810362765     
   898287.88511830033     
   898187.27435445809     
   898276.06749296398     
   898225.44542740495     
   898185.35776981607     
   898302.34385238972     
   898314.59913200035     
   898396.63761652622     
   898399.07521285070     
   898330.31096346315     
   898332.83385471185     
   898288.08665290324     
   898257.20901074831     
   898140.83723707718     
   898095.64318604220     
   898084.50012027426     
   898025.09190753812     
   897987.44792682969     
   898046.39921629475     
   898006.49846663361     
   898074.89762690675     
   898142.95908488182     
   898176.71307638404     
   898021.30168001098     
   898143.09927528410     
   898180.03443435323     
   898109.70697401580     
   898075.01026090363     
   898167.49973474361     
   898129.21923870244     
   898101.38271468715     
   898155.13060794829     
   898193.63584152609     
   898246.32422292081     
   898194.80612612085     
   898294.37903885497     
   898355.54549958359     
   898399.91165869997     
   898369.56469230470     
   898296.52696151903     
   898233.41749129444     
   898163.58838533144     
   898137.20279477397     
   898213.18099499610     
   898360.69719576743     
   898311.01659638609     
   898272.57377285254     
   898282.50443841342     
   898305.65413388226     
   898262.02765738196     
   898286.05811260745     
   898210.44620741426     
   898159.65936136513     
   898146.11538599990     
   898151.30736665777     
   898068.23178147792     
   898127.20810804795     
   898104.38114478125     
   898122.34113158949     
   898124.53284550086     
   898073.98004346166     
   898069.47195495339     
   898066.05318941281     
   898079.39222463919     
   898110.26896964351     
   898185.51869340986     
   898187.66348396358     
   898210.88938321022     
   898201.98515060882     
   898222.89799287042     
   898169.43354388757     
   898137.72917197994     
   898086.76066631800     
   898046.12713584315     
   897958.47948078276     
   897926.34995728987     
   897953.08510947833     
   898010.56290494313     
   898059.61763658351     
   898108.27731002867     
   898161.03774307948     
   898145.80784923688     
   898125.89297603990     
   898132.87283073773     
   898153.88671215449     
   898192.53391902370     
   898131.93633112649     
   898103.47828458203     
   898080.29739139287     
   898135.87956879602     
   898141.26472891914     
   898137.40645013610     
   898214.47455097188     
   898135.51105048414     
   898136.44229533256     
   898199.59874184045     
   898169.54550989904     
   898122.79452209442     
   898112.01121185487     
   897999.40969527618     
   898145.18762993976     
   898086.62460601074     
   898067.82137221843     
   898087.33995114826     
   898151.92866648885     
   898121.88223687839     
   898029.15193685691     
   897958.65393939754     
   898027.07352801692     
   898000.61667363544     
   898030.98979643418     
   898047.00104713929     
   897951.20698053180     
   898038.38682138978     
   898026.49820433662     
   898014.29998885747     
   898074.56413173745     
   898064.99573747837     
   898051.79400200956     
   897912.35780529305     
   897925.46132179210     
   897974.82442304143     
   898025.22339509823     
   897974.63100543432     
   897868.16690461722     
   897798.77971787192     
   897856.03811750945     
   897945.47324474505     
   897915.19059048523     
   898019.46068522369     
   898015.51641817403     
   898039.29801376397     
   898043.03841640428     
   898087.55330919835     
   898046.45301288983     
   897962.84465708304     
   897800.52405327803     
   897847.64742000890     
   897864.23764246784     
   897758.48972123675     
   897596.96662690619     
   897696.90882543509     
   897661.22692471219     
   897785.87085432792     
   897671.69909023028     
   897690.42174371285     
   897641.62726949481     
   897688.15591836977     
   897738.39675408741     
   897812.21181786770     
   897739.86012281675     
   897722.93229493930     
   897757.98796942725     
   897731.44960205141     
   897744.03776260803     
   897780.88424337120     
   897777.31478425302     
   897760.58179082174     
   897800.37158079189     
   897776.30182612268     
   897785.99094972166     
   897688.57467224100     
   897680.75598149793     
   897673.25739965437     
   897698.55341031740     
   897681.90700597665     
   897677.75302814716     
   897624.64854964800     
   897729.32366106438     
   897772.33430336404     
   897693.38457390864     
   897716.01727937593     
   897624.64420045516     
   897618.54776781623     
   897623.19889706851     
   897584.70473986841     
   897600.26475044608     
   897612.72333768778     
   897546.03548643528     
   897650.49199491425     
   897534.27429343783     
   897544.58905497205     
   897629.34620172530     
   897496.95605693304     
   897586.79361589532     
   897654.51284585614     
   897677.94472888974     
   897698.64198193233     
   897746.67194309563     
   897616.86149522453     
   897568.58498735563     
   897428.24073841877     
   897363.29652237019     
   897415.82844443340     
   897402.37190703931     
   897440.02489053027     
   897469.16840904788     
   897447.51952700003     
   897421.60920749558     
   897463.28106232127     
   897452.58169220388     
   897402.46178212191     
   897284.84411395434     
   897227.28940240445     
   897287.75118861056     
   897230.52492929366     
   897167.59576977906     
   897120.07009238633     
   897025.71644456335     
   897008.57227032294     
   897079.75343016442     
   897038.64218097168     
   897035.94006751536     
   897044.59105709544     
   897018.16537278763     
   896965.83530666563     
   896931.35600657307     
   896913.57739841740     
   896921.22953283996     
   896950.86547220487     
   896940.65491448087     
   896922.47559177107     
   897033.48128605075     
   897032.02985395864     
   896994.16888509621     
   897028.17921693006     
   896978.31920672720     
   896945.77339138382     
   897039.30574980320     
   896915.27233385330     
   896777.72539207374     
   896696.84048326174     
   896725.71852161747     
   896723.19077902031     
   896764.27600530419     
   896786.56698285276     
   896810.37181790324     
   896828.96310277889     
   896714.85314458259     
   896713.47003074118     
   896640.92448008293     
   896690.05827655143     
   896760.26018769538     
   896680.16691056348     
   896651.70374107838     
   896671.44541782665     
   896592.26790885942     
   896542.36767308076     
   896542.28077380848     
   896438.88467293698     
   896550.67367966904     
   896444.86578617571     
   896513.67702056328     
   896432.27852576273     
   896455.79040316085     
   896472.80025510711     
   896492.30828247545     
   896569.75856033107     
   896557.75797102589     
   896559.40105024923     
   896521.04747714719     
   896427.64129606611     
   896337.21633879223     
   896416.44925917767     
   896395.87259741139     
   896369.68587653106     
   896419.13847205788     
   896474.96761259052     
   896473.37221807835     
   896443.00954319711     
   896422.40111983637     
   896389.41069687356     
   896367.24178831803     
   896378.44246657111     
   896402.45072196762     
   896477.37876033038     
   896465.53388492460     
   896489.66383868677     
   896528.09244672686     
   896565.16138441151     
   896449.32262826443     
   896341.10847524169     
   896240.65576996293     
   896245.64718789421     
   896327.98263862310     
   896239.29518234311     
   896231.68940104765     
   896224.82377553196     
   896212.14074739302     
   896147.66721960530     
   896128.91772816249     
   896215.40730597696     
   896245.25117608288     
   896268.20381853136     
   896229.01349285757     
   896228.04252146033     
   896179.40385773394     
   896251.90487546893     
   896319.32774855976     
   896214.38268294209     
   896225.41347473161     
   896097.08073698881     
   896133.25521581608     
   896155.38553435367     
   896225.42155824951     
   896105.77259032265     
   896105.68654606433     
   896050.05961526569     
   896086.35226887988     
   896070.71203195257     
   896131.63867695502     
   896041.47752102767     
   896027.46884824592     
   896050.59819467796     
   896049.04879042925     
   896020.66061542812     
   895945.74219918507     
   895964.69108016731     
   895900.51416747749     
   895822.18347052927     
   895972.63028694422     
   895977.14938663505     
   895861.53904211265     
   895966.39549882733     
   896036.26797409961     
   896029.11838483426     
   896015.82379305700     
   895976.28540991072     
   895915.53657196346     
   895891.30998929346     
   895875.28411353193     
   895841.78593990323     
   896020.38654166728     
   895869.93731679174     
   895834.60912461218     
   895928.23778857291     
   895795.69786282361     
   895724.44917760626     
   895574.25441066863     
   895585.23851106898     
   895531.33882222336     
   895557.32609255449     
   895633.93981934502     
   895693.55782916339     
   895603.03313233599     
   895615.59943990095     
   895622.09666824772     
   895644.85009185283     
   895621.83681867633     
   895660.70723160694     
   895765.08692162496     
   895720.75033902377     
   895692.21757607360     
   895655.36777231086     
   895653.04382929427     
   895680.25774907018     
   895600.49255276984     
   895595.32416239346     
   895670.04577351268     
   895747.35090008483     
   895675.89226852427     
   895671.81004590297     
   895661.65456699755     
   895582.31454292894     
   895662.31489020330     
   895523.12977361446     
   895557.28340496449     
   895594.13986590563     
   895537.11829876713     
   895646.14545986359     
   895731.11407153041     
   895604.56818039191     
   895619.94787493744     
   895562.91519319720     
   895523.64388091967     
   895552.74400712759     
   895528.69051973242     
   895568.77163496008     
   895588.07901784556     
   895645.31111028767     
   895599.52740830544     
   895583.76043122134     
   895522.17310886609     
   895525.66513276147     
   895500.02583989606     
   895589.83869715990     
   895613.17876740301     
   895672.01969511365     
   895639.17314267426     
   895654.01723946386     
   895638.20144206891     
   895619.89509104658     
   895695.70797080419     
   895724.31440530950     
   895647.21445809107     
