   206041.31926948734     
   206041.08714142290     
   205874.66396836968     
   205703.00616503187     
   205611.07334652817     
   205615.84152241857     
   205462.35091852114     
   205452.52555733130     
   205348.32254953901     
   205383.78322522674     
   205280.88421894948     
   205230.84452030947     
   205260.44839257581     
   205193.23941843762     
   205160.45996087557     
   205086.46476404206     
   204988.05494590770     
   205021.20368097944     
   204931.37953989112     
   204818.30572750550     
   204789.43765962459     
   204674.02100463639     
   204669.62621227890     
   204733.71454896146     
   204779.67362178594     
   204567.40598609939     
   204531.31677122376     
   204534.59504757769     
   204522.80935129279     
   204547.78183223380     
   204526.81768406133     
   204479.14313323417     
   204444.85345902701     
   204390.37981923431     
   204259.01873383851     
   204119.73092948500     
   204047.45379344770     
   203936.07909448797     
   204011.92535297637     
   203947.87683574035     
   203880.79230303119     
   203897.11545412053     
   203850.79627562157     
   203835.58873373966     
   203800.20504788801     
   203739.64834204345     
   203676.90616427016     
   203625.49488658845     
   203492.34585291700     
   203489.85279109565     
   203437.99773915086     
   203463.08651764671     
   203477.92782538355     
   203411.03894128202     
   203400.77304387229     
   203383.55428810872     
   203344.67113364153     
   203248.95022130254     
   203259.88939190222     
   203322.87112457326     
   203333.53031310294     
   203210.07186270054     
   203281.40418896783     
   203232.93580569007     
   203119.16117204714     
   203002.39161549622     
   202985.03003294798     
   203026.39480509679     
   202970.03666180334     
   202883.59921813477     
   202754.17164111524     
   202833.90289565705     
   202816.88631615500     
   202733.90491389704     
   202735.22464183409     
   202744.06962701425     
   202526.92113077841     
   202452.68538388377     
   202409.83727045823     
   202411.60336289482     
   202447.22105488688     
   202211.65215506291     
   202159.78660293712     
   202155.96152766020     
   202088.96258080652     
   202038.23290860158     
   201985.09383728766     
   201998.20602011902     
   201996.28395868069     
   202017.36590828886     
   202006.08832044897     
   201913.76407329799     
   201854.09924157048     
   201886.75283866964     
   201960.98116003413     
   201962.14567484555     
   201997.20122370491     
   202036.76563100473     
   201879.44566155266     
   201984.89887419771     
   202064.32366872561     
   201959.67508868271     
   202000.74434574731     
   202003.57698473352     
   201888.54352583681     
   201811.16349422373     
   201850.53460928940     
   201775.43730661436     
   201735.17048990584     
   201644.39518809022     
   201610.78908866656     
   201618.59149457791     
   201636.30616489385     
   201733.96330513284     
   201793.06760265934     
   201721.95479140547     
   201724.88999783443     
   201679.47904774122     
   201706.52250901345     
   201755.58182124543     
   201885.94505085255     
   201862.62462823611     
   201723.07577362400     
   201786.91294598364     
   201717.24296336551     
   201783.03524737887     
   201681.36597088233     
   201804.89140361510     
   201788.25325051797     
   201733.21135797640     
   201735.88444023044     
   201706.26245314357     
   201637.52311593082     
   201593.40076817371     
   201549.30606907955     
   201446.91310331554     
   201374.32561870897     
   201383.84222061577     
   201345.41910964518     
   201343.08917991101     
   201348.81327013904     
   201383.81003142835     
   201326.18957870532     
   201412.36535560401     
   201266.07799623080     
   201191.82806857815     
   201189.15377375940     
   201158.06752365915     
   201017.97456677328     
   200995.99444969738     
   200964.49241572863     
   200954.66567185018     
   200862.54600877772     
   200867.21974076607     
   200789.84050560283     
   200858.69834864544     
   200842.48149967016     
   200881.58841225560     
   200789.45351307737     
   200651.11406374592     
   200746.13755444656     
   200812.69766034637     
   200678.23034790441     
   200662.80465673772     
   200595.47695632320     
   200630.70464294008     
   200665.79915679496     
   200738.36269868791     
   200629.68058609375     
   200651.87094714039     
   200657.38021148759     
   200569.77659715290     
   200491.23365305419     
   200422.81788205646     
   200458.21335753001     
   200501.98693179531     
   200446.76259088577     
   200494.82630112575     
   200421.64503086772     
   200534.77210602653     
   200486.48586101099     
   200426.66439909401     
   200447.38688067219     
   200454.89459874955     
   200411.48133685745     
   200458.91965108193     
   200501.41796198118     
   200394.42367685077     
   200414.39280580994     
   200384.98503862537     
   200307.81155197808     
   200312.78813056936     
   200404.92391314247     
   200374.26850230101     
   200335.29632830422     
   200292.28927268839     
   200219.07256110292     
   200221.11364378728     
   200244.86227832700     
   200257.27856918841     
   200331.71007232502     
   200384.78108524421     
   200375.89543279514     
   200326.60929359717     
   200287.45110750021     
   200219.03499897645     
   200137.87619386983     
   200182.34498870993     
   200153.93916532549     
   200236.24137247031     
   200311.08045688522     
   200135.76782958722     
   200083.55165826817     
   200054.20009639993     
   200043.45832573366     
   199981.31613264381     
   199882.50791211380     
   199764.36043135033     
   199724.75702559148     
   199682.46267608300     
   199633.30196307963     
   199548.98257404432     
   199515.11564734904     
   199538.45701362286     
   199567.86555642862     
   199525.03670730500     
   199525.64905366872     
   199645.71571030872     
   199525.79588651354     
   199400.63508411948     
   199333.47309836530     
   199339.84601890095     
   199378.93441690685     
   199437.28676229087     
   199327.60146452501     
   199412.68069392780     
   199365.20454241629     
   199347.76875181953     
   199299.39287869196     
   199296.68884514307     
   199133.55020225249     
   199158.46343477373     
   199030.10765725581     
   198923.36990635336     
   199084.63024443568     
   199046.76094692090     
   199178.93800672507     
   199243.59809031448     
   199298.49875400422     
   199328.86596248072     
   199181.13425702343     
   199233.94952881563     
   199297.60408346541     
   199218.37900701392     
   199199.56774824113     
   199198.79663120722     
   199200.20578907465     
   199218.87268586006     
   199248.38789275990     
   199202.01272268611     
   199194.06109842678     
   199296.12431267038     
   199299.43315869701     
   199221.10749130099     
   199221.53156427591     
   199182.67348778853     
   199131.41995110898     
   199032.96333013661     
   199113.34792123761     
   199108.41311907928     
   199121.70690712600     
   199189.12709213310     
   199038.69505908852     
   198877.83208762860     
   198855.61703557672     
   198999.09865044086     
   198955.31822144258     
   199042.85695682259     
   198946.91822456088     
   198914.24714557795     
   198785.99111455667     
   198844.47517622571     
   198747.86344839167     
   198761.36529606624     
   198710.90811717056     
   198758.96022256080     
   198859.09908638417     
   198855.81154632970     
   198824.69550471861     
   198907.94826085691     
   198837.61918257800     
   198802.76679608342     
   198854.55328182946     
   198782.79610150825     
   198648.51343092407     
   198702.18456090649     
   198603.02331311710     
   198561.62728050168     
   198622.47982954310     
   198580.44476457019     
   198587.60206956777     
   198604.81858071469     
   198546.41218286799     
   198466.43967360648     
   198439.97975997126     
   198475.52140389962     
   198475.99802773015     
   198457.34278179827     
   198595.57026602718     
   198493.73698170934     
   198638.93092863518     
   198695.09315793900     
   198742.89035542472     
   198724.76138033779     
   198755.92196163745     
   198716.30366369314     
   198606.31123628345     
   198569.06698080845     
   198445.34197743612     
   198411.02081416309     
   198494.21583734045     
   198446.32820666398     
   198313.84815991187     
   198176.95224428878     
   198225.37093895648     
   198344.56062444081     
   198436.91210107380     
   198449.01559826065     
   198324.09863117739     
   198278.24444218131     
   198284.41515329518     
   198269.66138806360     
   198209.77475157258     
   198192.19134769856     
   198198.39710998716     
   198158.80859812125     
   198153.68979915953     
   198134.90961061622     
   198028.37799141396     
   197986.82906999698     
   198017.50504233100     
   198046.23600004701     
   198114.41428968176     
   197944.87535596068     
   198012.61899192081     
   198049.82065499146     
   198109.14760690829     
   198098.13162671553     
   198019.12946390943     
   198046.87590109519     
   198102.89194882565     
   198022.04321298248     
   198055.98632871039     
   198033.48080665729     
   198038.05117586409     
   197993.62778913899     
   197953.35478163563     
   198004.17430528556     
   198111.65293848849     
   198018.40453771187     
   198063.62219058198     
   198043.33118265940     
   197983.74070644364     
   198027.73443116702     
   198036.61570473251     
   197924.18301569219     
   197927.45235394355     
   197895.92940343014     
   197971.96183879735     
   197923.50011895932     
   197897.35248601585     
   197945.47525856839     
   197821.69772375352     
   197914.22170190868     
   197816.84226018470     
   197836.58450240674     
   197850.07835528240     
   197846.21321309949     
   197771.68021537107     
   197826.91119757970     
   197893.56932186868     
   197872.88990534184     
   197829.47685279659     
   197854.48206691485     
   197803.78740287520     
   197740.53003403428     
   197690.93858257649     
   197666.49347088428     
   197743.24455924309     
   197643.73898221288     
   197574.20985997311     
   197514.27344334032     
   197519.10916657621     
   197563.47203436276     
   197501.37070991594     
   197540.81131073157     
   197622.60543817870     
   197655.04191172530     
   197608.36757289365     
   197661.29810004137     
   197673.50834219737     
   197717.78700289573     
   197774.41059689081     
   197697.25580249625     
   197751.18227567436     
   197754.74177613665     
   197872.49168524327     
   197851.22086939085     
   197772.59755055301     
   197844.58635203936     
   197804.80360177561     
   197801.44182148337     
   197797.34663509278     
   197894.92676930432     
   197777.11735668391     
   197796.72110280383     
   197696.56074917939     
   197629.79500618420     
   197691.46894207463     
   197589.02277580788     
   197680.77770974231     
   197655.18665486336     
   197706.78622703571     
   197637.61704281627     
   197616.22938584629     
   197607.00099978448     
   197605.96192267005     
   197515.10083502802     
   197443.54054421707     
   197489.46652788183     
   197514.97711702480     
   197514.63261441622     
   197467.28560059855     
   197434.52726809084     
   197557.60855288815     
   197627.30229806138     
   197615.44269793227     
   197532.89833415675     
   197520.61322505097     
   197742.32714061849     
   197691.35045325430     
   197737.41054946679     
   197682.02611329019     
   197703.01007022237     
   197673.88953529944     
   197694.39961113126     
   197706.52868974989     
   197663.97942395808     
   197620.14494973290     
   197584.08306466075     
   197598.80756300222     
   197619.33465287165     
   197604.83816080930     
   197576.73658637027     
   197513.25746035675     
   197504.74272792766     
   197513.70632732793     
   197490.26231999451     
   197494.69772285910     
   197437.54854833466     
   197506.71281503091     
   197473.19404954099     
   197494.15485541109     
   197497.35090847808     
   197560.86638281867     
   197601.85533929878     
   197506.46206970356     
   197484.64084623367     
   197371.97136836135     
   197444.25582787185     
   197410.60758570858     
   197462.70892453351     
   197406.44180926780     
   197400.11706584820     
   197433.91379895329     
   197338.03392755473     
   197300.62050343060     
   197391.38927529234     
   197518.93729395029     
   197401.21004472597     
   197370.50566819755     
   197281.48601528650     
   197272.15660739847     
   197292.80674845914     
   197284.41638229002     
   197322.03193666364     
   197267.22015433031     
   197353.04310486279     
   197298.68419206387     
   197255.30448682321     
   197135.74159046012     
   197148.80332927039     
   197164.55904914218     
   197102.38780177131     
   197095.11595353967     
   197144.93285415927     
   197217.35337051708     
   197113.38379862672     
   197016.55541423324     
   197094.57669954406     
   196918.41601549205     
   196991.73385122718     
   197089.38411028692     
   196940.44990724575     
   196971.30715794850     
   196970.19272693203     
   196997.51778958886     
   197199.86600947546     
   197132.15344846906     
   197110.18557040027     
   197054.92823024458     
   197038.42068535188     
   197016.16326800542     
   196942.34672224012     
   196849.93550642635     
   196975.66989296812     
   196972.87880793659     
   197008.58459738665     
   197016.25755563335     
   197123.35438917787     
   197104.14086139959     
   197034.07480218151     
   197112.46916707722     
   197044.00561444004     
   197105.86248692265     
   197071.70581326730     
   197042.54317054077     
   197055.98868016235     
   197004.74705561777     
   196958.88588883128     
   196963.34038909874     
   196917.96592940480     
   196892.42128935724     
   196945.68833858808     
   196937.17581671700     
   196876.21536941867     
   196958.41858355899     
   196991.11095458316     
   197004.60518086044     
   196957.42778227900     
   196976.46630865321     
   196958.36945438382     
   196891.30876768084     
   196866.76709272806     
   196789.53919037522     
   196816.68998901805     
   196901.34217557000     
   196933.22646964670     
   196957.76245587392     
   196961.51984423064     
   196902.01758825954     
   196867.12356915808     
   196744.40803605446     
   196844.08485534845     
   196891.58340169629     
   196894.34746938405     
   196780.67404158085     
   196888.92288648972     
   196897.45822361231     
   196830.10083345082     
   196874.76836074935     
   196901.40411159859     
   196946.50309998298     
   196835.77207815857     
   196795.40549395364     
   196810.22515044879     
   196880.73605196219     
   196699.53438545426     
   196728.35893809827     
   196646.93497982263     
   196648.54392754700     
   196630.07184534174     
   196655.28990294499     
   196661.02021334466     
   196703.30687341769     
   196665.09140353213     
   196641.11229780616     
   196607.50955012103     
   196631.87282570035     
   196830.03005133412     
   196815.62938538604     
   196797.93395539309     
   196812.23465730957     
   196799.04950150539     
   196801.62710213629     
   196837.62513850222     
   196832.76605062012     
   196791.48707010067     
   196750.54722185148     
   196789.28276455920     
   196787.05254769165     
   196793.37619643050     
   196688.38083081128     
   196704.80429858918     
   196609.88995005295     
   196555.98745285143     
   196599.17050502184     
   196592.30609990252     
   196580.13998127828     
   196688.29483600933     
   196709.50901594126     
   196727.90288316424     
   196646.40732722083     
   196618.17256516614     
   196477.20137057395     
   196415.58297307690     
   196424.16637117279     
   196488.15434048820     
   196640.55543744474     
   196703.33341978435     
   196599.91738653157     
   196710.68498426522     
   196751.24691668613     
   196614.04938553905     
   196664.55729131014     
   196582.35323849789     
   196516.90738618901     
   196572.03517217419     
   196570.60575173231     
   196549.29696616373     
   196620.48031849123     
   196585.47530840436     
   196470.24244175028     
   196574.27021562672     
   196560.86953175781     
   196478.21617238416     
   196502.90318234736     
   196506.75487309808     
   196581.90068126458     
   196561.87965379827     
   196566.16598918155     
   196508.19680407815     
   196572.65557482530     
   196455.06629174540     
   196457.15924902711     
   196570.41159740725     
   196506.00340091455     
   196463.72543299152     
   196553.30287354521     
   196498.35683371560     
   196537.97835211808     
   196464.59674228454     
   196412.14543617988     
   196297.41712863377     
   196312.84641326853     
   196385.35688887732     
   196440.88977348429     
   196469.85575054749     
   196515.37182718591     
   196485.43127675744     
   196443.24889901414     
   196537.98101624363     
   196402.78938040187     
   196388.83440363797     
   196417.72982680562     
   196375.84395375338     
   196453.15610832148     
   196376.87799534068     
   196455.91847891637     
   196397.86670070951     
   196336.16367307745     
   196379.62085415865     
   196451.64542540646     
   196482.85451200508     
   196447.09734077161     
   196340.50353993173     
   196328.01574532961     
   196403.31365865795     
   196399.34622797213     
   196392.13993135627     
   196316.15484740661     
   196248.37578899888     
   196258.39585945045     
   196181.01741602889     
   196135.35734113483     
   196166.99671987203     
   196196.89266434585     
   196127.11238961213     
   196177.59893286391     
   196181.08551682823     
   196271.41700775083     
   196217.52057994690     
   196242.40154684056     
   196208.51161772397     
   196175.07116470893     
   196140.67166835896     
   196254.37517322274     
   196305.23786069089     
   196366.71822637785     
   196310.11580194283     
   196297.82627319204     
   196411.58662788483     
   196402.07266825315     
   196230.63066322065     
   196235.18954216174     
   196361.16982705673     
   196266.65558709201     
   196171.73520706213     
   196287.11915862083     
   196249.42663542504     
   196368.89339156335     
   196443.56567049221     
   196348.02905301846     
   196389.75491306785     
   196486.02063859178     
   196458.69868876284     
   196449.86926627159     
   196462.30064218637     
   196314.10487164519     
   196158.57621251777     
   196240.37434506597     
   196287.24254046401     
   196288.10121887858     
   196311.71977758248     
   196189.65711586416     
   196168.11474089258     
   196150.47020096594     
   196192.59485469339     
   196253.26338018515     
   196158.84100233432     
   196231.13587863860     
   196353.05075456609     
   196151.03173232000     
   196131.75040811268     
   196146.39096991374     
   196146.86380305467     
   196219.83381365024     
   196182.11416724592     
   196215.43466802657     
   196252.47168506566     
   196176.10574969611     
   196206.43928066554     
   196302.58994322349     
   196331.66883447618     
   196303.41342277732     
   196254.29550803310     
   196258.88901721442     
   196245.09253977775     
   196269.30068431798     
   196259.88139640974     
   196216.46695524806     
   196107.04461149350     
   196047.06415196875     
   195963.48244480448     
   195967.96868704192     
   195946.12202260635     
   195956.94856213417     
   195989.97766522365     
   195983.08885137556     
   196034.42969903440     
   195996.36011564516     
   195995.80792986625     
   195959.10974735057     
   195991.67458158871     
   195997.23370074786     
   196063.29601628354     
   196143.13546167081     
   196174.01065133608     
   196133.14063013505     
   196031.70915453997     
   196009.29905187048     
   196086.76696472475     
   196017.92654701395     
   195975.18498913725     
   196029.61917523120     
   196134.31615024508     
   196191.76450885678     
   196183.26625703395     
   196166.86325326568     
   196148.20566129993     
   196032.76389700864     
   195985.56406205316     
   195950.49271848102     
   195997.18366319331     
   196064.39247156924     
   196203.42365671476     
   196162.92947773205     
   196218.81864082068     
   196079.80749741595     
   196138.82684165792     
   196069.49986691560     
   196114.33012710445     
   196101.05946987923     
   196182.58990553027     
   196196.21532010092     
   196204.93082690967     
   196146.52804434384     
   196176.48114672687     
   196134.96458671853     
   196208.62643484800     
   196240.38194685904     
   196158.12015175831     
   196169.77706271762     
   196185.50384572402     
   196224.22766074474     
   196276.33033154404     
   196209.11541620473     
   196270.02018596858     
   196368.53293976875     
   196378.45835835388     
   196435.49265495891     
   196390.28587874584     
   196472.21735356588     
   196337.48633286572     
   196354.91056841411     
   196309.26784657277     
   196170.27570172140     
   196145.44046312626     
   196163.20503016794     
   196191.30871125494     
   196209.31677698277     
   196108.00861927556     
   196097.11794131566     
   196011.78504207346     
   195941.89071704668     
   195899.32407670980     
   195887.05637770382     
   195878.90664910234     
   195965.20644398441     
   195881.51128129207     
   195744.96102137459     
   195659.60829003138     
   195608.50739064565     
   195647.34362018754     
   195720.92634011770     
   195759.06995857583     
   195756.64349608414     
   195753.71513853248     
   195778.59022640286     
   195662.46204571804     
   195696.48028745368     
   195696.76954432428     
   195735.02710097525     
   195697.57649935735     
   195676.06250998547     
   195665.00110609698     
   195681.63594133244     
   195709.10550461436     
   195692.39823170746     
   195692.90351413639     
   195655.06087128684     
   195597.54723396635     
   195683.29126488866     
   195674.38564715692     
   195764.74229782668     
   195810.20053016857     
   195839.42077923729     
   195907.01202483097     
