   205326.14295338196     
   205326.14295338196     
   205265.66604645763     
   205208.98079838505     
   205301.88123929754     
   205324.14706073987     
   205398.69229020277     
   205349.99594844750     
   205265.11622379135     
   205275.96704909735     
   205256.98582430731     
   205232.72752100500     
   205207.64037029285     
   205172.27676619662     
   205201.76070548885     
   205259.00069753081     
   205295.20750214101     
   205233.38872750904     
   205275.98960459372     
   205295.77106841136     
   205214.00808724831     
   205313.59295832040     
   205277.92510564026     
   205255.85312966674     
   205227.16021440251     
   205096.03512265324     
   205095.02450487294     
   205157.71038778528     
   205121.40833541451     
   205113.10635662891     
   205179.54647458188     
   205159.94732036145     
   205134.22022986194     
   205108.90349052721     
   205096.21241697867     
   205107.94511130196     
   205081.78351296182     
   205067.36327131267     
   205032.28781672218     
   205043.55628947247     
   205161.50699898452     
   205167.46082366054     
   205150.56374024329     
   204956.31720328223     
   204942.29781267978     
   204966.90135467640     
   205046.98402947770     
   205029.74032230422     
   205032.08699990800     
   204954.75216380705     
   204967.51462139227     
   204898.02073133455     
   204821.83475404792     
   204816.83420179662     
   204837.87952374262     
   204900.81975033335     
   204861.15703268728     
   204947.19870261545     
   204787.22034338108     
   204833.13615123494     
   204800.72524372736     
   204755.97950482203     
   204881.86101614506     
   204829.14162174123     
   204758.93347407129     
   204709.57952852931     
   204708.06188124354     
   204699.84616607940     
   204760.38373610858     
   204714.76134807171     
   204639.64670895869     
   204607.32825870157     
   204568.41137479490     
   204570.24797468231     
   204596.75287620662     
   204493.39641129508     
   204448.56932552144     
   204532.27243933250     
   204547.83445438975     
   204331.99647231828     
   204316.36087427920     
   204319.35947189567     
   204387.66110187638     
   204501.07510580317     
   204452.98772274243     
   204375.99766205103     
   204430.92903004063     
   204369.07742032423     
   204347.04150048230     
   204305.53592861592     
   204278.74845097121     
   204130.94390409684     
   204167.40846202357     
   204254.97166403660     
   204114.21865294367     
   204032.45088082616     
   204097.92636372676     
   204092.29153679582     
   204113.87881241069     
   204177.20976585368     
   204188.52532143763     
   204164.59851479749     
   204137.45978436898     
   204195.09795491872     
   204212.61532747757     
   204227.55221964844     
   204272.76052511425     
   204217.42464773136     
   204338.61661789767     
   204301.16573350408     
   204262.36500442700     
   204215.81045499735     
   204222.66905165970     
   204175.96863572398     
   204088.82566774855     
   204202.73440528335     
   204210.31034946849     
   204158.74208139972     
   204142.02349258639     
   204184.94776202293     
   204104.76501209970     
   204187.61132434133     
   204153.36549902122     
   204140.36641693432     
   204198.24655338383     
   204276.00716282273     
   204186.23786052081     
   204225.94705842662     
   204282.22681993083     
   204248.33718340183     
   204209.41768383476     
   204185.44637132526     
   204199.81196670260     
   204267.28432141690     
   204262.37881601497     
   204267.84754912346     
   204346.89032505130     
   204168.25177315317     
   204127.00632150916     
   204148.43998007799     
   204090.04497279023     
   204038.30711283290     
   204106.82472157263     
   204118.30637640101     
   204136.25526812440     
   204019.23568009396     
   203940.72194617763     
   203938.25792085685     
   203974.05766876586     
   203928.49318784277     
   203960.89157407644     
   203868.33631890430     
   203831.81861643057     
   203883.73730124292     
   203916.13912436215     
   203808.52307739551     
   203840.97002122135     
   203957.89274769579     
   203970.48835631093     
   203877.65573618709     
   203894.76700520079     
   203842.74791899696     
   203800.50794132176     
   203777.59890345827     
   203741.82867364681     
   203791.56920697333     
   203810.48781505279     
   203755.64772793063     
   203759.38369789193     
   203703.13122104417     
   203707.95719200457     
   203697.04055074879     
   203606.05511654756     
   203602.85087436746     
   203664.96367816697     
   203576.48809074712     
   203674.81703174321     
   203604.40642575186     
   203551.48746750446     
   203657.56104369069     
   203702.28336019552     
   203691.95461628740     
   203679.20678297695     
   203546.82873918393     
   203591.12103723126     
   203543.02481546640     
   203584.10647737471     
   203463.36234632917     
   203459.06422599615     
   203408.33490742906     
   203325.33256140666     
   203324.31557493223     
   203256.62558192085     
   203242.21520288484     
   203216.29493472655     
   203311.04808517071     
   203414.16955825969     
   203371.50100607282     
   203333.52473417411     
   203268.02762836055     
   203278.44622209817     
   203219.28796244794     
   203211.50999524374     
   203123.89779747438     
   203089.68831657802     
   203050.89835531591     
   203059.93060796635     
   203060.05278623162     
   203023.90801059967     
   203045.06322746846     
   202957.99288698370     
   203067.41343791562     
   203048.92308629549     
   203034.12496992166     
   203006.34078553726     
   203029.34983459278     
   202912.85748261030     
   203027.41942971695     
   203125.81009295522     
   203001.65502517743     
   202984.69953458846     
   202996.99061812871     
   202991.01530393094     
   203057.29001472588     
   203041.57591528803     
   203084.31786529042     
   203029.55997605613     
   202906.19385380717     
   202850.93528714709     
   202844.16091738950     
   202871.64455974282     
   202916.43451293159     
   202893.34341024919     
   202849.68506042234     
   202916.15090271822     
   202902.23468874188     
   202993.95570213418     
   203022.76489208033     
   202968.12151501328     
   202952.39214669005     
   202877.24772987343     
   202861.96935346132     
   202926.43017289476     
   202847.56251222538     
   202849.55976373443     
   202944.56918927704     
   202929.48959596545     
   202842.34442454623     
   202870.95323002091     
   202927.59893734340     
   202799.23748646723     
   202764.10664237692     
   202735.88616841394     
   202863.80095779104     
   202894.68576462285     
   202933.98301240389     
   202835.51494836755     
   202842.55846433798     
   202882.96732740587     
   202820.66361541869     
   202869.99250568150     
   202849.16820229139     
   202913.46995521800     
   202912.44374314681     
   202898.46160823797     
   202867.19201397739     
   202755.56885143742     
   202721.60393901423     
   202720.59050039848     
   202725.19152949587     
   202604.54234840607     
   202610.57313183555     
   202571.81137793753     
   202642.73063388478     
   202673.67341557791     
   202685.33427239812     
   202675.47632157369     
   202716.30953393149     
   202716.30953393149     
   202716.43147497828     
   202716.43147497828     
   202687.41366660790     
   202766.43193353462     
   202818.89428438115     
   202824.51699561614     
   202818.13912314063     
   202731.17694439852     
   202720.66055427960     
   202640.69178228715     
   202597.28476723854     
   202668.89862703555     
   202617.35305284156     
   202717.15752222989     
   202719.11770175822     
   202686.65089636674     
   202715.97280228883     
   202613.91934627431     
   202574.04324909250     
   202472.66256977193     
   202471.99839643031     
   202471.99839643031     
   202483.72435301784     
   202415.20114760377     
   202346.71542409720     
   202343.96426686240     
   202247.27609812233     
   202190.68319096830     
   202064.90008452800     
   202141.11434829378     
   202146.39469686855     
   202088.65205322386     
   202046.26479227887     
   202090.07751214321     
   202100.79833713712     
   202042.77952918163     
   202113.82139617988     
   202073.09090929749     
   202012.60817466665     
   202082.10253054253     
   202148.96278668143     
   202034.84655783867     
   202100.88582749470     
   202283.30816450270     
   202250.29536985612     
   202195.07765323884     
   202256.11155458930     
   202260.69455017312     
   202182.99864716345     
   202276.98193804437     
   202241.56201635906     
   202184.97914182040     
   202244.54942884232     
   202267.66647794098     
   202200.95739886531     
   202245.12477644125     
   202382.50094621745     
   202365.80757876503     
   202306.92391399888     
   202239.20945947600     
   202224.13676730651     
   202219.64942855402     
   202208.10437829304     
   202170.72322814891     
   202330.87805520545     
   202306.39906344048     
   202171.64266853238     
   202130.42421535289     
   202099.84012653877     
   202157.05446492549     
   202048.69396430202     
   202036.05120270251     
   202095.60063815737     
   202011.07967826631     
   202043.49425481565     
   202047.66208180803     
   202046.95475806922     
   202048.59513227432     
   202068.35643108014     
   202135.34689931179     
   202181.38850993357     
   202160.27219143647     
   202111.95587809914     
   202074.91995031695     
   201847.94520478428     
   201934.77936125407     
   201893.77834815008     
   201877.59209524246     
   201888.75251084389     
   201989.43777904432     
   201954.52153191908     
   202031.51823814627     
   201936.92509106791     
   201974.74203043437     
   201937.72202357926     
   201915.14360929444     
   201828.32964671176     
   201918.05811594168     
   201821.05339897322     
   201831.38920266434     
   201807.59201074083     
   201842.11639906038     
   201772.58474200187     
   201791.10314357962     
   201791.47076018259     
   201823.20171998654     
   201871.13653831696     
   201795.90479564996     
   201820.77251868192     
   201890.33946331014     
   201967.94786573685     
   201754.57185483514     
   201817.65478170669     
   201796.26103237277     
   201883.44893667684     
   201876.29870815028     
   201879.88881360053     
   201836.29867774787     
   201866.37684386992     
   201819.64404616025     
   201757.14021896617     
   201650.45135819138     
   201708.12847327648     
   201678.52880697392     
   201706.85061259157     
   201775.18931465305     
   201697.74049065006     
   201773.79819199740     
   201843.89855377495     
   201900.08007021924     
   201888.06531576146     
   201868.60748673553     
   201738.12255710320     
   201646.61048131614     
   201595.54273758590     
   201634.37247081415     
   201768.64515701466     
   201796.48133873288     
   201802.10514120045     
   201759.69486272460     
   201722.89769433494     
   201705.02552133339     
   201704.81008835690     
   201714.56710804362     
   201669.33935316757     
   201726.34191334932     
   201705.32520032601     
   201603.93100503695     
   201563.92290900528     
   201591.59371848506     
   201697.45817665316     
   201732.02938164072     
   201722.59735098720     
   201739.42511330120     
   201596.60301830247     
   201627.76747831001     
   201679.22909233620     
   201745.55535537700     
   201708.98345884332     
   201812.86544246398     
   201766.54994321981     
   201845.34440130540     
   201858.11867809674     
   201884.75234003371     
   201825.50616695650     
   201720.21454386378     
   201799.63844919772     
   201760.82938531972     
   201776.56476855150     
   201624.80395794861     
   201492.23126883566     
   201557.46645776305     
   201600.62814361713     
   201635.69499127343     
   201586.35344201501     
   201548.39612477878     
   201516.43619080450     
   201550.31282697976     
   201552.68711274976     
   201503.28844747445     
   201580.45649856367     
   201534.74749059050     
   201649.59198017692     
   201589.44064146630     
   201568.83524489152     
   201576.97563328285     
   201613.74541802131     
   201611.45647216582     
   201653.95368240986     
   201624.62114250634     
   201515.36494052628     
   201482.07962142851     
   201550.11336892028     
   201491.29721850567     
   201599.91546955245     
   201498.77257447148     
   201532.98945017671     
   201524.67604034074     
   201502.41547696933     
   201594.83773626320     
   201502.00820434798     
   201579.00648967602     
   201459.27497513324     
   201454.89609109703     
   201480.18906634624     
   201420.73867973167     
   201581.04360832684     
   201542.09866842764     
   201602.51111913234     
   201514.46604359386     
   201546.40138057311     
   201444.78322979852     
   201446.61926553829     
   201374.65604707686     
   201376.91217807939     
   201435.01132331131     
   201376.91451100641     
   201422.34919977881     
   201374.04496690509     
   201383.52643979838     
   201378.68476315687     
   201367.51522122748     
   201309.03947087179     
   201352.54525870396     
   201345.06129347326     
   201364.28961446189     
   201458.92949486891     
   201469.94849899746     
   201433.23170290969     
   201406.70795654031     
   201503.11361456948     
   201621.96615410634     
   201643.59730940504     
   201594.79467759645     
   201600.40113478119     
   201625.74602094723     
   201478.93594142303     
   201467.57462305209     
   201531.39537703767     
   201554.25463194863     
   201429.58315826912     
   201543.08572463217     
   201592.81698180560     
   201565.36687381403     
   201584.74160786410     
   201615.04241977865     
   201663.32648051492     
   201729.35259999876     
   201775.15356476523     
   201821.34119072842     
   201807.16816405873     
   201850.42422026111     
   201827.11172996613     
   201901.06005342471     
   201879.94747062970     
   201904.63649277785     
   201916.61825010329     
   201942.41961593085     
   201946.62227815564     
   201940.49357686884     
   201960.88962214661     
   202044.51462809034     
   202052.22149733955     
   202030.45262435550     
   202104.60046285272     
   202171.18086936328     
   202040.23140277847     
   202048.84579820206     
   202088.57962780001     
   202206.00261425797     
   202208.17409120695     
   202184.49946249416     
   202309.06580790391     
   202298.51788314708     
   202311.95150943016     
   202340.11712437516     
   202286.25470245106     
   202309.67209223911     
   202363.27247736882     
   202424.93905806483     
   202337.67724590324     
   202347.92015401219     
   202348.28588959028     
   202437.99362652533     
   202421.14408624714     
   202504.60479924348     
   202355.05352043599     
   202535.95190957803     
   202433.68326786789     
   202480.90925086199     
   202593.31490998258     
   202528.18896436211     
   202453.91475337144     
   202417.49944164781     
   202331.62316109557     
   202282.19900681762     
   202285.52862123097     
   202386.96973358665     
   202364.15918048364     
   202367.23865296965     
   202452.21109348370     
   202410.93738163810     
   202510.39541593779     
   202569.18904371571     
   202646.22523752815     
   202692.67226508824     
   202703.32612946187     
   202758.34742948072     
   202676.85854275728     
   202720.83373053774     
   202757.58088848303     
   202763.99514235326     
   202798.15694423567     
   202796.76493554885     
   202753.26396790109     
   202738.48573370415     
   202860.92511577290     
   202841.81621293043     
   202859.95375076309     
   202883.80861341016     
   202847.76894602200     
   202883.05458585406     
   202890.24106693172     
   202930.07488628439     
   202848.60826472740     
   202917.50384363980     
   202814.51472514929     
   202803.91440613271     
   202828.90675083236     
   202947.58744564862     
   202962.41106485194     
   202904.18995936215     
   203031.44252776256     
   203155.46426332308     
   203221.11727206825     
   203306.83211507567     
   203311.76881629991     
   203308.24742323504     
   203312.37467471848     
   203322.88516985637     
   203349.83271860448     
   203339.62314877601     
   203263.04412114283     
   203252.15626286904     
   203201.26112375263     
   203303.88498318195     
   203313.54977572087     
   203232.04759412733     
   203261.69947337004     
   203239.45530100353     
   203211.02860112648     
   203027.80337991836     
   203066.31919383470     
   203089.50104280372     
   203139.74942356994     
   203143.36205613308     
   203195.79914895835     
   203190.70419324696     
   203306.40803674498     
   203299.17359581392     
   203362.80538823217     
   203323.60849205154     
   203470.28675276003     
   203466.54125510863     
   203460.53992825159     
   203360.15029098673     
   203383.30987566960     
   203365.79928073203     
   203352.95291874302     
   203348.22090057854     
   203345.32603890292     
   203395.33544076589     
   203392.64636979683     
   203329.70690706806     
   203200.39500614064     
   203271.19863064095     
   203247.53764754668     
   203353.31873785215     
   203404.28458233885     
   203399.18061283900     
   203398.26644810836     
   203474.79137137337     
   203420.98680029271     
   203489.84010434477     
   203451.26660769302     
   203440.47500626097     
   203510.86223767715     
   203386.81435100239     
   203478.52610243717     
   203405.36050469734     
   203502.48064647397     
   203632.53269385637     
   203553.37838457027     
   203549.69554092173     
   203582.01600146058     
   203541.31223080546     
   203518.58852035244     
   203508.43050278031     
   203509.13500815895     
   203400.75493812436     
   203368.00534612802     
   203431.15701987396     
   203486.45189949163     
   203507.39320314940     
   203572.31388134614     
   203590.82958599887     
   203574.37798221404     
   203591.77797875871     
   203685.25810145348     
   203689.56527920940     
   203658.31846225300     
   203704.08875782730     
   203671.57847430260     
   203664.55383742243     
   203674.59357649079     
   203718.87396635904     
   203705.08816358756     
   203703.15771157262     
   203659.26901563272     
   203867.74059127277     
   203838.33769803811     
   203726.22390103890     
   203815.53453485991     
   203928.21864979161     
   203852.04595982228     
   203869.69250486529     
   203814.96811385368     
   203772.91242679057     
   203797.77110133856     
   203745.31301687803     
   203791.62922709185     
   203896.93250453938     
   203899.91109365347     
   203820.49923297917     
   203918.04019265529     
   203828.55676305550     
   203776.43172707723     
   203703.04999296402     
   203749.86216390837     
   203685.07587914268     
   203692.47773187820     
   203639.22884504544     
   203699.77673731867     
   203686.95833104837     
   203704.12489955488     
   203766.66464253381     
   203820.65067648632     
   203862.99636235691     
   203849.70603112501     
   203900.03446974323     
   203918.75477067294     
   203895.40496581412     
   203857.65162293508     
   203755.24405150936     
   203787.97971082773     
   203781.87699900474     
   203788.34436586150     
   203740.91266936698     
   203893.07379807543     
   203952.98021774698     
   203920.73486300762     
   203915.99067038286     
   203985.89926603629     
   203849.08650178451     
   203830.91580708418     
   203889.89894298062     
   203898.27350232308     
   203925.06556285155     
   203886.79820983938     
   203806.99773634278     
   203848.77840929327     
   203814.06599774215     
   203807.53394183380     
   203968.38846164380     
   203859.02127220281     
   203908.01663956229     
   203858.82590838394     
   203864.09129867339     
   203753.00631442110     
   203800.86638518708     
   203856.01075409816     
   203803.53401617720     
   203746.94216872606     
   203631.90485949177     
   203675.74224457270     
   203852.88254621698     
   203822.24777621269     
   203804.97303789516     
   203828.40880277168     
   203911.33371634956     
   204024.69301398651     
   204000.04660823359     
   203913.65138809889     
   203907.54205600836     
   203956.22585379504     
   203931.04739543254     
   204046.29547064303     
   204061.00703285221     
   204086.01354500721     
   204060.13269502940     
   204032.94055079919     
   204149.43677482926     
   204111.54603495440     
   204106.32740981123     
   204218.34722962228     
   204206.59051353647     
   204208.13284492079     
   204151.60891134385     
   204255.78539703396     
   204248.43162198667     
   204242.00485000826     
   204123.98748661886     
   204131.25230317476     
   204170.56613396230     
   204164.78211308896     
   204094.70040945659     
   204146.54561892731     
   204187.26472417705     
   204170.43266929220     
   204106.36478411034     
   204074.70424819211     
   204054.85099203372     
   204007.76237243228     
   203872.46211683395     
   203932.88064128807     
   203945.66819062232     
   204019.62788839274     
   204029.47010056963     
   204074.48613854032     
   203960.10162104387     
   203984.92343046723     
   204067.04887320410     
   203891.00851348636     
   203970.49901455114     
   204022.91642050879     
   204021.31737253460     
   204098.54992404938     
   204153.09024120020     
   204192.29289545419     
   204238.82971443728     
   204183.25071592839     
   204137.06754081164     
   204155.30992560351     
   204165.43477802334     
   204140.98294958880     
   204162.86882024450     
   204061.58240336960     
   204046.96423564816     
   204025.51926484983     
   204057.14878195565     
   204137.67155624385     
   204244.51688970506     
   204223.77365101042     
   204276.93125819837     
   204224.96812663239     
   204235.23394138581     
   204186.03817692085     
   204184.90275738505     
   204152.07242656563     
   204106.36594668156     
   204095.24504359256     
   204112.10988668349     
   204052.93360130311     
   204019.61436609755     
   204081.94711260247     
   204112.52152852601     
   204072.49321394693     
   204086.66649482280     
   204206.19088092344     
