   209487.63774918020     
   209488.36530808912     
   209469.07380680344     
   209495.25195221580     
   209361.49062864750     
   209356.53737808939     
   209380.24810412741     
   209409.01667259366     
   209244.74145622479     
   209228.77135588534     
   209159.66583391628     
   209102.43693125955     
   209007.34096037244     
   208939.75065795239     
   208874.30508062424     
   208769.38592773900     
   208687.18053863122     
   208581.15778553666     
   208529.78667330657     
   208574.59876574262     
   208438.19592776551     
   208436.03545096159     
   208455.57296906895     
   208411.83079726249     
   208438.26665698580     
   208401.93773231027     
   208392.23836738223     
   208298.94407975295     
   208305.48024617272     
   208333.20468727127     
   208338.34330814733     
   208264.11369594320     
   208379.43304317523     
   208399.57915694173     
   208349.21129844603     
   208318.59807027155     
   208405.71248779353     
   208312.83681396084     
   208309.14322794622     
   208259.43926277632     
   208140.02567500365     
   208035.25474924865     
   207933.74955717765     
   207810.75436728494     
   207840.95211994098     
   207873.88128639275     
   207757.03522405581     
   207754.42246357957     
   207802.69066539648     
   207788.67025319990     
   207846.08990353928     
   207870.43307509733     
   207904.74447979697     
   207832.46182640688     
   207788.41862350996     
   207682.27042151085     
   207724.81290489080     
   207659.03713295097     
   207711.69303345008     
   207641.29074257199     
   207642.55685411661     
   207635.97989170637     
   207696.84518875042     
   207596.23744353926     
   207531.49012489803     
   207480.91805006805     
   207439.04697548633     
   207418.22711219892     
   207383.50005754686     
   207341.27475092321     
   207331.04634314048     
   207357.88162610846     
   207284.12185850029     
   207343.59640938882     
   207374.99785263473     
   207298.48902916739     
   207280.06606220902     
   207221.62700817498     
   207253.17550675373     
   207273.86639761904     
   207286.00222008995     
   207207.56469917396     
   207213.22055457174     
   207287.67399984470     
   207346.22230965589     
   207308.08713964355     
   207183.85116355846     
   207192.86590377564     
   207062.49214592329     
   207026.92912173402     
   207044.49402890843     
   207082.35830450998     
   207038.74728539810     
   207160.40303814432     
   207109.63646721299     
   207131.33640098924     
   207144.35265888585     
   207109.70809701987     
   207093.88167176579     
   207073.89798237677     
   207081.91971972192     
   207046.84292070809     
   207073.78325500377     
   206966.04224801483     
   207090.79772814608     
   206927.86791380282     
   206940.63880835203     
   206986.46683050043     
   206958.11240535649     
   206873.45762139495     
   206861.41898457034     
   206919.94126710924     
   206846.64649291080     
   206839.47744824100     
   206829.86588543333     
   206819.79257422790     
   206834.45201571559     
   206823.76178556195     
   206809.59781294403     
   206714.75338491931     
   206700.03628640069     
   206581.62819228353     
   206536.11289578056     
   206466.46680204483     
   206512.83640743719     
   206453.75872608359     
   206422.39205572396     
   206486.12096292412     
   206543.06968683263     
   206505.75671800578     
   206572.15568730712     
   206635.58244555219     
   206570.22451465612     
   206491.51443764300     
   206448.85635573886     
   206490.14371832524     
   206501.30779024097     
   206493.61124947036     
   206416.12425376760     
   206299.21825340038     
   206227.57441532947     
   206319.36462992930     
   206287.79771185922     
   206275.66381577204     
   206245.73701453960     
   206250.95439264132     
   206247.31916632105     
   206304.68545987521     
   206332.93299568276     
   206254.55866532071     
   206258.77808016207     
   206267.88883349125     
   206426.82695932139     
   206354.27200390492     
   206314.33678142820     
   206319.62534229382     
   206327.28709766403     
   206245.60020158146     
   206192.88241342054     
   206180.56788988784     
   206135.26730671714     
   206185.16144028844     
   206173.01518141327     
   206088.63769756956     
   206061.21452144434     
   206051.12665515923     
   206046.24342855887     
   206036.19635446844     
   205992.08273190429     
   206033.86472144598     
   206005.48410312107     
   206003.91288383681     
   205966.08841587431     
   205967.13668104028     
   205937.55709302606     
   205942.43635152187     
   206004.56916357434     
   205828.70832859242     
   205755.60961875235     
   205783.93652763026     
   205763.28804339288     
   205690.48923368202     
   205677.29831306520     
   205757.92748765490     
   205704.43711766051     
   205749.52890793397     
   205631.04559393675     
   205615.77420429522     
   205644.01714481419     
   205608.51393199951     
   205674.36914061336     
   205712.46970699367     
   205718.82065138430     
   205689.93331392098     
   205602.81340097546     
   205482.51276650000     
   205439.50143856698     
   205321.59566951162     
   205224.47326224536     
   205153.37282206293     
   205161.87841053246     
   205255.41572738343     
   205251.99810578569     
   205257.72758524798     
   205227.90485257946     
   205245.83549039849     
   205206.92853054241     
   205224.09438738498     
   205176.90417737866     
   205163.71438484080     
   205155.14734491342     
   205146.26837316819     
   205131.39400610508     
   205049.82458221816     
   205046.49578123921     
   204922.62361757417     
   204910.03222852221     
   204815.25008943127     
   204883.68334660240     
   204898.17075086449     
   204959.25167379348     
   204983.78318126811     
   204994.09174068164     
   204985.08378255327     
   204920.49880396377     
   204930.43473752416     
   204945.98686250008     
   204797.50420775556     
   204776.39885424456     
   204812.93522291846     
   204772.82947346778     
   204783.63646979947     
   204778.22214748338     
   204768.35066319513     
   204841.40037374897     
   204762.55740116208     
   204838.38589960680     
   204890.97881840990     
   204828.46095636062     
   204835.40395740097     
   204809.69706099972     
   204870.90514665504     
   204822.86320643939     
   204877.18655217209     
   204833.36487904729     
   204860.16322384955     
   204794.76756103011     
   204832.33026271575     
   204845.26059154648     
   204734.96045310996     
   204835.33022399340     
   204795.24315578022     
   204782.73519898037     
   204881.93786435644     
   204747.33556120022     
   204799.86184959178     
   204792.55168758472     
   204797.89285114038     
   204797.89285114038     
   204798.27816755784     
   204809.74352410599     
   204793.38612564877     
   204736.53941078280     
   204705.27261604596     
   204722.53262889141     
   204701.51368995133     
   204671.62974114023     
   204728.42852194057     
   204679.09072861314     
   204690.50672011598     
   204569.55781553857     
   204579.09917921145     
   204550.40365469770     
   204560.96198049892     
   204520.02826019790     
   204516.06048188658     
   204428.24289200405     
   204495.05684722640     
   204526.64739814270     
   204527.11795407877     
   204518.80254840574     
   204442.16296074510     
   204487.28890909496     
   204502.39944911806     
   204508.85863592380     
   204426.43724962330     
   204330.57275735651     
   204349.82379972137     
   204450.80085543453     
   204452.70337573436     
   204537.64772935066     
   204459.54800113075     
   204407.05510195837     
   204449.65612194670     
   204508.81192539411     
   204549.53668624110     
   204565.44734962480     
   204533.04922649774     
   204517.59250459191     
   204485.75368061184     
   204435.91793905373     
   204524.74990075070     
   204339.50779092824     
   204424.52018240496     
   204354.90382368039     
   204308.81824594806     
   204265.15133315098     
   204256.04563114088     
   204294.56584211587     
   204257.57841855983     
   204231.98392851031     
   204108.95309736163     
   204200.55525788345     
   204223.01286146563     
   204219.59263264280     
   204220.15171093275     
   204222.13461552470     
   204257.81235114724     
   204305.31499707495     
   204236.93869986769     
   204124.24509308641     
   204218.12848243047     
   204205.87516008853     
   204186.11083445625     
   204187.36249536334     
   204164.16102721234     
   204159.99470682812     
   204123.22622165180     
   204212.02633322487     
   204196.61500569890     
   204020.74775080587     
   204058.85050532120     
   204012.13848597923     
   203993.04056221657     
   203997.80440320601     
   203981.35215649786     
   203972.47514077372     
   203995.36664679382     
   203925.12411885260     
   203904.09599407436     
   203942.66500190482     
   203919.78803148994     
   203969.72351965131     
   204008.38836126978     
   203974.11167347149     
   203960.27532070296     
   204002.67985641709     
   204016.70236041973     
   204005.68350799251     
   203960.42964920157     
   204032.45366430091     
   203975.81796212046     
   204039.07808216257     
   203944.87735510111     
   203926.57046258409     
   203836.71983968146     
   203907.90262792507     
   203920.51772533671     
   204004.60505784964     
   203971.74046695666     
   203924.31176435915     
   203918.78385478977     
   203903.65911766054     
   203947.17281030942     
   203855.19130092970     
   203940.71056440822     
   203933.09075895083     
   203851.19585051184     
   203846.59715400610     
   203835.08428079792     
   203798.41487407975     
   203883.16980991713     
   203828.69248435306     
   203882.09018744933     
   203866.90376564761     
   203925.72610729036     
   203926.51181444596     
   203927.06548616584     
   203960.72488433900     
   203929.49160847091     
   203981.93499425062     
   203908.16009533955     
   203923.85301657594     
   203927.59158208052     
   203881.08853512732     
   203793.18526763716     
   203702.95921649068     
   203673.90084148641     
   203557.57029014226     
   203554.29231648831     
   203504.69707604180     
   203495.56510730780     
   203506.91340090282     
   203515.72751135880     
   203499.75245881890     
   203572.20806302998     
   203523.14075312123     
   203513.29505520969     
   203407.12441943568     
   203468.20107486242     
   203511.75286853779     
   203614.88445824129     
   203488.26441563232     
   203429.87247014715     
   203399.97701021685     
   203546.27124366621     
   203581.29542131742     
   203532.82240193608     
   203455.92179533973     
   203469.88875355746     
   203487.42790693644     
   203411.15665179322     
   203507.19862063375     
   203518.39516597398     
   203413.63525240790     
   203427.45195957946     
   203406.56523436881     
   203263.92458258022     
   203180.41657921311     
   203310.99946720415     
   203333.13601133617     
   203257.37935521369     
   203261.12142656880     
   203301.36647846753     
   203309.90746461187     
   203222.32787484882     
   203242.52385733215     
   203330.34805219958     
   203215.48690082290     
   203197.73731002165     
   203199.45696950619     
   203220.49026759202     
   203160.59431850433     
   203073.50932288298     
   203095.69440852036     
   202933.88381953654     
   202819.16819455923     
   202879.57332095160     
   202888.24375473548     
   202851.97167443193     
   202923.61913176489     
   202993.13335800820     
   203021.95215837378     
   202999.93353994688     
   202926.21196389111     
   202908.51368472801     
   202808.16048032267     
   202744.26629553741     
   202754.04150679795     
   202851.99773734223     
   202829.12480467249     
   202833.92267876718     
   202731.42851183497     
   202820.99551290809     
   202751.36491309747     
   202809.53492289662     
   202831.15674785167     
   202827.36489264417     
   202686.13587213031     
   202733.21895456236     
   202630.49410582444     
   202774.91608951447     
   202681.70607170998     
   202702.14766062726     
   202691.64436604665     
   202627.23549935632     
   202619.84532193778     
   202641.96894933083     
   202651.76115885319     
   202609.32885913082     
   202735.66822478827     
   202688.48278960297     
   202735.48931063575     
   202750.79348418512     
   202721.80597434548     
   202724.74283474765     
   202631.41456383411     
   202599.52264544534     
   202570.83822140866     
   202575.41831488279     
   202634.52349332391     
   202541.58080508438     
   202527.52414031848     
   202465.57353227376     
   202552.16122528497     
   202628.97598000802     
   202561.60433452373     
   202577.14169804374     
   202679.18897451364     
   202515.01402330142     
   202458.20738392408     
   202467.74614328970     
   202396.56429402277     
   202335.43797619655     
   202352.15196148079     
   202302.48892417987     
   202212.76219377946     
   202157.78765804286     
   202316.28376683983     
   202218.69139455026     
   202317.58134762134     
   202407.98214645428     
   202463.44845196416     
   202434.42719318403     
   202408.35282091165     
   202422.66003194574     
   202422.66593974869     
   202446.98982778238     
   202463.36303486821     
   202417.32826927208     
   202337.02640404695     
   202360.25469700867     
   202371.37334231715     
   202313.16958177910     
   202299.52050838282     
   202408.82251427014     
   202302.59802025446     
   202218.35528325493     
   202268.86127586698     
   202268.52041207263     
   202175.80233746135     
   202143.58850502767     
   202059.47839273460     
   202136.88866537157     
   202244.76529094100     
   202323.52713520607     
   202281.19478014737     
   202161.12158012897     
   202267.51991995802     
   202165.91876158144     
   202139.95617155047     
   202225.82745502840     
   202175.30781603936     
   202100.90366226435     
   202008.94122180191     
   202009.07148674177     
   202152.59491767074     
   202190.59366611624     
   202000.45150864535     
   202105.98494369045     
   202169.90123013180     
   202128.97205211851     
   202117.88338667812     
   202166.67266903873     
   202116.97861171165     
   202052.36374021496     
   202101.87320859893     
   202078.21639834897     
   202099.28724331193     
   202077.45670133168     
   202103.88003466965     
   202123.43764211517     
   202111.13462095137     
   202001.66643957162     
   202048.57764192071     
   202135.75722919585     
   202071.82614665636     
   201957.45569578878     
   202097.09156256774     
   202093.65408671592     
   202054.63553422119     
   202030.41094388076     
   202043.49788596728     
   202075.78505119315     
   202029.89066334217     
   201851.52132001056     
   201837.60418726862     
   201909.98678872007     
   201955.23460351687     
   202000.91997982259     
   201908.34979554679     
   201873.90586875839     
   201949.88009635606     
   201913.54131514413     
   201881.34602953316     
   201906.27141080581     
   201849.25364854260     
   201856.65453562405     
   201821.02520540549     
   201704.00087169354     
   201613.69664704805     
   201701.61162073980     
   201684.26056604524     
   201577.96861744154     
   201631.75455116684     
   201577.59636071394     
   201451.03488700037     
   201425.63905088356     
   201450.22714416590     
   201394.59273149780     
   201389.72410121514     
   201433.12444828192     
   201435.50953074222     
   201375.96777713930     
   201413.98783833362     
   201383.58066712730     
   201332.41092989521     
   201304.80480810374     
   201341.91253730137     
   201352.00534025894     
   201421.54281157345     
   201343.10319245918     
   201286.56805616431     
   201361.64793768042     
   201367.06696819610     
   201309.33915872531     
   201305.77452064445     
   201364.43244779372     
   201364.58480570337     
   201295.06377856308     
   201166.08731761706     
   201199.38219391706     
   201272.68036388338     
   201259.75366243505     
   201235.78109144297     
   201229.48410439980     
   201283.67284243874     
   201336.17636396055     
   201334.11533703806     
   201291.97778140951     
   201207.17180638658     
   201175.59519903688     
   201287.30594314242     
   201233.18325066386     
   201267.00704313911     
   201279.73066782320     
   201228.92821134100     
   201255.25924354434     
   201291.65912001158     
   201184.75887941878     
   201183.98698866414     
   201170.74720009568     
   201099.61091950591     
   201224.80737508909     
   201245.07208389367     
   201173.69204899552     
   201257.55974741076     
   201249.70316198087     
   201303.39552259480     
   201162.09834462529     
   201269.31416208751     
   201222.69537712433     
   201164.90034043777     
   201189.89645074349     
   201234.21000908531     
   201147.09400844574     
   201187.31212716052     
   201175.17607510751     
   201205.24915865686     
   201189.80745080757     
   201167.33788729852     
   201228.34292441554     
   201145.75396111628     
   201011.40166718324     
   201175.11656099115     
   201125.84069333290     
   201017.41548323361     
   201075.74043569993     
   200970.80004127912     
   201041.33236431587     
   201093.09187975759     
   201138.34303863146     
   201050.10341227541     
   201089.76698394484     
   201052.48698774833     
   201031.81136180388     
   200902.03650771378     
   200843.64969477450     
   200785.41789425092     
   200820.65309676537     
   200790.45202553066     
   200771.04622624480     
   200805.81452582826     
   200763.13982079504     
   200778.22564246139     
   200791.53010811339     
   200783.37633654312     
   200824.43078521872     
   200782.81668378020     
   200715.83807231803     
   200744.16449486843     
   200856.36263819429     
   200835.74789218590     
   200687.49658672235     
   200719.30515603971     
   200745.88038255015     
   200755.13638367414     
   200794.79548909748     
   200748.11459697850     
   200789.81631308343     
   200807.69563864384     
   200846.43583989507     
   200756.62722289161     
   200793.66218263915     
   200777.55235863855     
   200723.22711810618     
   200810.68203832497     
   200847.37267781424     
   200776.92419724495     
   200725.70765131363     
   200652.72670455088     
   200718.39850213917     
   200660.94005681979     
   200740.74850717993     
   200806.57555674319     
   200781.35670304857     
   200769.21727793975     
   200840.07116104304     
   200810.34003143353     
   200814.43531301021     
   200937.91416456676     
   200940.44012697984     
   200900.62699360648     
   200841.09989679029     
   200923.60668966360     
   200827.36150477501     
   200903.74448336699     
   200877.70411316844     
   200886.85927790162     
   200838.70075497005     
   200870.57792078378     
   200757.26523467270     
   200742.06798267725     
   200692.48276958585     
   200752.16139843871     
   200681.98543317028     
   200591.98888727135     
   200640.12894772054     
   200613.22304864175     
   200551.69117965602     
   200616.89173293146     
   200630.09521905149     
   200542.56337317862     
   200495.97633542743     
   200458.68402251601     
   200451.18626841134     
   200439.43343166716     
   200535.06996855751     
   200378.87572259942     
   200356.73098889508     
   200338.69787078397     
   200367.96715182188     
   200331.35388666225     
   200305.69846367170     
   200336.53891605148     
   200306.52071594636     
   200269.81125326685     
   200397.43075260983     
   200444.62940692028     
   200467.55315887913     
   200382.90068720575     
   200369.52431738444     
   200315.45026802260     
   200312.65183613778     
   200341.46767284209     
   200251.39334165637     
   200316.36594559663     
   200368.47506227117     
   200396.63484270158     
   200305.10902489751     
   200409.67320887555     
   200434.04281461594     
   200328.86707805010     
   200324.78793399016     
   200437.61667280598     
   200476.79041577617     
   200379.94966657864     
   200446.36662970897     
   200515.51845471235     
   200575.00842581678     
   200529.39925810715     
   200567.40290040581     
   200605.82534425199     
   200565.50584533211     
   200483.87848463544     
   200430.44383982624     
   200415.78072128168     
   200482.88271652948     
   200437.33287356558     
   200454.50037906534     
   200625.03538902479     
   200535.91799152404     
   200469.94060173319     
   200464.07158322979     
   200553.36277697477     
   200586.23131993544     
   200484.34407408829     
   200466.50553858653     
   200478.87700247759     
   200524.94542754238     
   200603.98525577175     
   200532.11338027977     
   200493.20713968243     
   200439.85177000338     
   200356.04465826289     
   200351.32158542948     
   200362.57842909265     
   200331.72119941603     
   200282.15950648597     
   200343.86535455834     
   200318.50115856866     
   200264.83791870516     
   200298.13115283323     
   200278.09336056234     
   200287.98368297087     
   200352.49864854504     
   200315.59204135006     
   200295.33108778580     
   200331.40661378429     
   200243.71357110288     
   200281.05890150683     
   200336.40981136679     
   200258.12457091137     
   200244.11146121749     
   200170.24040347020     
   200219.06818279796     
   200176.18180831827     
   200250.02668664706     
   200290.87200826273     
   200221.39218100591     
   200173.16899640043     
   200213.68746838626     
   200188.64739004313     
   200242.88308130120     
   200228.29052817082     
   200167.87499717527     
   200076.68143081610     
   200103.72921118548     
   200174.25497514743     
   200200.50884059686     
   200164.88393994520     
   200149.15754521685     
   200065.98154944152     
   200057.19039970290     
   200016.79793679767     
   199931.00079367671     
   200031.09136744714     
   200000.11670193891     
   200067.46122154448     
   200005.74064709156     
   200051.30107299157     
   200027.63942792974     
   200064.96414744502     
   200054.37989649572     
   200019.00050534503     
   200008.82216037254     
   200039.58815418708     
   200019.10063288215     
