   959419.22501538240     
   959419.22501538240     
   959420.07452132180     
   959420.07452132180     
   959418.07061974995     
   959466.34683983715     
   959387.65662991942     
   959443.83763526042     
   959415.61088940501     
   959442.40998682973     
   959369.55983771849     
   959310.46830614749     
   959271.83752843272     
   959357.73146613315     
   959220.88145778107     
   959272.69452268397     
   959245.62038537546     
   959238.20772311115     
   959109.80438185879     
   959181.16572135477     
   959189.60176878620     
   959086.30990566430     
   959179.94282919366     
   959138.39501430676     
   959197.55473577813     
   959287.69069086795     
   959320.72232088097     
   959252.18162595865     
   959259.58386110188     
   959196.35511734290     
   959094.07121243561     
   959050.07090280321     
   959082.14392204455     
   959117.70754406543     
   958945.87389141088     
   958955.48725324636     
   958924.45323489443     
   958885.29052619683     
   958874.10516226804     
   958855.63990140171     
   959007.70603152609     
   958989.03850773512     
   959064.52167436352     
   959004.52114302758     
   959020.94338661747     
   959048.12644832209     
   958981.54692660831     
   958893.03433385491     
   958910.28197575349     
   958892.78082105599     
   958880.17133455584     
   958938.98058546276     
   959012.01955916197     
   959018.71069764579     
   959094.34286729665     
   959051.62573686137     
   958934.61812381539     
   958936.28789535782     
   958964.78615265770     
   958934.04394698539     
   958873.61134670617     
   958880.35195949511     
   958912.07477665495     
   958863.20214824891     
   958820.34818095469     
   958790.97653868271     
   958742.79519609443     
   958683.09204055450     
   958733.42467913916     
   958730.94432479842     
   958615.36657721701     
   958512.17045597767     
   958601.16670845798     
   958651.72152789426     
   958653.24579520430     
   958672.45127594529     
   958671.50214579282     
   958609.76253119204     
   958614.98421913898     
   958556.34462176613     
   958492.28290098172     
   958521.29041994025     
   958516.85048987716     
   958494.57773501123     
   958419.18367650255     
   958504.81389132037     
   958512.76513074827     
   958537.94682599744     
   958624.48058604496     
   958516.14204310265     
   958552.39368756558     
   958470.87506022851     
   958420.69725944102     
   958406.10356950201     
   958340.24327044783     
   958324.66014179063     
   958367.88907937706     
   958390.83753777400     
   958547.22660319251     
   958427.24681330519     
   958440.80207723251     
   958426.60730573907     
   958468.10777814337     
   958425.44375773973     
   958402.59705790656     
   958413.78923355194     
   958436.69982789573     
   958389.94283418090     
   958391.14417532412     
   958373.08691549930     
   958457.99948510679     
   958452.78596103261     
   958387.76843391801     
   958418.72428266634     
   958419.33514550561     
   958263.26903802645     
   958282.21507101809     
   958218.12264876696     
   958224.98272566451     
   958222.48068601557     
   958066.93438738084     
   958083.53333834559     
   958197.21436814149     
   958146.55596388259     
   958096.82110380486     
   957985.97954885033     
   957978.73583860602     
   957968.43046161835     
   958044.99958869023     
   958051.18692689354     
   957964.36745710112     
   957988.22631753539     
   958020.01599884580     
   957930.16656200972     
   957900.34902938234     
   957847.33376539801     
   957892.85156794416     
   957979.79280474409     
   957966.41116652603     
   957980.91698623600     
   958084.98366674001     
   958039.81782816758     
   958003.66739685310     
   957924.46496549039     
   957848.33343449223     
   957895.95867610606     
   957874.38871556113     
   957899.33166810242     
   957950.76420747407     
   957896.80798260740     
   957928.90302733344     
   957878.04646216007     
   957854.11587105389     
   957887.15335917473     
   957904.63022174430     
   957869.36300665408     
   957786.50908735767     
   957833.64839877083     
   957767.92926141724     
   957770.05474535772     
   957746.88938564376     
   957779.67912121164     
   957634.18147619360     
   957658.55069484154     
   957651.22541994730     
   957681.18890231987     
   957667.39535842964     
   957616.78976271942     
   957589.18389287940     
   957564.85734499583     
   957645.77293276764     
   957629.50113452622     
   957604.21398957248     
   957790.23143424990     
   957684.33291516278     
   957669.82946916472     
   957693.05211526284     
   957795.40449473646     
   957717.86130074889     
   957775.30717419600     
   957767.16709407815     
   957614.34618771181     
   957686.23545126442     
   957764.35273223836     
   957689.35627437732     
   957713.25202136778     
   957725.14220604091     
   957601.56708595040     
   957609.87071616331     
   957605.08360631648     
   957678.35567102639     
   957702.61558474076     
   957635.58121048752     
   957594.82168967603     
   957533.55490118032     
   957580.32480533712     
   957618.15424696193     
   957731.41723408492     
   957724.10216297780     
   957583.19758879161     
   957508.74466245377     
   957457.97809175297     
   957515.27155015268     
   957504.05765753158     
   957525.44309693575     
   957441.38385986246     
   957585.30618718849     
   957545.88986428524     
   957577.31974067411     
   957663.84138056717     
   957584.79187511990     
   957602.19221205078     
   957693.95620379469     
   957631.19605005044     
   957651.88655968220     
   957606.55629364587     
   957604.86043554207     
   957575.92399533733     
   957608.81319190376     
   957660.97519546805     
   957630.47789781203     
   957588.16830112750     
   957577.83615382726     
   957530.75207229285     
   957502.48975893704     
   957481.55277949141     
   957395.38729359792     
   957293.14968105324     
   957271.87375459517     
   957232.19241981849     
   957200.19251493178     
   957159.19498214603     
   957163.73208495183     
   957262.15878826182     
   957255.91199404991     
   957194.04521699029     
   957159.78241251153     
   956996.10742729483     
   956971.05550652393     
   956961.21391823154     
   956937.88910193462     
   956876.41871664254     
   956980.81182831351     
   956918.28412242304     
   956835.73288945493     
   956891.16085248406     
   956839.46287779999     
   956760.23437529360     
   956653.68351219548     
   956649.00252789725     
   956691.23687106359     
   956689.46033126418     
   956671.69442563003     
   956664.97719472775     
   956701.07628807588     
   956726.39783363312     
   956783.76453851489     
   956740.54828382365     
   956777.29486764106     
   956736.33673811925     
   956644.97163793305     
   956625.64036314003     
   956516.23089952301     
   956485.32116678497     
   956548.62196823338     
   956582.88565325621     
   956528.28730942996     
   956533.76993714098     
   956478.03985613491     
   956526.85193294683     
   956509.06695433066     
   956535.42126430629     
   956504.95815960108     
   956452.79743155476     
   956469.23040911951     
   956374.22007828427     
   956283.76949491748     
   956247.25592037628     
   956312.21696414449     
   956338.28705285722     
   956319.47262853349     
   956297.22236284497     
   956188.41481503146     
   956107.19538620673     
   956149.01568907069     
   956216.85691805463     
   956342.97599650058     
   956330.27618646913     
   956235.44107214711     
   956270.44728855207     
   956347.34917896485     
   956316.72633945139     
   956205.63632272731     
   956176.73405109916     
   956156.96963361953     
   956074.68627337436     
   956029.99796747486     
   955917.36554207967     
   955865.95010149851     
   955731.80723323219     
   955750.94420476584     
   955705.09805789881     
   955666.48043517908     
   955734.69162071252     
   955691.36629761022     
   955614.67770773917     
   955516.50663805089     
   955543.99816891411     
   955576.17309987964     
   955522.17939053220     
   955542.44795021252     
   955593.31911825796     
   955696.60665203817     
   955521.67234557855     
   955554.29311749723     
   955579.24484635773     
   955612.76047951018     
   955652.35823266790     
   955725.33064886497     
   955583.98690828180     
   955601.48769829760     
   955594.71902394306     
   955604.11518224806     
   955543.07081615401     
   955496.97168588848     
   955557.98903119925     
   955669.73555693775     
   955730.04762264166     
   955797.25257777493     
   955743.91448790894     
   955626.69523218367     
   955634.91289790161     
   955678.96345650917     
   955738.10953005101     
   955748.20112362271     
   955815.92364568310     
   955690.82869071292     
   955705.40764668887     
   955737.61233972374     
   955866.45473277080     
   955874.44285043643     
   955782.45662780094     
   955725.26686718955     
   955729.27967594715     
   955731.38296193839     
   955727.70593721420     
   955727.70593721420     
   955731.38781005063     
   955729.90212089953     
   955722.59010426595     
   955733.86290132604     
   955733.86290132604     
   955718.80168916506     
   955677.33450652647     
   955667.36584101140     
   955670.42503570544     
   955599.89644568227     
   955729.58945431118     
   955779.49850636127     
   955605.52644721838     
   955588.72560238745     
   955613.58672090515     
   955633.87046191061     
   955675.61873936350     
   955744.79244630132     
   955739.69964774710     
   955838.99730644794     
   955695.86076418287     
   955612.04279845511     
   955568.02301901719     
   955563.36431459081     
   955580.67812768870     
   955551.11589314521     
   955559.78385035531     
   955623.74676715524     
   955640.61165555171     
   955651.15977453103     
   955656.68613570824     
   955583.78727131290     
   955524.03698701889     
   955479.75212716381     
   955533.56351509632     
   955491.79066181963     
   955513.83961037325     
   955570.29029920523     
   955635.24332075997     
   955505.95234392839     
   955511.12325818150     
   955384.57536119572     
   955277.56890959619     
   955187.69421994837     
   955222.05489695654     
   955219.55764755351     
   955329.26699818426     
   955178.12237558828     
   955207.08690660365     
   955221.69399998360     
   955240.78292530251     
   955294.02007190441     
   955212.10529064329     
   955216.53930253768     
   955244.93418103701     
   955201.98205220595     
   955168.50136433169     
   955175.59960640175     
   955135.32072162337     
   955072.39187457412     
   955016.42555796087     
   954896.54493598500     
   954983.57692716003     
   954992.76380840701     
   955056.25185747317     
   954977.34520096879     
   954995.46424282610     
   954931.88279755157     
   954935.03071051638     
   954909.39827382122     
   954954.71880178072     
   954867.48937456694     
   954888.73406921211     
   954789.42407014512     
   954693.40215015050     
   954700.37263751670     
   954664.63816625683     
   954565.27646693168     
   954599.44750552170     
   954623.13617342734     
   954563.13886667136     
   954564.08021873154     
   954534.09321419301     
   954611.01800660801     
   954465.37041390769     
   954329.67199890688     
   954353.49602367519     
   954348.94509659207     
   954267.36444076372     
   954368.59483172465     
   954422.12942273810     
   954517.30419579276     
   954626.95220382989     
   954536.57894076500     
   954624.10406742513     
   954597.94976924767     
   954550.59084511758     
   954612.12322960142     
   954644.22046202910     
   954742.98854993144     
   954642.11640379927     
   954662.49830804695     
   954643.04072800151     
   954668.37212179438     
   954547.41086770303     
   954395.48277566698     
   954470.54720673896     
   954430.67191273137     
   954457.31674676470     
   954495.52722492162     
   954376.82205568324     
   954354.66122221272     
   954384.34412316501     
   954334.57586689247     
   954261.06170401804     
   954326.22744188132     
   954366.22549854673     
   954353.23949933948     
   954293.37242508319     
   954325.93076003378     
   954263.89750398335     
   954173.67019098590     
   954234.14056042628     
   954201.34790150158     
   954096.77021723741     
   954086.17952768563     
   953980.04866085760     
   953995.62262996309     
   953968.12027488300     
   953938.99572953058     
   953976.05643294787     
   953984.61726144340     
   954078.62686894578     
   954027.67172507581     
   953921.32375327905     
   953922.52936207061     
   953916.85980026610     
   953917.31861717929     
   953912.71415884688     
   953996.75463129720     
   953960.99867641123     
   953963.03425772057     
   954031.68834130466     
   953982.46216326219     
   953874.80767500494     
   953880.33058595052     
   953872.57653295447     
   953946.14623719500     
   953941.98115340818     
   953911.24626428203     
   953922.20291791554     
   953957.02812264685     
   953938.06106669817     
   953962.69373976905     
   954058.82940943935     
   954009.31753568246     
   954028.01941311546     
   954023.90173372114     
   953974.26936004381     
   953894.04835721105     
   953853.44839904131     
   953793.73713975854     
   953796.51381694374     
   953827.62676523870     
   953827.32680970745     
   953816.20800058928     
   953806.49765334954     
   953707.31408881769     
   953760.07940424199     
   953854.43802316650     
   953821.71385042265     
   953807.99826520192     
   953847.65831175481     
   953882.04136764864     
   953941.61463612167     
   953846.10284538101     
   953838.00158020167     
   953815.96819949267     
   953696.92253730271     
   953651.64490065770     
   953540.12613471702     
   953655.92150539951     
   953750.08575023222     
   953802.12690273684     
   953791.74827589456     
   953787.75530435576     
   953843.16432376485     
   953785.29910110403     
   953765.20992928091     
   953629.88690204092     
   953602.35397645319     
   953597.50130390562     
   953596.41811417183     
   953525.24038933346     
   953521.25487164943     
   953577.58458731684     
   953478.22978871432     
   953413.60016777855     
   953506.29844017804     
   953387.13524366170     
   953381.72945401107     
   953235.22240499291     
   953173.94117679086     
   953067.18085853208     
   953070.50638586842     
   953064.96828109841     
   953102.80381156644     
   953050.76802568196     
   953106.56236006401     
   953227.75199109642     
   953120.13844463963     
   953094.64571919246     
   953040.03242605540     
   953003.35771921894     
   953011.42159949127     
   953032.54024550703     
   952975.94933892123     
   953016.33662944695     
   952995.25081999670     
   952940.84961633186     
   953110.48906068469     
   953088.38734939485     
   953097.84541655064     
   952971.38874028425     
   952992.54036934860     
   952881.97456753452     
   952947.05566482432     
   952876.91001964151     
   952919.39458197926     
   952856.64116280002     
   952872.07792955800     
   952914.12173966947     
   952858.29382912570     
   952770.18885912094     
   952754.11550913658     
   952782.83327589405     
   952786.01865937293     
   952790.92490307824     
   952826.08037335158     
   952910.94609820319     
   952956.21922737290     
   952928.98542601126     
   952929.92496886733     
   952838.48649734352     
   952797.06790070178     
   952785.40889774356     
   952796.49003842298     
   952839.28671278118     
   952872.96542521135     
   952882.50842331967     
   952767.79814799223     
   952819.89725670486     
   952843.86943072604     
   952784.59740988910     
   952786.25513426412     
   952733.57236986945     
   952728.95775897091     
   952821.61861079989     
   952876.52742148808     
   952851.58651805948     
   952814.33930963150     
   952829.45196645567     
   952843.92185373628     
   952708.75209810375     
   952727.25921094813     
   952742.38843374990     
   952710.68097023142     
   952770.57012016932     
   952750.71201199316     
   952800.88476011762     
   952805.25204124814     
   952785.00809507584     
   952758.67721190222     
   952772.48316274816     
   952709.61523148208     
   952688.62059248320     
   952783.12171929807     
   952772.28738099069     
   952760.61605706520     
   952802.41697550204     
   952761.39640121534     
   952677.08394888300     
   952522.87215603050     
   952550.00035928574     
   952459.45673336252     
   952527.66286993725     
   952476.00033352221     
   952469.30601031054     
   952553.54647012171     
   952418.11887645232     
   952380.26287939714     
   952391.76319350069     
   952407.84011897829     
   952470.48629524163     
   952531.34964234196     
   952506.26421936275     
   952340.63039723632     
   952303.72296240926     
   952378.43689515104     
   952226.07409489446     
   952249.10328307108     
   952294.93713569257     
   952278.52627919998     
   952292.51718138647     
   952299.31515478808     
   952384.32662481384     
   952281.29783999815     
   952194.67467619176     
   952226.51571208192     
   952325.15533364180     
   952339.99407888262     
   952402.15480374580     
   952474.25339398102     
   952494.05833009933     
   952510.73863696749     
   952452.95537411363     
   952572.83557830588     
   952649.76032936294     
   952599.88927284186     
   952572.15493509022     
   952513.99644500099     
   952595.36001765123     
   952528.13879034389     
   952519.49178507365     
   952452.96184080699     
   952486.34286190942     
   952570.00456011179     
   952533.51785151497     
   952449.37052360165     
   952552.71049820445     
   952537.22376523190     
   952566.47182430536     
   952612.22466247331     
   952666.94311387232     
   952581.27646715299     
   952520.64853394928     
   952578.92875661759     
   952468.88676566910     
   952391.39846903773     
   952472.06624258345     
   952476.87117979093     
   952491.51303897076     
   952418.70879381907     
   952415.26186205272     
   952468.79359283834     
   952424.63221189042     
   952527.39858179027     
   952562.19395709084     
   952538.22740475158     
   952479.38363168656     
   952402.47713729099     
   952349.64931649296     
   952302.15118330950     
   952250.13990461815     
   952386.89726028859     
   952467.50668699213     
   952345.89146784658     
   952314.40224357811     
   952434.73757714918     
   952432.13890237233     
   952347.02844989125     
   952319.87016891013     
   952231.31234278320     
   952203.08041815157     
   952147.28796084039     
   952192.22968288499     
   952174.64455632737     
   952147.26099683577     
   952056.17588842416     
   952026.88718883484     
   952108.09441487887     
   952149.58275431825     
   952153.84348647972     
   952209.91162202531     
   952284.22054781462     
   952257.50614775100     
   952131.29355058458     
   952051.71295388648     
   952002.01128710213     
   951971.82539043087     
   951956.07314564427     
   952002.07865954028     
   951967.06459750200     
   951953.90758565743     
   951941.97406903957     
   951936.28618603351     
   952079.49090623634     
   952128.66217525583     
   952208.45971211814     
   952148.85300772719     
   952172.04095686809     
   952005.94529741351     
   952006.60147555952     
   952065.28512073739     
   952038.27654782438     
   952066.49483345519     
   952183.16084662569     
   952186.87236253754     
   952177.48848974914     
   952143.41847334174     
   952204.03902041225     
   952269.70787371125     
   952213.95683712955     
   952117.87679153332     
   952049.33750183333     
   952059.30163316429     
   951947.05217124219     
   951966.48320549005     
   951882.00277239794     
   951660.25669648626     
   951698.27038841578     
   951725.23967371962     
   951703.49414417031     
   951658.65356576117     
   951650.13320852199     
   951697.41870774829     
   951710.24465785082     
   951705.94093549123     
   951591.07115110254     
   951628.91163369315     
   951557.38903238252     
   951513.46890414704     
   951540.51597466459     
   951497.28646746813     
   951511.12906622712     
   951540.77154261700     
   951550.72094714595     
   951531.39755664964     
   951542.81043238775     
   951487.17814403120     
   951601.35186457471     
   951577.55116406886     
   951530.56780219194     
   951609.29817964439     
   951657.50737067347     
   951666.39474207663     
   951589.29022250313     
   951485.75615154882     
   951491.72758650174     
   951533.38101603056     
   951451.34397389041     
   951527.14543377026     
   951533.86737973779     
   951533.35622691410     
   951448.92621139262     
   951435.42340558220     
   951379.55469048198     
   951321.61234684102     
   951221.92671999696     
   951179.94097386661     
   951135.44746488985     
   951113.80985432479     
   951104.26244843379     
   951072.58076764329     
   951198.66156933759     
   951111.80231974681     
   951226.09996295965     
   951269.45835803845     
   951186.12441727729     
   951187.59963205946     
   951161.74178864539     
   951148.83317304275     
   951210.67558481742     
   951121.22193882870     
   951155.56633563712     
   951140.52509352763     
   951121.50880966440     
   951156.67661098414     
   951121.65929146239     
   951024.58211084327     
   951123.29463482986     
   951124.62232006085     
   951152.10355380294     
   951197.81621560070     
   951183.13408285729     
   951172.37130645046     
   951214.87256712769     
   951281.15897994232     
   951271.22080523300     
   951142.61612298677     
   951121.49514316232     
   951214.70691120438     
   951279.06203358469     
   951199.65476114780     
   951096.18707004422     
   951124.39328910457     
   951184.08070183825     
   951183.21525543393     
   951199.54207656858     
   951198.46456818050     
   951130.36809407396     
   951103.35287936719     
   951217.39711619006     
   951206.77147384617     
   951240.34442780784     
   951096.22965290910     
   951077.03294700955     
   951056.17824382090     
   951106.29283373337     
   951035.21823555289     
   951079.03809101915     
