   901306.17834015749     
   901306.17834015749     
   901197.41187481233     
   901169.58890902973     
   901320.09892792732     
   901267.65254030318     
   901275.69164809841     
   901309.56952036975     
   901208.34803777724     
   901122.06193024153     
   901174.47985302703     
   901117.67197236686     
   901154.55942077155     
   901232.42455368338     
   901308.88901612326     
   901282.50126656960     
   901218.25205852953     
   901138.97342837986     
   901205.94100837433     
   901218.76539936534     
   901162.22935039154     
   901294.23858927691     
   901269.50375625782     
   901269.35901062400     
   901146.78788273653     
   901148.14851332305     
   900990.32183526747     
   900958.00126067561     
   901007.72785827203     
   901029.87004109146     
   901128.56526245899     
   901124.54037584551     
   901131.09328979696     
   901134.73722779681     
   901035.75264392025     
   900951.23224083043     
   900914.35833922087     
   900958.22343388677     
   900968.27319632506     
   900948.78733106074     
   900905.48532045772     
   900860.02924976684     
   900914.44288340816     
   901093.68433533935     
   900965.31051570037     
   900967.41822881985     
   900977.05291068205     
   900951.16018917400     
   900961.63631148380     
   901075.14883775800     
   900946.97849050863     
   900956.33339313488     
   900976.01161727204     
   901077.93146865920     
   901028.39760492567     
   901049.86128132069     
   900979.53726142948     
   901060.48805009981     
   900984.39187293837     
   900904.13285179820     
   900929.97526707640     
   901090.80967701285     
   901068.60289497080     
   901062.60996828042     
   900970.06041117630     
   900885.32675695291     
   900962.84406367596     
   900967.24288812617     
   900763.02985397854     
   900848.57435103948     
   900855.02094793890     
   900832.88443265413     
   900773.04652493435     
   900825.23493995180     
   900795.70347430184     
   900709.60931676289     
   900708.90154094680     
   900707.13629872433     
   900833.88916655874     
   900837.91938709619     
   900961.67237509601     
   900846.43976565788     
   900666.82757325692     
   900557.87977733079     
   900634.82491512189     
   900669.30986605491     
   900631.16891022807     
   900576.08635053120     
   900626.59542268852     
   900566.03327920299     
   900678.09028767003     
   900637.54755757831     
   900556.37742383883     
   900673.23681252054     
   900707.35053771059     
   900681.00671580585     
   900635.89195563481     
   900579.11498974496     
   900669.40739522735     
   900728.84977293585     
   900620.52833999856     
   900672.91545194259     
   900687.23533271777     
   900695.96661205357     
   900597.74708481261     
   900614.84188272827     
   900689.05910180311     
   900571.17862952850     
   900518.56728270359     
   900433.46327828511     
   900518.83241706796     
   900663.60257562762     
   900593.59819696576     
   900487.42746331554     
   900521.26315732731     
   900663.49895154661     
   900562.93440740416     
   900467.12374402210     
   900481.25441529788     
   900500.14645648072     
   900507.03610504372     
   900492.39447487565     
   900433.08564273047     
   900493.65704614914     
   900611.98049850645     
   900702.29216713388     
   900805.27409380442     
   900688.38268585457     
   900681.53590025741     
   900758.02188793372     
   900720.60010834434     
   900738.61659032351     
   900695.47277771274     
   900622.50569656387     
   900572.53075350309     
   900646.79626659432     
   900594.83369264007     
   900616.52224378637     
   900490.47352481971     
   900595.82543333527     
   900479.80648581765     
   900589.65670809627     
   900500.09346260014     
   900535.43736696767     
   900499.45413630712     
   900616.72867570957     
   900756.76770528872     
   900835.74816526752     
   900808.85375612858     
   900782.48628757265     
   900787.73688675941     
   900818.46396268997     
   900697.09508971171     
   900669.92142306513     
   900613.38671238557     
   900695.99178326223     
   900683.26271380729     
   900677.93514171836     
   900654.19011338742     
   900682.29567230085     
   900624.51675599732     
   900633.27169078437     
   900628.80174684862     
   900647.50872336968     
   900778.21368488274     
   900749.50908609678     
   900689.27409275086     
   900644.80854009732     
   900654.50152039598     
   900581.99293897790     
   900575.44560078974     
   900631.71815783088     
   900671.99020709551     
   900664.69251033792     
   900610.64193554106     
   900541.14295780088     
   900747.82262484683     
   900746.45943010750     
   900794.60346810729     
   900796.51879770262     
   900747.56050892570     
   900692.15416096034     
   900733.70662060427     
   900680.46735947067     
   900612.03694145964     
   900655.84892265894     
   900671.68079026032     
   900646.31362031528     
   900619.94066261116     
   900588.67239010730     
   900566.56931094453     
   900502.21512232197     
   900516.93093809171     
   900546.20935208420     
   900508.84885306703     
   900508.82262273668     
   900446.56289049122     
   900499.09284990060     
   900445.03320533282     
   900414.52467702597     
   900495.68630952027     
   900497.61534057790     
   900547.67646079138     
   900650.59748548036     
   900755.65918527904     
   900817.82396783330     
   900860.94482140732     
   900718.32728079823     
   900731.11675881059     
   900721.78360265179     
   900703.62752988457     
   900678.39509404521     
   900674.36103349191     
   900636.04737452744     
   900763.54645034519     
   900674.02822485170     
   900772.55439096165     
   900743.17853510461     
   900677.50919146650     
   900678.15150941093     
   900782.20168413210     
   900748.23308853828     
   900830.22794997017     
   900752.28495988273     
   900712.41557250405     
   900680.09137484257     
   900727.63790088892     
   900697.78857430862     
   900623.34805934527     
   900638.14418108773     
   900661.99837412778     
   900724.83363905468     
   900813.74794697494     
   900798.99084287044     
   900900.68438390503     
   900805.71622472489     
   900731.64883835008     
   900682.77426928887     
   900748.38158135978     
   900770.59420987405     
   900639.20510621124     
   900554.82847706147     
   900626.03540487832     
   900659.23789661145     
   900764.96422861586     
   900739.79313029163     
   900741.84463074198     
   900809.44544432254     
   900732.29347250774     
   900716.94399824005     
   900701.98404212401     
   900674.03681709326     
   900756.77070826828     
   900866.35896102560     
   900869.82379218552     
   900894.52016972820     
   900842.90387223486     
   900741.19882918103     
   900709.21838566870     
   900837.93816023611     
   900922.36480960844     
   900879.10473310587     
   900904.21175699704     
   900878.32730542286     
   900957.05395088252     
   901038.91166380246     
   900998.82167951739     
   900902.69273150014     
   900937.90647429565     
   901033.28409903776     
   900983.16315017326     
   900928.41219732980     
   900949.34708113456     
   900994.42356495874     
   901077.65149015177     
   901065.79597612505     
   900954.74378609145     
   900938.44419009751     
   901008.97029117926     
   900975.64996154001     
   900994.50471712230     
   900962.17832132732     
   900891.91655710642     
   900948.17946258991     
   900850.31402757880     
   900860.68121490919     
   900799.85594806366     
   900823.34609876247     
   900824.34199829004     
   900814.81196759932     
   900726.10259382101     
   900754.04758208303     
   900732.49870563042     
   900773.27649173886     
   900750.79645986459     
   900677.80438043876     
   900701.29714656598     
   900808.26935879898     
   900771.74372870044     
   900763.83768527512     
   900800.37313298625     
   900717.63398453617     
   900687.43228606938     
   900698.84174146596     
   900781.44013535138     
   900734.68138121802     
   900709.64931712253     
   900735.99049919331     
   900663.60082850547     
   900768.34814315639     
   900733.80850900710     
   900660.99451925873     
   900640.56918501493     
   900678.07921888621     
   900616.74148270045     
   900631.90533176879     
   900672.73970838578     
   900836.06841496995     
   900735.79317240580     
   900800.87779655145     
   900912.16564438527     
   900881.86978681630     
   900843.09047895111     
   900786.84844072466     
   900707.40167274827     
   900764.39003342902     
   900833.44765367615     
   900876.84762901324     
   900818.95235623885     
   901061.37497666548     
   900998.17142261541     
   901022.43858408590     
   901038.06007470668     
   901005.06483591965     
   900991.78597579629     
   900976.38742336840     
   900933.35081318417     
   900970.07217991853     
   901082.49610515812     
   901028.08747781988     
   901075.44879524922     
   901024.07768216310     
   901014.98892990395     
   900980.17234671791     
   900937.15308791737     
   900919.23859742691     
   900959.44692594465     
   900870.72135338758     
   900960.40977127384     
   900921.75607000175     
   900901.47359801631     
   900867.36739168817     
   900833.09421387094     
   900848.06316823442     
   900873.53365105717     
   900805.28438818804     
   900756.19733501179     
   900878.73667036323     
   900894.44822934177     
   900766.30251610500     
   900800.32432987273     
   900830.82430162339     
   900932.16162816691     
   900893.41956380312     
   900939.19575519406     
   900926.60848860058     
   900939.78742522118     
   900906.55225706194     
   900779.63756567123     
   900752.81322471052     
   900775.39251118782     
   900929.34770351264     
   900973.92868148442     
   900992.65772473998     
   901024.99063012702     
   900972.67183762195     
   900983.04436073499     
   901006.79745873821     
   900802.92531181569     
   900842.03323477891     
   900875.86201095220     
   900861.17904739280     
   900862.45512073732     
   900931.20869642543     
   900847.52209169662     
   900778.93402117933     
   900777.29882933327     
   900795.27455314680     
   900823.17480421311     
   900631.13553608197     
   900671.45879432233     
   900754.39507970877     
   900819.76157514902     
   900760.19761124416     
   900710.56717919384     
   900746.12172927626     
   900828.92352858454     
   900780.38181867718     
   900862.72165326006     
   900717.63809726806     
   900831.10711790959     
   900979.37980962149     
   900996.59636160103     
   900829.11350009555     
   900886.28101570019     
   900969.24072476535     
   900969.20646069793     
   900883.45987965306     
   900942.27015438699     
   901021.12736990489     
   901057.41049903026     
   901048.19606716372     
   901038.47802706365     
   901219.29776244366     
   901187.99811200472     
   901198.16657254566     
   901199.50481231161     
   901201.10408602108     
   901252.29019369860     
   901172.30192158045     
   901188.51767621713     
   901189.47952313977     
   901286.05311692879     
   901231.43436155538     
   901181.40257508447     
   901190.69364650326     
   901164.98541254841     
   901158.68927772436     
   901136.08860392077     
   901218.50536414515     
   901154.98049783788     
   901173.02813489165     
   901205.64907999465     
   901184.67631084495     
   901215.04659569135     
   901346.45514652389     
   901332.49683239171     
   901248.03739981120     
   901235.84144124179     
   901191.92764834932     
   901152.76778282784     
   901106.86522554955     
   901098.60233746190     
   901147.63735025900     
   901118.63718201453     
   901210.66585544148     
   901251.93532452139     
   901225.75632596307     
   901245.30294565624     
   901332.59390764288     
   901333.77198428439     
   901235.09430306742     
   901190.15694037126     
   901308.65985745413     
   901244.63612897717     
   901278.52721973043     
   901322.17757124954     
   901332.00514647551     
   901335.40738418349     
   901299.10367703927     
   901278.04757224489     
   901223.27159797179     
   901115.25356483506     
   901145.47072563448     
   901133.43785010441     
   901174.81268402538     
   901155.85211359418     
   901101.28943025367     
   901081.78197872429     
   901034.04147304641     
   901042.87428931321     
   901078.03233353887     
   900956.85687684792     
   900946.60639463074     
   900967.66244720225     
   900955.98826304590     
   900952.63403148286     
   901023.38660807011     
   901025.33938150911     
   901001.32048661984     
   901076.68546061032     
   900941.03494242544     
   901061.73048490426     
   901147.65269029199     
   901037.69959533017     
   900990.20355470711     
   901096.96447823697     
   901069.01617084059     
   901025.60629394616     
   900949.96646945947     
   901027.55147581699     
   900995.85975493025     
   900966.28804592695     
   901011.15222883585     
   900945.01453013928     
   900922.58742453996     
   900883.15755295160     
   900877.01136583718     
   900855.98457551841     
   901006.99433136825     
   901017.80076013401     
   900989.47854641674     
   900979.60934355133     
   900974.07918126625     
   900927.46016352531     
   900853.19780631922     
   900998.70411349949     
   900999.71739785548     
   900985.60217977723     
   900979.38503379247     
   901027.94062949298     
   901046.81890458090     
   900996.47921453998     
   900948.17850618623     
   900971.50426702446     
   901022.69722072058     
   901051.52387637866     
   900939.32061581267     
   900973.90857845894     
   901014.15922704036     
   901067.26266485988     
   901097.90795167955     
   901140.45696460165     
   901083.04418258474     
   901001.83364268008     
   900987.62528810324     
   901087.80421603785     
   901151.55579604418     
   901173.92483173986     
   901202.60553908651     
   901170.25954418886     
   901085.20700628217     
   901222.36746348790     
   901192.20882315200     
   901175.12763535581     
   901101.31100072106     
   901004.59604878875     
   901183.24712452898     
   901193.63796317170     
   901240.44434970862     
   901225.06833737879     
   901357.66369227099     
   901507.60096547136     
   901546.92088507710     
   901543.49968841684     
   901410.09811476781     
   901320.97231212968     
   901296.72047490289     
   901423.01058075076     
   901449.57752689929     
   901421.29365646536     
   901399.21897534956     
   901493.44651548984     
   901408.10348217294     
   901422.44664408662     
   901491.35559850198     
   901491.75301651296     
   901626.77057417226     
   901608.08674712665     
   901543.80638847593     
   901492.65130606876     
   901373.27230527590     
   901373.70526688965     
   901379.18994966696     
   901247.06870491384     
   901332.74796815973     
   901362.28232611599     
   901400.13640081114     
   901371.02984144585     
   901399.90194257279     
   901530.04085215426     
   901493.25505181600     
   901474.83089885733     
   901426.96910784673     
   901455.50516682386     
   901506.33097600669     
   901457.32991381490     
   901497.87931004644     
   901490.53265156923     
   901427.99259006174     
   901515.88595485722     
   901502.59534416755     
   901427.21765748097     
   901427.57171250705     
   901356.79014618683     
   901515.45825205953     
   901688.40060410986     
   901632.09619005420     
   901586.65146662400     
   901601.21745416918     
   901505.79561322310     
   901506.07734517788     
   901520.04467525485     
   901594.12151871948     
   901510.55605037301     
   901568.49292106903     
   901568.14756345598     
   901598.73439205543     
   901573.58011328662     
   901581.25118405966     
   901542.82859144115     
   901548.28601374268     
   901605.15770634287     
   901569.92091200862     
   901581.09821664332     
   901526.19266860897     
   901589.37438887940     
   901609.78408648982     
   901647.75166413921     
   901679.93913310859     
   901787.81721810868     
   901789.88685136370     
   901880.10801575019     
   901791.74894305598     
   901780.29278952139     
   901774.20053985680     
   901769.92017260764     
   901682.46148215816     
   901685.86269226845     
   901699.77035178756     
   901682.06303408020     
   901610.83580492390     
   901554.27155016165     
   901475.42028603435     
   901613.67071360059     
   901552.07764209330     
   901661.66320209508     
   901597.00087059604     
   901626.60847560223     
   901671.65869534214     
   901693.88155296724     
   901711.77592283871     
   901681.70715935412     
   901628.84413091163     
   901614.00910289900     
   901699.28910391917     
   901603.70402966288     
   901488.76236705610     
   901507.84740297426     
   901616.28819609527     
   901559.82710915874     
   901521.62044574169     
   901607.47865921294     
   901573.91011841584     
   901574.94609084202     
   901612.06078344898     
   901624.33656654460     
   901605.25306036533     
   901600.27820566448     
   901518.76635854342     
   901437.65555493522     
   901523.87651509664     
   901453.87750154594     
   901461.24039508717     
   901439.17576799367     
   901558.39460104308     
   901496.73796572699     
   901538.47217564099     
   901498.04161509546     
   901486.81146633497     
   901393.85943953018     
   901356.50670759589     
   901488.75694910530     
   901625.51515186182     
   901713.74279441545     
   901749.35798153607     
   901768.92635049799     
   901842.39685100643     
   901811.57297314843     
   901758.03629560780     
   901856.68332982680     
   901712.02447743667     
   901743.17120880843     
   901677.41169838398     
   901700.46254295344     
   901665.16115681268     
   901670.45972189598     
   901737.76565195038     
   901748.47906645248     
   901718.94100940193     
   901586.09766831039     
   901625.51667034009     
   901550.07640964829     
   901688.83039591543     
   901751.48660399218     
   901734.75030977931     
   901734.13331495563     
   901816.55099617527     
   901846.75536266307     
   901907.57421861286     
   901836.27509548620     
   901820.10085797706     
   901788.07444427186     
   901764.19867642259     
   901757.82506778219     
   901766.10256692721     
   901704.33045561251     
   901678.81755301123     
   901851.35572457605     
   901901.24332931545     
   901931.91608543985     
   901755.43326129310     
   901672.94677908812     
   901731.86518784927     
   901742.25445046276     
   901764.60809968109     
   901808.10849944165     
   901952.49060396885     
   901870.90738653881     
   901901.33527941874     
   901789.63760041934     
   901868.68335049727     
   901854.83794651076     
   901846.58638197125     
   901764.67424922565     
   901772.04173702141     
   901762.16811025294     
   901670.65404885635     
   901733.44176662154     
   901727.70887565368     
   901687.01288038190     
   901763.51909518812     
   901758.19957245782     
   901744.05001138407     
   901707.18987787480     
   901795.53762525285     
   901843.75182494416     
   901726.50736062694     
   901889.52526784339     
   901844.74671387835     
   901879.37585025048     
   901801.51767736324     
   901809.90236576588     
   901843.04088734253     
   901916.80796212435     
   902020.63239355804     
   901964.55395171605     
   902013.29215865454     
   901925.86019757926     
   901952.36379106541     
   901947.57233337185     
   901922.15227821236     
   901939.75408328744     
   902025.72294818226     
   901983.54647851607     
   901939.37300389796     
   901982.14154016704     
   901976.29670721060     
   902015.05013090977     
   902022.68372412655     
   902190.02224737429     
   902205.43010754883     
   902213.69991781004     
   902099.82087816775     
   902223.72594833176     
   902110.58720686240     
   902117.47878243227     
   902042.18626434100     
   902010.09361626790     
   901976.87885656196     
   902000.10649289947     
   902130.38532882254     
   902256.53177035390     
   902169.82315909408     
   902234.52573270525     
   902161.81129863590     
   902162.84607308509     
   902134.18993951776     
   902258.22622034175     
   902206.73785984784     
   902211.82892430504     
   902320.37291009189     
   902301.52228464279     
   902382.58008451760     
   902416.61530095746     
   902412.16924265504     
   902495.32583261549     
   902497.15216817986     
   902561.08200343756     
   902500.32764447120     
   902444.83340133750     
   902473.77290198207     
   902432.52434330236     
   902414.96908984520     
   902405.05861491035     
   902315.11424726271     
   902318.84741230623     
   902322.79111286695     
   902433.09377158526     
   902362.43519048265     
   902314.34312043339     
   902283.25237802579     
   902310.29611097684     
   902283.11819878349     
   902270.49376208056     
   902284.91405777505     
   902235.38157384191     
   902163.57523776370     
   902113.37405934022     
   902156.03363520652     
   902201.01633407723     
   902205.83371107315     
   902276.86159186461     
   902356.17355498229     
   902292.64841060084     
   902266.86459565151     
   902156.69400035357     
   902178.25757939054     
   902248.24276850291     
   902259.49371841596     
   902332.43574264669     
   902276.15007657639     
   902390.97897964285     
   902304.96695505839     
   902190.15257187141     
   902268.21793734946     
   902323.97044394154     
   902281.54704301432     
   902154.07210768212     
   902217.82023195561     
   902260.29831303097     
   902153.46735577309     
   902257.08835904824     
   902181.61095181073     
   902096.21257979155     
   902174.78217853559     
   902235.95905769430     
   902225.06569194037     
   902342.32331705082     
   902343.84992562863     
   902325.82617160690     
   902385.92921016132     
   902331.64112501522     
   902394.67668525642     
   902338.10606363544     
   902416.13839265262     
   902387.29246830672     
   902474.83584443328     
   902482.78771538043     
   902414.49684471230     
   902397.37183917896     
   902282.06915909820     
   902314.08430336346     
   902408.86435462022     
   902375.64098296862     
   902390.56604748336     
   902320.93033639551     
   902329.20148504234     
