   203219.70825846397     
   203219.70825846397     
   203166.90444046585     
   203080.63541694323     
   203097.32709673329     
   203120.35599009503     
   203002.67678622672     
   203049.93129486055     
   203022.50365429610     
   203072.41968131665     
   203113.91844509056     
   203125.07096199715     
   203163.49301013231     
   203147.31955418381     
   203169.89661889145     
   203164.32843357569     
   203114.86665196315     
   203143.55847974034     
   203206.20372886973     
   203282.74959988799     
   203267.26204951468     
   203330.61520769857     
   203349.65370168645     
   203387.38029599865     
   203460.04753938358     
   203433.27799658844     
   203396.56328013554     
   203377.81679722539     
   203332.53857746656     
   203279.27347479321     
   203320.56897133146     
   203208.60823367475     
   203299.45378050685     
   203314.42646521697     
   203295.69962085364     
   203292.46183602771     
   203342.95618837181     
   203345.32529087790     
   203376.42990030930     
   203418.64582513866     
   203466.10634590522     
   203489.46869845252     
   203555.35681109675     
   203396.18880894742     
   203327.75946940191     
   203387.93972374799     
   203370.96900693097     
   203297.79705586538     
   203351.60265262972     
   203352.37255632057     
   203374.18313291954     
   203281.59615799814     
   203225.94335046856     
   203236.76962679377     
   203061.61728807710     
   203164.19752700528     
   203206.14122405465     
   203235.88687837473     
   203304.27602153621     
   203157.77996357941     
   203138.51333852473     
   203155.76851126808     
   203155.15927184804     
   203195.95267492146     
   203286.33006521201     
   203260.46737269717     
   203232.87358027013     
   203251.40014869688     
   203270.54539208033     
   203286.85270458413     
   203252.86468251282     
   203313.60757115280     
   203276.51969386672     
   203309.51937242891     
   203354.61962393846     
   203316.59808787488     
   203228.34157293994     
   203166.49091018815     
   203182.80030069538     
   203218.82103373835     
   203194.95327708434     
   203270.51535551337     
   203357.28813557231     
   203407.46793120279     
   203368.66578308336     
   203376.91503669333     
   203340.07563427833     
   203308.53994402298     
   203332.57391830577     
   203380.19695506807     
   203357.88705735488     
   203372.82180196710     
   203295.91989706064     
   203298.82237953926     
   203359.36841483481     
   203241.91168467203     
   203301.92431108552     
   203290.49799269633     
   203348.49925712874     
   203341.60695221953     
   203290.03131678473     
   203282.32302071113     
   203335.55165481559     
   203382.75539679933     
   203460.06864780781     
   203408.77486694080     
   203447.02180840084     
   203435.59658394009     
   203454.22266968412     
   203462.25835247556     
   203424.07149932714     
   203369.86150105551     
   203382.37061080939     
   203478.14235553547     
   203429.37078577399     
   203472.37925488406     
   203420.21227262184     
   203471.25504728447     
   203455.37576089654     
   203460.14097760891     
   203424.54772300253     
   203356.51360761284     
   203321.85240946896     
   203321.85240946896     
   203300.32994406630     
   203293.49603037391     
   203412.45943007953     
   203393.94071993508     
   203390.67962356433     
   203456.17684345972     
   203335.47442537075     
   203281.87902963613     
   203301.41399139573     
   203248.22151854381     
   203173.70068079507     
   203181.21808803131     
   203153.71695730730     
   203093.06564442365     
   203049.48715724979     
   203154.19478098632     
   203157.31412251704     
   203173.98069992702     
   203171.34804091378     
   203206.59909617325     
   203266.30765310783     
   203336.88360508587     
   203377.18761488787     
   203285.34191212739     
   203166.19018494815     
   203132.19193399741     
   203121.16244322620     
   203069.91868134172     
   203013.78191346861     
   203088.68653175491     
   203093.99083021889     
   203044.30655868622     
   203073.09677263626     
   202990.73354571100     
   203034.62858160576     
   203043.77348572365     
   203143.59904741423     
   203197.96838519443     
   203103.50659663416     
   203167.57139903744     
   203079.41515596534     
   203186.23338490029     
   203215.17823300988     
   203245.51173852163     
   203222.39494293707     
   203233.39245803497     
   203300.93107332027     
   203216.41907953110     
   203224.25577071699     
   203314.19286508136     
   203232.63336745513     
   203240.61019144132     
   203237.98575283581     
   203244.61586726250     
   203228.95840807940     
   203322.45985100637     
   203365.14310514517     
   203320.11693657836     
   203316.64076370044     
   203269.18498754303     
   203144.95487456597     
   203200.54009844703     
   203115.85168260449     
   203042.25026234222     
   203149.82878590113     
   203079.84753551718     
   203068.22428724534     
   203059.99196623050     
   203017.54515646136     
   203051.90386911578     
   203022.81354170645     
   203075.13078304718     
   203003.99794427777     
   203127.84718891379     
   203116.89184514864     
   203159.13601917159     
   203051.00232838030     
   203083.33299153589     
   203098.54506188395     
   202984.24410572241     
   203070.55018123574     
   203100.68424954778     
   202955.85919984622     
   202933.89217423846     
   203011.74974859972     
   202929.72699970359     
   202819.34997845607     
   202878.57621162254     
   202843.97178543278     
   202860.57419823291     
   202779.64309445591     
   202879.54839408345     
   202961.18808955449     
   202866.02071868972     
   202954.98239659582     
   202968.68381221654     
   202992.53762823314     
   203034.42539776149     
   203117.77155098866     
   203100.41254781172     
   203082.21498430354     
   203033.37781894900     
   203024.25186012991     
   202941.48204979411     
   202855.22441836155     
   202889.29673698463     
   202918.97267674355     
   202944.31012299651     
   202869.19119336476     
   203033.86187872587     
   203007.78679448913     
   203022.52657611980     
   203090.66589633020     
   203088.54791858283     
   203140.31877035060     
   203101.64340357363     
   203166.46076388779     
   203223.59428856571     
   203107.00974886917     
   203109.45518271835     
   203110.80106554937     
   203031.03657178441     
   203131.04737395202     
   203091.21745989114     
   203024.24247931395     
   203030.11538710582     
   203152.30230392760     
   203062.98435035400     
   203033.36276493710     
   203036.91432611636     
   203026.23807989742     
   203040.61946311739     
   202891.39239399196     
   202935.53061153713     
   202837.96626657018     
   202830.38630348572     
   202852.31143965368     
   202876.70075287813     
   202993.03633942595     
   203031.98636426628     
   203037.34329196325     
   202945.40907074616     
   202922.22850177591     
   203077.76986510691     
   203030.34689705833     
   202974.48956451888     
   202998.76150388655     
   202999.48286912049     
   202968.40279300342     
   203003.15274514194     
   202951.40451563345     
   202909.69824441418     
   202806.21170601287     
   202784.84133908726     
   202831.75147158079     
   202799.88135609590     
   202804.98844451187     
   202805.83167832630     
   202860.13564735619     
   202843.58169314484     
   202843.76186633061     
   202741.07749218546     
   202775.47347244972     
   202779.02532211173     
   202833.22504924447     
   202834.66669789443     
   202787.71790445541     
   202834.06628580453     
   202843.15750948768     
   202734.26479861222     
   202779.36509265978     
   202924.57717876538     
   202964.82917894519     
   202929.22262877415     
   202873.69907864984     
   202826.71881254666     
   202896.84206652312     
   202891.79150318116     
   202833.53326105041     
   202848.65145188410     
   202882.33889935288     
   202884.54599635239     
   202866.46407614445     
   202904.63541682612     
   202884.16165305319     
   202855.76148820750     
   202838.24963638294     
   202719.91203029896     
   202715.53181084408     
   202812.07658101551     
   202732.28038949316     
   202689.14260691544     
   202766.22362111186     
   202857.01378950887     
   202958.46968164347     
   202926.46069601472     
   202978.93099235219     
   202959.69950179185     
   203018.66583206356     
   202913.92721189134     
   202862.04975901847     
   202934.61080733483     
   202976.67479732077     
   202950.96519209037     
   202890.77601860792     
   202928.83790393459     
   202817.73160588203     
   202858.66399202278     
   202822.89474344510     
   202719.96119815475     
   202766.69504012540     
   202761.57778876944     
   202778.98526525416     
   202778.30020731257     
   202746.89936625632     
   202710.26080140460     
   202683.81543395563     
   202763.19328352678     
   202707.28699709559     
   202623.55214955605     
   202613.48850224880     
   202542.39313154650     
   202557.59150185110     
   202659.11279696238     
   202635.55244600165     
   202632.72259342475     
   202609.65836392701     
   202585.89366940546     
   202566.29005825307     
   202560.81298123053     
   202642.71593405685     
   202502.92314208078     
   202628.65717525885     
   202659.09020504405     
   202703.59584879395     
   202506.81057645567     
   202476.84210055968     
   202445.92379418624     
   202494.81716966335     
   202543.68127051045     
   202589.75880890578     
   202623.59672102513     
   202661.67896986636     
   202725.45431564419     
   202671.65824151580     
   202586.97347681934     
   202540.66487365114     
   202628.66568643061     
   202678.81927072591     
   202642.75589565819     
   202645.04095699667     
   202586.40433096793     
   202501.75451905103     
   202534.71580019666     
   202560.07359746145     
   202600.60374609579     
   202587.04066139922     
   202519.25957812913     
   202512.46266579116     
   202522.70882871564     
   202493.14235105750     
   202519.38931250523     
   202488.11430173225     
   202469.56534511680     
   202404.87374196670     
   202455.51456538256     
   202493.67511062548     
   202522.37198221363     
   202426.45698872465     
   202542.48089290052     
   202562.06149977172     
   202579.05375418114     
   202628.39856629202     
   202542.80291522513     
   202500.09559391005     
   202507.01369668834     
   202480.65894145623     
   202409.79267640997     
   202386.73528646550     
   202325.35129654838     
   202354.90560693419     
   202428.23645430102     
   202422.95571639066     
   202405.99669992307     
   202362.25897306809     
   202285.10814331306     
   202340.40442958914     
   202336.62666729989     
   202310.95008086617     
   202240.13685727472     
   202317.57786455387     
   202317.77129372992     
   202311.41455668048     
   202374.68930413219     
   202408.44537967615     
   202394.40443010416     
   202468.84926453620     
   202574.77868181400     
   202512.46609773932     
   202529.23059956863     
   202486.25157311122     
   202454.84727674694     
   202535.63469586702     
   202464.14023457872     
   202444.22058518042     
   202484.39172278170     
   202505.72909967069     
   202565.82767011091     
   202411.16037981585     
   202429.91506883642     
   202402.61280428010     
   202453.81861340688     
   202498.96898447393     
   202414.30874217316     
   202496.54437115043     
   202449.17204014119     
   202399.96450545188     
   202352.09350503216     
   202422.67496684895     
   202325.15247216047     
   202194.43152829702     
   202192.41360166532     
   202193.49498778579     
   202181.40597693692     
   202166.90169653628     
   202213.34225472828     
   202192.97299402714     
   202186.96370421001     
   202294.46160125927     
   202221.88315058086     
   202198.19354192470     
   202234.05253763136     
   202290.10378450615     
   202289.96645281732     
   202329.10255258577     
   202338.91710356280     
   202270.42919720904     
   202253.06255360958     
   202283.95758629017     
   202249.40334696736     
   202275.41647841813     
   202267.30873641759     
   202359.52131938739     
   202401.59135275293     
   202509.02206334384     
   202535.28487973643     
   202515.60593615801     
   202465.47042266431     
   202436.57112239796     
   202513.55616570130     
   202505.27763025841     
   202527.22543957533     
   202493.77916526157     
   202493.51103990222     
   202499.72104913942     
   202577.37932868957     
   202684.63955834389     
   202706.87277106373     
   202627.06389397263     
   202598.51522324598     
   202542.09324156598     
   202667.13200646828     
   202689.93718807620     
   202594.49033443953     
   202634.67381057778     
   202728.48333141668     
   202602.12695251300     
   202615.33043571012     
   202678.87589951922     
   202698.72158027705     
   202748.09744168544     
   202613.74789470650     
   202703.40786772224     
   202713.49617143237     
   202720.97159431453     
   202794.02975170675     
   202730.68877499076     
   202677.21485064086     
   202563.89412092383     
   202620.72401756744     
   202546.26206136832     
   202647.50893202290     
   202682.33115098020     
   202558.43019322984     
   202549.18281572717     
   202408.29403079412     
   202513.74742457466     
   202494.63482553023     
   202474.46580529641     
   202596.56911442202     
   202562.83978467059     
   202587.30794924204     
   202487.84083811499     
   202475.21135462582     
   202531.10277454753     
   202461.35462680209     
   202458.17724340511     
   202398.19889070737     
   202385.96630534274     
   202429.78971871836     
   202502.07406282396     
   202413.16882499185     
   202458.70099212919     
   202473.85089206812     
   202457.80618493751     
   202505.29273707743     
   202474.02859798662     
   202385.00689523123     
   202367.85825697921     
   202391.44180806060     
   202248.03601102481     
   202219.32759035454     
   202343.71228706269     
   202246.75926969576     
   202414.30760026732     
   202384.31688330419     
   202419.94282235816     
   202491.45036700464     
   202416.34482021703     
   202350.58493999316     
   202384.91246451100     
   202413.76968262048     
   202434.73684448047     
   202394.33197587242     
   202419.33530495962     
   202423.22925258771     
   202423.34201220254     
   202353.18829630519     
   202339.76322916735     
   202276.11166249009     
   202198.58871382975     
   202242.49434748708     
   202283.08315957361     
   202279.40713012312     
   202299.82055281437     
   202301.35868038956     
   202261.14301944646     
   202318.58469643700     
   202208.57169664500     
   202332.43562933491     
   202377.42005598871     
   202272.33045895980     
   202271.63520197547     
   202244.25803440731     
   202171.43479068507     
   202173.68264694768     
   202203.41236951487     
   202237.82084679056     
   202192.37637642713     
   202171.08671229248     
   202174.80449584604     
   202166.39333718779     
   202194.52683167759     
   202155.94841450502     
   202066.31447818264     
   202127.90361793124     
   202234.32344092315     
   202213.76274792684     
   202303.51103986602     
   202350.96282878346     
   202384.23365366133     
   202279.71400711985     
   202288.40939238330     
   202341.28150372001     
   202427.12963932651     
   202370.92408537824     
   202292.29783597254     
   202307.70081872842     
   202299.95319363032     
   202358.48924582705     
   202316.11592138975     
   202283.73018193676     
   202313.75232904337     
   202387.80940039334     
   202332.37376733567     
   202385.62486316171     
   202451.53908112357     
   202414.36303245026     
   202414.17370929226     
   202437.31860792835     
   202356.89313057691     
   202444.96643816654     
   202449.88447356908     
   202478.65802088709     
   202309.67764071119     
   202317.83518475521     
   202310.41630725583     
   202382.99199267459     
   202420.97880255044     
   202413.49377850510     
   202460.84554665902     
   202410.41984171627     
   202397.28666644217     
   202369.19366852517     
   202345.94535437826     
   202482.36025149809     
   202482.05743106216     
   202453.24373259288     
   202402.28502286368     
   202364.76869791243     
   202408.45623577060     
   202354.37318481336     
   202410.81647992122     
   202418.33623454100     
   202408.03742962299     
   202433.61090426549     
   202302.66054331826     
   202258.50707110448     
   202323.12307141014     
   202347.05657103023     
   202325.69884626722     
   202334.62856794262     
   202411.03035637975     
   202410.55622961558     
   202339.04314026251     
   202378.01383128864     
   202385.37921500465     
   202253.78650937977     
   202410.67494050466     
   202396.80034706375     
   202391.08873660606     
   202315.79379210935     
   202335.46470102106     
   202134.17549924541     
   202148.07524973463     
   202170.11609849957     
   202207.52964185062     
   202221.82806196631     
   202106.28780847832     
   202154.01540942327     
   202241.32642239373     
   202288.36269051780     
   202236.90436773290     
   202157.24753240522     
   202175.51905311353     
   202121.42263560664     
   202258.54299440660     
   202215.27876758931     
   202242.25706769465     
   202233.25960131746     
   202195.26649877342     
   202189.13178260633     
   202170.77947066139     
   202159.47258695419     
   202127.35592303702     
   202179.10239841268     
   202219.86662815305     
   202238.81521063158     
   202204.64634889690     
   202223.73901619113     
   202354.36439996140     
   202313.84366297498     
   202363.68926818392     
   202437.31793565382     
   202429.35203662293     
   202536.05082581416     
   202510.85625848011     
   202553.23889830330     
   202560.86819418281     
   202646.45114540920     
   202733.09733595198     
   202778.91607500886     
   202819.04257617219     
   202819.27572044710     
   202819.62634300583     
   202819.62634300583     
   202819.47394883030     
   202820.04445571516     
   202818.52123837179     
   202818.64845903777     
   202818.89357318633     
   202818.99057722511     
   202819.98333421821     
   202820.30947013665     
   202862.72948967438     
   202722.11460946137     
   202718.14978853374     
   202652.46728594007     
   202697.98887972778     
   202578.33035628902     
   202550.07795175465     
   202610.87848844528     
   202673.36131415001     
   202703.46552580898     
   202825.48997865585     
   202889.40579216072     
   202906.55804697075     
   202784.74012151838     
   202815.40560907195     
   202686.54524814815     
   202623.26094099306     
   202625.59558607108     
   202668.47057499568     
   202767.61603499134     
   202757.97704200487     
   202800.34138787055     
   202776.51467281961     
   202791.17273859633     
   202843.40080768100     
   202893.78849678353     
   202912.87242846939     
   203024.23913300145     
   203008.87888195849     
   202999.20543434148     
   202998.82776284311     
   203022.95730054606     
   202998.52597999672     
   202915.42371625369     
   202985.62157904397     
   202979.10820622047     
   203015.23006656085     
   203070.62266415634     
   203162.73574756578     
   203186.58275537647     
   203085.44010853581     
   202968.22886588352     
   203023.07204017730     
   202990.32254885728     
   203041.74035930802     
   203097.15353034006     
   203039.50407310645     
   202987.50606831213     
   203012.15373468987     
   202951.39292082464     
   202994.42694172586     
   202980.42238050705     
   202999.55849418393     
   202923.63839793479     
   202879.39234000549     
   202864.97009066143     
   202965.61285300125     
   202895.84936689032     
   202894.44741532402     
   202974.75607694240     
   202948.64528129032     
   202978.77578008332     
   203065.71065737927     
   203014.81515956103     
   202964.05065895335     
   202899.73971506121     
   202971.74149690772     
   202894.62609123395     
   202984.09798933362     
   203072.18207377478     
   203052.41970429142     
   203022.10532443269     
   202975.15476043965     
   203049.68015953759     
   202992.41875327312     
   203031.45566008877     
   203022.75861789277     
   202996.18965632748     
   202875.84380862548     
   202859.58994115610     
   202903.24650084198     
   202824.10125161274     
   202792.23364746885     
   202770.21727050410     
   202798.34814381989     
   202843.98377120763     
   202873.36988473698     
   202934.82371707485     
   202923.79255387484     
   202909.42508502884     
   203033.78484647087     
   203019.12679933471     
   202994.27896500868     
   203085.57232484783     
   203050.74209711776     
   203040.66229690876     
   203051.79626652662     
   203136.54192913225     
   203227.55607854560     
   203187.23323196647     
   203148.18191912086     
   203123.76667726203     
   203044.30748676174     
   203084.10511605709     
   203097.66999495117     
   203071.72917245334     
   203150.17489511822     
   203107.72182823718     
   203170.47683896005     
   203129.34365575179     
   203137.72367413843     
   203102.98868201219     
   203112.63804020075     
   203194.19031269621     
   203287.06073194282     
   203283.69872827191     
   203266.30221209952     
   203224.91889945976     
   203211.74833499183     
   203215.87360369589     
   203224.91352167702     
   203289.07847074966     
   203254.79645399714     
   203200.43949015150     
   203185.63817805462     
   203238.84318403163     
   203267.25139347321     
   203328.81125672153     
   203257.14022727622     
   203249.88637400372     
   203289.37001409632     
   203372.42128178923     
   203355.67515603462     
   203494.17150177876     
   203529.15847215831     
   203588.11201107712     
   203608.43455108060     
   203612.13204665211     
   203592.15082725673     
   203565.59392427898     
   203508.10697460035     
   203519.22481434082     
   203501.53174310928     
   203514.19560387384     
   203514.90600847799     
   203499.50158521096     
   203536.69566408050     
   203510.72589064940     
   203533.96743734516     
   203548.20607164619     
