   210582.04408293439     
   210582.04408293439     
   210620.08993402836     
   210585.12982119288     
   210455.37672883211     
   210447.04292377146     
   210311.16536714326     
   210161.85088276552     
   210049.84335028741     
   210057.02322093799     
   209902.78798821522     
   209748.30586869747     
   209792.40765699945     
   209723.68884958437     
   209606.01666343558     
   209449.56051142473     
   209474.30294730925     
   209418.78770399617     
   209295.87084981333     
   209346.70093233298     
   209294.65387449166     
   209089.84481420310     
   208966.70554202845     
   208946.27742661006     
   208950.08645618998     
   208903.33267206946     
   208825.06907731757     
   208770.95990281345     
   208645.11103288797     
   208749.60941923701     
   208665.66078280678     
   208637.04083946886     
   208570.55426759552     
   208531.24446669398     
   208522.53293537267     
   208437.66336121925     
   208323.61423826395     
   208288.89791368859     
   208188.89382028623     
   208278.52921016255     
   208159.30586228758     
   208168.93431804387     
   208051.97624814793     
   207927.09517606327     
   207858.19783520527     
   207810.75149795917     
   207693.92099954109     
   207713.74461192050     
   207616.36349021411     
   207606.41004553414     
   207691.20543271530     
   207676.25052724764     
   207783.04427600533     
   207670.57727796619     
   207563.46779473469     
   207624.79634500563     
   207562.79693567802     
   207584.56342440349     
   207466.33871291467     
   207525.89375941237     
   207489.70096419891     
   207511.86325053335     
   207389.90086048239     
   207276.51466206455     
   207180.68136623208     
   207266.30478920831     
   207189.96982953191     
   207104.93163005103     
   206891.99141573586     
   206874.74407374661     
   206856.91365818668     
   206834.51158943825     
   206934.81759735892     
   206870.91835149680     
   206873.74999949557     
   206829.17266691808     
   206836.35230724813     
   206836.20815578810     
   206744.23498645029     
   206721.10021694389     
   206703.58548087126     
   206683.82598775960     
   206690.45963984137     
   206582.95928326785     
   206579.17520209478     
   206483.58208746536     
   206489.86768610589     
   206537.20266514271     
   206454.38704201294     
   206482.57649034023     
   206399.35937033338     
   206331.48904415028     
   206321.01421914258     
   206219.90348532950     
   206172.18730487340     
   206121.71815838295     
   206015.21392858849     
   205964.20132276442     
   205968.03303270449     
   205953.99732218156     
   205910.47909975547     
   205911.15675491345     
   205959.19016199809     
   205929.17794876909     
   205903.98416423163     
   205884.39822872146     
   205869.94777703637     
   205863.77037818765     
   205783.89176269271     
   205681.88006191811     
   205670.14240618935     
   205528.56958220911     
   205606.31967747837     
   205640.02735170408     
   205553.50140786241     
   205544.71641582440     
   205528.81130426828     
   205538.65262542505     
   205426.44021713681     
   205381.95961258182     
   205295.24688282353     
   205251.57613876439     
   205258.32803166853     
   205111.63116468891     
   205076.23071892638     
   205023.44994082756     
   205071.85928808973     
   205134.56842181931     
   205010.79307962750     
   204989.75634867296     
   204941.77415852703     
   204966.32282221265     
   204944.96464009018     
   204898.01113648285     
   205029.17392763068     
   204947.63639643200     
   204921.05318660478     
   204820.86901697432     
   204870.64155427471     
   204753.94614816917     
   204788.51921294167     
   204697.48732261214     
   204678.54258242965     
   204706.98929744220     
   204674.19266272240     
   204798.35534486343     
   204737.53489131885     
   204608.03676663892     
   204624.93437609603     
   204629.29695405843     
   204555.63749850090     
   204590.72345136429     
   204480.98882782663     
   204308.16580228077     
   204148.12361992631     
   204138.19814455553     
   204203.54836632614     
   204156.58380849261     
   204106.01583662585     
   204054.94038359995     
   204141.68121923157     
   204177.79977078646     
   204162.16890477377     
   204142.18330655311     
   204026.60431090795     
   203980.87630163977     
   203953.42056877457     
   203901.71459596022     
   203848.87577053311     
   203760.77611736936     
   203693.02580519137     
   203651.27927494785     
   203667.86729854287     
   203682.15528065214     
   203652.67080607460     
   203667.37307533066     
   203646.29075064350     
   203612.13395268671     
   203577.00094656300     
   203584.22625580523     
   203606.13649732928     
   203580.97415444860     
   203573.88902011787     
   203557.49363713225     
   203577.36980263659     
   203516.45461317166     
   203523.75802947205     
   203536.37874077144     
   203532.01561250325     
   203475.11588112544     
   203554.82603596221     
   203442.72053288293     
   203458.78380444174     
   203323.52448950874     
   203357.62048679279     
   203348.27184733146     
   203297.34352493292     
   203257.52542135352     
   203277.45181107419     
   203282.92127513193     
   203241.29711014763     
   203226.41308468100     
   203255.56808764316     
   203134.46718943829     
   203010.34254885820     
   202977.60465290298     
   203030.69158871591     
   203089.00135758112     
   202963.39069333678     
   202992.68923182090     
   202808.17525039276     
   202921.80173988006     
   202931.20892696176     
   202895.00314474243     
   202742.07935238708     
   202715.16905225976     
   202615.42762756732     
   202533.25738793661     
   202523.90081964372     
   202434.18709136228     
   202431.41086642985     
   202399.08940257103     
   202355.43265071872     
   202408.41145851059     
   202342.25906721142     
   202303.23092622354     
   202253.07455265787     
   202340.13822115882     
   202388.44365322127     
   202448.68588278600     
   202337.34308791303     
   202359.50331877236     
   202314.76000510762     
   202372.91772216186     
   202321.59764174392     
   202373.67201066535     
   202328.65349426336     
   202192.68943455265     
   202357.49003425162     
   202365.19264918269     
   202292.70836698651     
   202244.44178035634     
   202249.74857418225     
   202116.04346082790     
   202112.07576577319     
   202134.73956095689     
   202202.06991961104     
   202153.70316352966     
   202043.04237830304     
   202071.21582478276     
   202062.26408873181     
   202132.76562008643     
   202099.60135441841     
   202005.53154044246     
   202045.28930788927     
   202005.53402366673     
   202008.48544281986     
   201973.58823640607     
   202047.84930754884     
   202030.87080580523     
   202035.19045938225     
   201943.91689783710     
   201959.83818414400     
   201984.00853847858     
   202032.03794352352     
   201937.22882498638     
   201981.55197462311     
   201990.21852988368     
   201883.81352714688     
   201778.88920679083     
   201855.11995877000     
   201948.94685944269     
   201888.30886455995     
   202004.90713769721     
   201843.12320234714     
   201802.25921750674     
   201850.22365306909     
   201908.06452650583     
   201838.44703666796     
   201944.09246217366     
   201989.28313751426     
   202050.30636399842     
   201882.93233223615     
   201851.17301104407     
   201834.94001719676     
   201790.08145065920     
   201731.57502446519     
   201730.39653254210     
   201754.97214636370     
   201785.35966104295     
   201634.82729117046     
   201691.98726867957     
   201633.26511649095     
   201662.57344147179     
   201617.73404094670     
   201595.73055626810     
   201542.36297639608     
   201489.70764331808     
   201516.91529749666     
   201352.26572170333     
   201325.11808579374     
   201384.05205882463     
   201394.97749953749     
   201371.57668105318     
   201358.19456932307     
   201242.96790963720     
   201158.76388358654     
   201169.05960096777     
   201200.88904845674     
   201223.00614714788     
   201286.47964928177     
   201155.04668198165     
   201262.48578845980     
   201145.44287239248     
   201167.11716711361     
   201266.92286837890     
   201135.74480358188     
   201158.57596645679     
   201102.34506537011     
   200978.29346916801     
   200948.97626083664     
   201005.48439699339     
   201004.62377531492     
   200917.60819389729     
   200970.47383868977     
   200924.18212594185     
   200953.20115863427     
   200897.51842660591     
   200845.48305752937     
   200897.46952489606     
   200914.08847649643     
   200803.41589734942     
   200892.82920867665     
   200874.65209318453     
   200759.15590180139     
   200842.33332283702     
   200913.51690136368     
   200945.96591894102     
   200858.21973866670     
   200868.51384219539     
   200776.24776074168     
   200751.23230747788     
   200807.92379731900     
   200809.15881278389     
   200763.89436796127     
   200742.90960324521     
   200701.73820065206     
   200605.15468291662     
   200580.07901494298     
   200570.86943347688     
   200616.67813737202     
   200673.44432167834     
   200617.01860996566     
   200597.96034864918     
   200630.11400273972     
   200610.27879138017     
   200608.76645421554     
   200743.76441055309     
   200675.54507871546     
   200672.17151378779     
   200634.53060099753     
   200556.08016308237     
   200575.27520018865     
   200637.92743054288     
   200612.76759665523     
   200597.49282576915     
   200605.00707217469     
   200645.56408604639     
   200699.21316604118     
   200693.69706635282     
   200727.50670348169     
   200737.16152548877     
   200734.29542198507     
   200771.87566160073     
   200746.76951902962     
   200768.93464075594     
   200689.57329265974     
   200643.00811717525     
   200577.44211138270     
   200558.39063463174     
   200506.38286153896     
   200590.94837990319     
   200503.80398745253     
   200510.40635904190     
   200576.27982765588     
   200441.76393656264     
   200331.04642355599     
   200208.84516071589     
   200181.09153114550     
   200239.66363823207     
   200213.16148051107     
   200196.31314952203     
   200193.80437223756     
   200123.35516329866     
   200196.17709326372     
   200197.58131236301     
   200162.63121212160     
   200243.75621106505     
   200317.43014516530     
   200222.91832127809     
   200278.95018917258     
   200259.11347371183     
   200193.23394887964     
   200215.95866482740     
   200209.68291913695     
   200161.46068850101     
   200171.92783020015     
   200142.03350196718     
   200088.68035956495     
   200073.11856139352     
   200050.00422582487     
   200078.49548631062     
   200123.02448694414     
   200012.82967425429     
   199956.70873288874     
   200063.14342044279     
   200023.24161451778     
   199850.84268945979     
   199839.29108887308     
   199827.51417797347     
   199872.78949311996     
   199837.08324220550     
   199857.59749215550     
   199916.52214704419     
   199949.10416760194     
   199954.35870624959     
   200005.02182032136     
   200081.52691739149     
   200125.48418698410     
   200044.29433121430     
   200112.36606954547     
   200161.47027604567     
   200190.06625753903     
   200109.22648749989     
   200115.56065763504     
   200176.20530054608     
   200102.57155796085     
   200040.50757162549     
   200049.16948890872     
   200047.62428538513     
   199996.27302365543     
   200030.67791777977     
   200040.80832089682     
   200004.57878609799     
   199864.60377636924     
   199889.10323384558     
   199927.94314918574     
   199824.26541771807     
   199808.38381512961     
   199857.66141999018     
   199828.22546157925     
   199794.53730997283     
   199832.22475444092     
   199789.40761782866     
   199797.27751878405     
   199792.38039920462     
   199773.61178390906     
   199834.06178937061     
   199757.83331509921     
   199735.24623461341     
   199735.69476974587     
   199725.13209412637     
   199827.64591678939     
   199781.26603801735     
   199759.22493977926     
   199723.92668179979     
   199637.67247456920     
   199540.61144150537     
   199718.83105529050     
   199636.36340739176     
   199637.90450026517     
   199608.11715282386     
   199476.81659314444     
   199579.36336506624     
   199613.29280530335     
   199706.77012879727     
   199809.42821967570     
   199758.66141125781     
   199691.71762901969     
   199736.27470584272     
   199751.36599230862     
   199595.27458891962     
   199570.70445052680     
   199461.88828968530     
   199456.84734942002     
   199489.49376532709     
   199502.80370961435     
   199552.38328123468     
   199507.91430275049     
   199492.21092287696     
   199534.77604222888     
   199596.49467597133     
   199577.08606708431     
   199559.55847205076     
   199545.88870930808     
   199488.54366333960     
   199366.10155510425     
   199311.21834454025     
   199294.50028331063     
   199278.87973281235     
   199247.37705379282     
   199182.04416253857     
   199187.19708707219     
   199201.18573835274     
   199284.77187751772     
   199339.44744371265     
   199241.08655206783     
   199313.34191064822     
   199284.23221342603     
   199267.33761218807     
   199142.76183384366     
   199099.17935362019     
   198993.05825065219     
   198959.47418512788     
   198990.12338879114     
   199004.32076514172     
   199004.81287466019     
   198949.82215873062     
   198993.87388514742     
   198980.63146728283     
   199005.83301550904     
   199081.03550269638     
   199104.52722129558     
   199223.35957062268     
   199138.49747707538     
   199184.48753298467     
   199051.36676326045     
   199053.44455435695     
   199034.12306355569     
   198918.19273801244     
   198852.42941452959     
   198827.70206753569     
   198933.63735049142     
   198964.47224477044     
   198814.00654349287     
   198803.30703378844     
   198865.33672662891     
   198823.14327667834     
   198876.17054786917     
   198878.16582136444     
   198858.30571141234     
   198850.77207349340     
   198911.60440754041     
   198803.71968154219     
   198793.33458164649     
   198822.02768912300     
   198712.51115853767     
   198686.98917742530     
   198770.77781826380     
   198778.88047223681     
   198745.88317382228     
   198722.45699182182     
   198708.27743461041     
   198705.83858928041     
   198752.40633900062     
   198692.10314118897     
   198678.78790528182     
   198705.47230780974     
   198730.88287242907     
   198628.75886433155     
   198681.75183901869     
   198699.40480775994     
   198673.14623365001     
   198650.51756104443     
   198577.61525800370     
   198564.84842542998     
   198647.54527798592     
   198573.40429367992     
   198622.77627395527     
   198601.17361532987     
   198581.65494290923     
   198572.55452537999     
   198682.37902870297     
   198689.95267542073     
   198692.34982344991     
   198721.04069120053     
   198684.37759941982     
   198658.90179246888     
   198692.34939164395     
   198710.84857912140     
   198749.53748704918     
   198801.16803232656     
   198875.46581454217     
   198746.69466349410     
   198689.23640266428     
   198644.47464162615     
   198759.53887204244     
   198822.49971467422     
   198868.67009940257     
   198863.37716435862     
   198779.45661594046     
   198740.81443067384     
   198764.90781220130     
   198710.24318289297     
   198754.66001446109     
   198734.98945273223     
   198726.55616802670     
   198738.06461511651     
   198775.50816836048     
   198788.02615505568     
   198672.13389227731     
   198623.53730900676     
   198668.43501613950     
   198707.76719321747     
   198572.45504819520     
   198592.04682835800     
   198621.76913794337     
   198607.47973903207     
   198522.01580309161     
   198573.50974929391     
   198497.08350901853     
   198515.49535177823     
   198418.03773804655     
   198391.72187497126     
   198442.57969499973     
   198398.41526768479     
   198490.85719581664     
   198418.80759600387     
   198436.27460616571     
   198500.31553905332     
   198485.17464970000     
   198366.95829212177     
   198391.17030407590     
   198320.62379373721     
   198434.24357378078     
   198419.45458861408     
   198501.74114498359     
   198386.70486926057     
   198462.71527288677     
   198547.04576546655     
   198486.74031208368     
   198333.39779093370     
   198348.16204231582     
   198417.63534566422     
   198366.05147914760     
   198397.64035591780     
   198329.33576191677     
   198396.81695915686     
   198395.17751941935     
   198314.07637736344     
   198262.53455813930     
   198357.70559673270     
   198296.30488032172     
   198223.77586172055     
   198116.00717859101     
   198126.83094258362     
   198124.22509426932     
   198115.15055945609     
   198055.62797054948     
   198049.28865871797     
   197923.95896263284     
   197986.13203977872     
   197931.99999776381     
   197967.64424302027     
   198022.57202634093     
   198061.34992099338     
   198147.78025019038     
   198132.49652553626     
   198101.56342836979     
   197967.74799365562     
   197914.66237575890     
   197967.81123733227     
   197978.69794000452     
   197939.36644123861     
   198120.76376521590     
   198046.95492819505     
   197919.27617337013     
   197981.99901468190     
   197948.43280807452     
   198058.80656016563     
   197958.42217708725     
   197958.29564984996     
   197944.06956031374     
   198050.25380219659     
   197969.16505023648     
   197952.98612038809     
   197813.11614297357     
   197870.14301989603     
   197832.29216767027     
   197973.95198298249     
   197891.65841959493     
   197921.50957014284     
   197850.40356031776     
   197902.01771526012     
   197806.33057871833     
   197776.05857311748     
   197766.85572297996     
   197849.87587712865     
   197966.54312472991     
   197942.52658674010     
   197944.62265933058     
   198003.80338236751     
   197984.60790069785     
   197866.17562551785     
   197878.20409376529     
   197860.10835113761     
   197926.72717341976     
   197980.42403633526     
   198051.55513190810     
   197963.68680640444     
   198036.70483199810     
   198057.68192276498     
   197936.85048977323     
   198039.62908197413     
   197985.50059494603     
   197912.13861980161     
   197906.13909543390     
   197941.55475466224     
   198024.42119811778     
   198088.35910616917     
   197971.19702704469     
   197983.01219934647     
   198034.72200766884     
   197942.00256027633     
   198001.85535847762     
   197973.67839378072     
   197944.90537971904     
   198058.03836295014     
   198132.64156360496     
   198062.52111620171     
   198132.03107013373     
   198027.98601619218     
   197980.91116538364     
   198045.85558157848     
   197969.39066902682     
   197972.47306687845     
   197900.98873601473     
   197883.33783662284     
   197896.91111252373     
   197923.55334095174     
   197936.42147828109     
   197863.62486232555     
   197869.63696193285     
   197782.01741801001     
   197859.78797537312     
   197857.32701151018     
   197835.19051085497     
   197822.74169189649     
   197929.76170615241     
   197877.71044426071     
   197853.25077756520     
   197868.71975923236     
   197961.24831010425     
   197949.68036175624     
   197906.52647893893     
   197919.75354407640     
   197926.19873901914     
   197938.80306379244     
   197846.68091080961     
   197812.06529520894     
   197765.18637225978     
   197774.43648667066     
   197830.64398936799     
   197840.55861324881     
   197836.22671590172     
   197914.10321885074     
   197928.62089670156     
   197919.72178072526     
   197833.13015217605     
   197866.75237292505     
   197843.71132352384     
   197968.89252319961     
   197959.26299800654     
   197957.24238347835     
   197965.15075072693     
   198071.73630871056     
   198030.67251222543     
   197996.09459367176     
   197996.52849887163     
   197929.93602750299     
   197940.59397796413     
   197876.11878897797     
   197918.80039447988     
   197961.68333027457     
   198048.83842716669     
   197962.56910147233     
   198006.42801520196     
   198031.45737068239     
   198100.75163404574     
   198134.64962185590     
   198102.14107541446     
   198101.27151903746     
   198234.86645595619     
   198242.36781003274     
   198110.19351191484     
   198075.74551850368     
   198079.07731247097     
   198049.00466499469     
   198017.03999083492     
   197994.41237287657     
   198016.51349082877     
   197993.73018035362     
   197926.14107312504     
   197964.09493238732     
   197849.54669969145     
   197764.73717961344     
   197909.89965014998     
   197943.02013356151     
   198022.14212364246     
   198062.20626100895     
   198014.72747192960     
   197975.30956811618     
   197987.74804243949     
   198003.48105728507     
   198029.69100113102     
   198099.95848614431     
   198011.94933250340     
   198001.91755742967     
   197962.24652733380     
   198011.61826459845     
   197890.64928150922     
   197923.92903026618     
   197897.32869925781     
   197768.57450716273     
   197722.48004029214     
   197637.09225311232     
   197625.30975094775     
   197599.36877490941     
   197606.54648979631     
   197734.58905310996     
   197734.33342909027     
   197690.03323979437     
   197729.20315741032     
   197694.35966513731     
   197675.01710926613     
   197717.61578888533     
   197761.45175451617     
   197721.55866474644     
   197829.21768076974     
   197874.38530954404     
   197765.18353773493     
   197705.77255973994     
   197669.55766283191     
   197597.89558104501     
   197548.02828917000     
   197634.41255684456     
   197626.80559371482     
   197649.70701656421     
   197659.15167151560     
   197737.36604682481     
   197652.98535910010     
   197772.05149555500     
   197766.33984922653     
   197848.18861849443     
   197890.53076455637     
   197944.26680462563     
   197960.18640966216     
   197952.16599224272     
