   211884.56535198537     
   211883.35908825489     
   211844.25083540933     
   211814.40530854196     
   211769.89763336338     
   211753.60433924891     
   211733.72373012648     
   211723.23465984559     
   211632.77374280279     
   211599.66005667392     
   211469.60480403088     
   211414.11525984496     
   211324.67912266310     
   211366.72684771431     
   211279.96527966758     
   211169.60566757084     
   211119.71782573336     
   211166.39537183876     
   211194.48060251720     
   211181.06654600229     
   211134.90821555557     
   210985.39875156575     
   211045.94147219262     
   211049.74341680980     
   211075.52113508424     
   210978.09549040551     
   210940.73958106933     
   210928.89226840329     
   210838.92965172164     
   210849.71604175240     
   210770.58994299753     
   210671.02147673999     
   210644.80931673822     
   210552.79239939310     
   210403.28111020717     
   210488.42705261952     
   210435.39904543915     
   210441.94477739133     
   210360.15245263957     
   210334.19090618004     
   210292.36848674258     
   210345.37318555912     
   210328.74668739265     
   210308.17049072543     
   210303.14381433258     
   210299.42401523405     
   210208.45251129018     
   210203.75717165117     
   210243.96300668165     
   210019.00349988614     
   209933.09444161318     
   209857.31389768299     
   209871.38891919795     
   209790.79720342130     
   209737.25858110996     
   209722.27422742345     
   209702.01313955337     
   209571.85401505351     
   209569.93464640700     
   209561.79965660936     
   209521.07092654044     
   209462.72122497007     
   209521.57405788300     
   209513.89532210346     
   209460.63732314843     
   209474.98459833759     
   209431.36177271866     
   209323.45839032426     
   209300.44074992716     
   209326.47010240582     
   209230.75517587436     
   209233.54816553849     
   209199.93493936156     
   209136.34627474326     
   209098.56635658414     
   209052.27147412155     
   209003.98180783942     
   208924.53301720353     
   208972.20142812785     
   209011.79478059933     
   209086.65841278623     
   208937.10853506622     
   208885.95536228450     
   208853.87659174163     
   208793.20532093610     
   208714.94824919602     
   208798.81324414708     
   208663.89600609022     
   208764.59858930705     
   208720.58613460290     
   208577.59086594288     
   208573.85517061222     
   208619.35630553833     
   208622.83358170831     
   208496.52804709200     
   208482.63002445939     
   208386.25415202812     
   208453.00641039637     
   208328.76377068023     
   208309.40745888825     
   208342.79812717292     
   208341.89666313116     
   208445.98246868976     
   208365.67810405651     
   208338.09603240481     
   208461.77625970339     
   208517.90623617888     
   208459.57963858132     
   208572.07250255096     
   208606.96333900889     
   208654.03857067644     
   208657.14923866731     
   208646.84596709540     
   208658.55578902617     
   208679.84095916149     
   208601.37693061028     
   208601.43981122968     
   208570.70179154968     
   208504.47721379643     
   208460.17074920528     
   208478.17590435201     
   208488.64874642203     
   208514.19641421252     
   208495.36920929296     
   208487.66093032993     
   208447.24041778373     
   208522.64776740118     
   208493.27130823897     
   208489.38823187904     
   208506.88609486594     
   208481.39182634949     
   208416.15491299919     
   208423.90298071166     
   208502.02578944413     
   208556.56348527563     
   208563.44899825545     
   208572.02194657765     
   208459.76152858129     
   208574.82902861567     
   208458.52044956453     
   208381.53764601238     
   208391.71475098960     
   208372.91480855684     
   208247.71053630207     
   208294.80546370553     
   208383.62232276876     
   208275.05647888806     
   208243.32389142326     
   208140.16055821936     
   208203.47604808514     
   208267.82069176261     
   208184.81854872560     
   208232.71243684911     
   208250.21780905596     
   208186.42409283665     
   208251.06265494891     
   208401.19414641138     
   208337.68733834999     
   208313.94061895041     
   208378.06012241769     
   208393.48448720638     
   208383.93591219833     
   208459.32346882654     
   208548.76635244786     
   208486.45640369449     
   208446.09401299813     
   208379.45787012161     
   208501.36049771609     
   208533.68717169148     
   208469.98772215788     
   208372.02319926256     
   208348.52577528043     
   208331.06805606681     
   208373.82309483676     
   208427.06318731396     
   208536.99544061662     
   208487.31184117479     
   208556.41777550563     
   208491.39274929243     
   208515.08381212459     
   208586.56948086029     
   208537.79116363122     
   208430.83680721326     
   208411.44428614937     
   208428.89380115768     
   208377.73448676695     
   208392.61863938542     
   208486.18971096256     
   208509.47656099303     
   208534.78535674812     
   208509.58964787150     
   208441.21749940969     
   208595.31387877755     
   208598.16314272984     
   208582.97725087896     
   208593.50470616407     
   208470.45741419503     
   208467.57919038096     
   208534.90924266152     
   208501.33909070332     
   208336.91409253736     
   208411.52456397636     
   208431.57176854418     
   208494.30484364607     
   208415.27624077408     
   208431.71837120148     
   208486.05025300512     
   208426.93008155737     
   208314.16380055065     
   208373.44067228184     
   208468.79270653529     
   208514.51398645010     
   208500.01054380176     
   208623.99093811499     
   208664.21394776035     
   208661.69204646006     
   208630.06393440394     
   208761.09915263404     
   208748.71023279324     
   208680.62586738353     
   208836.73206808881     
   208904.65693134209     
   208953.95991976414     
   208939.02229925722     
   208981.15642648397     
   208983.52387243055     
   209027.33649156216     
   209105.87744590681     
   209091.22317416972     
   209180.69128827660     
   209206.76832394919     
   209271.58538765620     
   209285.05164192291     
   209253.13662267008     
   209260.85092016397     
   209336.10735003682     
   209326.84104030809     
   209329.01585436446     
   209393.95882600412     
   209456.49407127404     
   209465.97993834293     
   209566.39912260816     
   209559.29430697361     
   209568.20688483136     
   209565.85285685427     
   209642.83211484403     
   209586.43552302590     
   209649.11795152508     
   209742.48234269253     
   209806.29767579454     
   209806.54837176410     
   209813.19695631624     
   209897.45713933290     
   209806.03724314965     
   209787.13982269412     
   209774.80233637261     
   209825.75890578207     
   209766.86309752474     
   209777.09203927807     
   209725.88580654448     
   209720.88941451104     
   209752.13348428695     
   209870.39173841689     
   209845.17536645284     
   209799.34169647886     
   209853.53629756666     
   209873.43586346103     
   209937.10761350425     
   209900.97778513850     
   209866.14021499795     
   209850.06513796217     
   209932.19966616956     
   209865.39095831191     
   209798.94667077961     
   209847.10381179047     
   209858.72420852963     
   209902.86599742519     
   209978.48282123971     
   209978.48282123971     
   209979.38848000311     
   209979.79344282817     
   209962.37055577943     
   209960.41475760029     
   210022.16155685243     
   209993.68343547764     
   210081.98192159081     
   210201.96033479401     
   210044.97074622393     
   210190.14117772199     
   210121.68760715157     
   210213.84267439001     
   210256.79022630269     
   210309.09343584967     
   210192.14539092750     
   210290.02623628103     
   210282.31592837576     
   210228.34804186746     
   210164.35708322408     
   210269.67795260280     
   210285.59968048806     
   210423.88429309355     
   210398.70529919298     
   210367.79607356418     
   210372.37624348569     
   210325.02727408518     
   210493.47523658097     
   210523.16045474954     
   210507.71178678871     
   210521.01132199491     
   210594.27399183594     
   210683.78803686053     
   210702.66863431272     
   210734.06772276087     
   210789.13390797609     
   210797.03509589841     
   210922.38535774784     
   210984.30118144429     
   211022.88550488921     
   211118.35761220197     
   211070.49105321884     
   211053.63676932565     
   211103.95675521111     
   211146.23367566022     
   211267.34733915207     
   211329.74128646730     
   211262.34271576517     
   211296.87062625639     
   211226.98496364252     
   211213.34978908734     
   211278.21139907703     
   211348.72470927340     
   211429.61682019240     
   211328.99321352039     
   211390.84546026535     
   211406.31150358496     
   211397.87774634612     
   211489.13222936619     
   211601.61627397977     
   211690.93429729706     
   211685.55807675421     
   211853.64035715148     
   211857.60799598187     
   211805.54069244280     
   211875.48856554384     
   211904.13294009081     
   211928.20205835480     
   211922.48739705110     
   211992.91751441421     
   212011.54931185744     
   212132.35217875033     
   212249.16723571485     
   212337.57420062524     
   212369.80647816468     
   212393.76902660338     
   212327.68318821650     
   212345.49763744179     
   212430.58154975664     
   212398.83670945268     
   212313.07547928771     
   212386.13360485338     
   212501.09768971830     
   212592.72774163538     
   212551.52453711411     
   212588.41024659504     
   212582.02252510618     
   212689.22307050211     
   212719.11591042302     
   212797.56659284112     
   212787.62464979271     
   212756.44704885295     
   212767.29700571898     
   212742.79469071803     
   212841.07240316059     
   212869.30843144257     
   212937.25148132513     
   212920.10654248224     
   212921.52221597784     
   212978.33188160683     
   213018.03788920128     
   213064.28397890291     
   212985.58731400233     
   213041.53236048770     
   212961.49858702288     
   212932.54480470851     
   212962.49045271749     
   213010.34397384425     
   213008.86186850915     
   213003.19707867852     
   213012.36671413219     
   212953.14294089074     
   213108.13910061770     
   213067.31732266329     
   213072.51255525008     
   213142.14684655616     
   213155.97113450151     
   213221.18717200888     
   213335.82806128019     
   213319.60771697829     
   213297.26629654781     
   213349.68415841763     
   213395.16534072335     
   213456.82932690816     
   213462.48172287023     
   213569.33676772154     
   213597.90116832667     
   213601.72033029137     
   213507.57118769173     
   213479.22275529508     
   213433.17356765570     
   213503.82766282992     
   213604.45050964868     
   213591.14332650561     
   213653.79073190145     
   213759.66864619043     
   213622.46948988849     
   213775.12901774247     
   213774.71504952508     
   213822.30130835771     
   213879.14510034959     
   213965.58198112520     
   214135.77581953729     
   214164.42916330724     
   214259.28202508250     
   214229.76793193974     
   214243.32874074084     
   214420.52355417149     
   214394.76526591266     
   214508.99699326325     
   214521.26519927979     
   214568.03060270986     
   214579.17391785921     
   214600.92884179120     
   214639.46934500756     
   214678.59869506225     
   214688.86525851337     
   214740.38705455587     
   214715.24630069631     
   214875.42843262426     
   214956.18769601974     
   215000.47874062337     
   215182.96518676527     
   215238.68924373391     
   215288.56048874580     
   215214.44003857271     
   215181.22644726129     
   215239.49346843307     
   215352.74989165014     
   215451.15736352236     
   215474.47032714827     
   215665.11138191563     
   215703.09443390326     
   215640.58977157826     
   215714.62295647041     
   215736.02953939771     
   215821.99314966772     
   215806.77432549375     
   215848.33472893204     
   215991.47457185184     
   216142.87375804313     
   216127.98412656147     
   216148.39837078296     
   216134.64647714453     
   216239.38179801463     
   216236.80595646735     
   216242.02165786290     
   216272.17386490601     
   216338.37562642875     
   216464.21850091251     
   216441.97460641517     
   216417.33120093713     
   216495.70899657009     
   216505.47050594326     
   216534.55418455772     
   216492.45991201643     
   216490.61444413985     
   216640.51656217038     
   216664.36211566089     
   216705.83921175072     
   216778.25837783411     
   216810.70050425499     
   216956.15689302320     
   216934.92066235322     
   217063.98979917332     
   217209.22862375388     
   217330.87487387363     
   217265.94481047388     
   217217.88478365939     
   217173.93370903807     
   217172.23414114481     
   217136.68655886716     
   217281.23031798966     
   217335.55681752277     
   217381.47622648836     
   217355.35694208762     
   217369.95991188707     
   217481.10660178793     
   217526.14376521978     
   217554.59903803351     
   217604.87880116460     
   217494.58905245989     
   217519.36077111325     
   217560.88276532557     
   217573.00689305240     
   217582.20427427351     
   217556.36714509857     
   217574.71176366071     
   217590.84890696526     
   217517.55830442504     
   217602.55255525588     
   217619.46164864508     
   217651.46506850710     
   217792.98441905601     
   217724.05213079791     
   217879.74412777409     
   217857.66471927898     
   217862.68246331904     
   217904.55789513508     
   218001.56991587748     
   218050.59266365087     
   218102.86263761949     
   218092.79173210298     
   218267.28797935916     
   218438.17668381601     
   218332.39936248393     
   218447.05734462690     
   218621.07457520155     
   218602.26317591473     
   218578.92573659960     
   218623.64967664296     
   218600.54983399255     
   218636.36756551999     
   218780.62389001265     
   218899.08219818180     
   218934.97185554443     
   219000.08875099220     
   219007.65285100508     
   219060.39680487808     
   219043.92320791134     
   219140.75929394824     
   219346.80809667980     
   219408.86637623821     
   219482.74922591858     
   219564.14963088170     
   219672.56490740491     
   219801.62928976104     
   219757.54540125729     
   219784.27837846879     
   219810.81223762251     
   219895.31576984818     
   219950.59609101838     
   220055.56456272514     
   220116.79563110103     
   220167.39147284278     
   220207.16736042665     
   220310.64894102383     
   220315.08429593034     
   220328.39280252505     
   220452.98241385902     
   220465.11263696599     
   220481.57815213420     
   220396.13724874359     
   220396.36534431751     
   220481.24795502541     
   220528.55431248460     
   220626.04108069016     
   220823.38430355140     
   220861.89557373172     
   220880.79257898720     
   220852.13257146248     
   220851.76824466060     
   220893.11440811612     
   220979.32959683478     
   221037.07598131415     
   221065.00461219699     
   221062.86066654822     
   221158.03950706540     
   221148.36117751952     
   221252.30323862858     
   221220.35542209755     
   221298.86173583820     
   221280.63653220810     
   221257.14964000456     
   221276.11001836808     
   221239.68497502623     
   221256.59806890428     
   221249.70915886635     
   221304.90864348609     
   221374.50455763418     
   221426.36227156903     
   221405.70535922988     
   221527.09961816217     
   221519.27304007258     
   221616.35909431544     
   221681.77638181046     
   221686.80953183843     
   221624.22042549541     
   221779.34368594363     
   221812.42787645536     
   221677.48109212273     
   221645.40954915955     
   221723.64945867413     
   221779.59012905727     
   221851.22281682846     
   221970.08998659460     
   222015.17955390012     
   221985.31713627253     
   222145.92104961356     
   222201.04051260816     
   222179.18517051206     
   222178.31655360901     
   222188.26658476880     
   222285.79409197991     
   222317.73399102708     
   222374.69757066091     
   222513.42577570240     
   222538.61480256642     
   222599.20531403716     
   222631.68592299195     
   222577.10030662897     
   222590.68053833311     
   222729.46598244697     
   222749.79579880193     
   222812.40380433650     
   222920.37763499876     
   223032.39126942281     
   223033.98622213365     
   223135.19987442784     
   223293.46046638757     
   223241.68684778671     
   223217.82003031569     
   223314.65150894603     
   223339.49130882142     
   223407.99769064350     
   223528.96146926252     
   223708.90950250864     
   223817.85319330019     
   223898.15194018901     
   223895.42064404913     
   223966.22319545841     
   224034.42530921000     
   223988.01780898639     
   224010.12136248650     
   224157.90828427701     
   224321.29799445689     
   224297.67096116405     
   224310.50097770686     
   224479.51392223316     
   224507.73688357405     
   224523.84193195979     
   224680.64466567818     
   224755.54115286094     
   224748.47786883821     
   224939.57932211118     
   225008.93097803538     
   225143.20255643807     
   225160.75343634374     
   225182.09939996491     
   225248.68866964680     
   225256.68623620836     
   225264.82346078171     
   225424.21135972507     
   225443.15899592964     
   225602.50715823352     
   225715.82316584449     
   225748.36929138913     
   225795.06198948412     
   225829.07620830258     
   225876.51151398945     
   225881.25238129564     
   225853.90680980607     
   225916.17260907116     
   226036.78787844407     
   226048.34686069429     
   225970.08980022545     
   225931.70154271187     
   226165.52129800300     
   226212.43015497379     
   226274.80594030998     
   226222.54390854458     
   226326.06596189045     
   226444.26883331724     
   226503.45069437259     
   226546.35511309604     
   226552.89405917074     
   226591.76171017435     
   226521.69324613368     
   226628.95780719005     
   226681.99875709918     
   226730.98576419379     
   226755.18329972881     
   226653.69771741272     
   226729.68665524482     
   226733.69433493770     
   226871.20425218667     
   226893.58386096009     
   226824.32477586385     
   226834.17842085255     
   227005.40901746671     
   227077.05325448004     
   227168.44274058519     
   227227.80640171564     
   227203.12098008697     
   227284.43604080327     
   227375.24240373538     
   227383.71170958568     
   227339.41209053635     
   227400.88386508665     
   227524.63223820640     
   227508.07562590693     
   227454.64459365848     
   227558.76780390987     
   227626.58863145759     
   227812.13666693121     
   227811.34326472567     
   227965.16866821193     
   227968.76074692729     
   228097.87020321656     
   228143.07623729168     
   228311.32998088968     
   228261.99046261510     
   228385.42351253505     
   228578.83526948435     
   228702.75520680781     
   228789.13977137808     
   228782.51955836368     
   228974.55904608878     
   229088.82514531337     
   229166.98355136180     
   229158.26085532174     
   229161.79256680908     
   229308.63519438647     
   229359.27429115391     
   229461.09747742763     
   229598.88279554213     
   229799.50341360451     
   229725.69403453317     
   229794.92014333501     
   229874.38668778903     
   229976.21860200583     
   230107.82585923828     
   230022.26082919643     
   230152.69043094476     
   230290.18558166045     
   230323.65168047827     
   230313.80691856207     
   230394.83513915716     
   230316.53228548093     
   230371.79864319536     
   230374.10107585421     
   230418.00960324815     
   230325.45735176463     
   230446.40757900022     
   230528.09615907454     
   230511.48797238700     
   230729.23186279376     
   230833.25841615768     
   231062.55005602690     
   231161.90740489922     
   231071.22071214116     
   231256.07479427246     
   231202.18785846434     
   231278.77309511122     
   231405.32946270425     
   231464.15700500223     
   231550.97428290491     
   231662.38670861244     
   231806.15858737408     
   231810.80469892145     
   231816.15351542184     
   231831.48631958972     
   231901.07664559825     
   231962.15657581895     
   231968.00782541808     
   231921.79097346347     
   231951.49726373327     
   231891.68178405656     
   231939.13539844175     
   232117.01436086712     
   232073.99652567197     
   232065.22613401443     
   232243.21859645325     
   232269.64217164941     
   232314.23598732517     
   232300.53292348803     
   232325.42814585104     
   232418.17408618561     
   232527.71905536964     
   232481.09815130683     
   232573.64841395913     
   232580.80898829421     
   232800.57126706641     
   232842.18202320821     
   232968.72416135989     
   233046.34121252142     
   233084.78064348162     
   233132.43799344386     
   233221.73586837086     
   233290.60657127472     
   233327.97990036558     
   233349.22030129755     
   233334.78827071458     
   233409.07494307411     
   233545.87355431338     
   233545.21839503583     
   233593.85364450989     
   233588.34036707325     
   233651.02201627946     
   233665.35927638030     
   233624.47065677942     
   233580.89231426170     
   233654.73962523128     
   233639.34463617840     
   233776.57946202834     
   233937.56206388515     
   234067.29742445119     
   234192.78798163729     
   234286.78031746470     
   234328.49917088432     
   234311.18014173346     
   234505.44437185774     
   234575.00940205200     
   234687.46218990517     
   234809.50615177580     
   234910.22919283909     
   234889.32592558721     
   234887.93264503358     
   234909.17966689152     
   234967.73050480522     
   234940.27064335460     
   235042.37822417496     
   235205.51460208395     
   235282.12408780982     
   235356.00730255060     
   235315.56670349374     
   235322.35897899451     
   235334.60903390168     
   235434.37014887139     
   235674.08825150662     
   235685.15264912430     
   235829.64763270799     
   235868.86575512827     
   236041.52851336871     
   236067.42546188558     
   236099.33900805243     
   236210.77350213617     
   236354.61501227701     
   236380.73080526647     
   236491.73814014831     
