   201375.81688925045     
   201376.78334284481     
   201335.86337718798     
   201449.87678364030     
   201546.35380627276     
   201532.50337927177     
   201481.05120563108     
   201528.89805763972     
   201576.65857258637     
   201590.00468746416     
   201583.01873911542     
   201582.14209395464     
   201533.26314686317     
   201628.46215675902     
   201797.97134011466     
   201814.68648844061     
   201873.69640991985     
   201780.54611751309     
   201720.19259664661     
   201717.68651035894     
   201664.74453292953     
   201721.45652648539     
   201710.52454731939     
   201750.92155819337     
   201794.62532462380     
   201829.52888439380     
   201786.48200924823     
   201799.81656179420     
   201777.19422664319     
   201722.91127096067     
   201772.19379321043     
   201836.70303948817     
   201832.80028736370     
   201885.89175060185     
   201808.34359497949     
   201946.44986702426     
   201961.56769290753     
   201871.65160403962     
   201984.70372912017     
   201942.57650736472     
   201913.22042457009     
   201995.78815785391     
   201975.42887432300     
   201998.11826821193     
   202123.07829185846     
   202213.29539317498     
   202213.74039092622     
   202221.81465270562     
   202147.77657854502     
   202185.57873605506     
   202233.69338699916     
   202335.08209038887     
   202297.56695355126     
   202280.07793026228     
   202277.63951231635     
   202248.88359752798     
   202237.56579590408     
   202200.80573439744     
   202204.45388372024     
   202133.37883354077     
   202034.68372433184     
   201997.29272937254     
   202016.44156728062     
   202056.27448255202     
   201983.63705215062     
   201897.85066159521     
   201940.01383315775     
   201938.87600173906     
   201903.37111900578     
   201953.06097320872     
   201930.85498448613     
   201832.66528643825     
   201924.06237313437     
   201943.54655007145     
   202208.24185425340     
   202201.62901768016     
   202302.71029182736     
   202298.42092266091     
   202472.70437207498     
   202383.73981727564     
   202247.85479834670     
   202144.23340156407     
   202060.69447812653     
   202037.92426404532     
   202097.69912865639     
   202018.29679450527     
   202087.88124400788     
   202094.76513298636     
   202112.59260236548     
   202136.55255309466     
   202186.24932259324     
   202204.41497534429     
   202126.26140727935     
   202075.54067234817     
   202177.31555496145     
   202293.32448106285     
   202458.73201508407     
   202447.14305323490     
   202417.22593117150     
   202363.01533969631     
   202462.01180016363     
   202433.93514328112     
   202506.33280570415     
   202549.66240312028     
   202593.15188365575     
   202528.18863678511     
   202619.30253690394     
   202626.13918099197     
   202556.93144334643     
   202574.02252210700     
   202563.47057438715     
   202710.16606414737     
   202609.02958098691     
   202629.78942393753     
   202570.61457439038     
   202749.61390829217     
   202729.00340821571     
   202665.52550798480     
   202540.55868714079     
   202545.19593186930     
   202596.45468257109     
   202652.67576715193     
   202616.22159830484     
   202500.36035877006     
   202536.39129140822     
   202599.48713417706     
   202556.48146452126     
   202564.21384566335     
   202608.42721434453     
   202552.85417744226     
   202534.20834968777     
   202587.24895436189     
   202605.84173858233     
   202639.99578933298     
   202639.05915011780     
   202705.80559302494     
   202637.77968519251     
   202689.11120131359     
   202662.12567544097     
   202584.36484475213     
   202593.00107897251     
   202556.21843182482     
   202562.95313603061     
   202638.55014975517     
   202717.24743128472     
   202655.20802525684     
   202723.36637324569     
   202825.08119210036     
   202817.89754705931     
   202798.43100912470     
   202807.02625348431     
   202847.18963209647     
   202847.02845381372     
   202841.73537191216     
   202866.12244795079     
   202814.22180281213     
   202862.73451603443     
   202864.39129862358     
   202785.32760038035     
   202640.63150665359     
   202616.40385890333     
   202615.48266625119     
   202617.37547901188     
   202635.46348218745     
   202583.74870186922     
   202626.04980957927     
   202685.06431478378     
   202661.03532408964     
   202642.17057858527     
   202563.73650998334     
   202482.04826544930     
   202484.66193359095     
   202598.21776640456     
   202650.64570531607     
   202571.51309348672     
   202546.78067047527     
   202536.05948131098     
   202579.55905120002     
   202478.82388188646     
   202541.41583618743     
   202460.73437968391     
   202435.37261559535     
   202384.63524104480     
   202424.87038936184     
   202392.89067905155     
   202431.57980607860     
   202477.32142569765     
   202525.58426565325     
   202452.53812471387     
   202556.95615017519     
   202548.24337659898     
   202512.78075153887     
   202586.11190329067     
   202557.84868672446     
   202724.56797854445     
   202808.17383786433     
   202751.81397907936     
   202687.94280123044     
   202749.87597509465     
   202678.36987956584     
   202648.67764570823     
   202712.27199047199     
   202730.60697515949     
   202730.65724550345     
   202770.51701290737     
   202726.62173745054     
   202697.76768960117     
   202660.31336251940     
   202632.47268944632     
   202587.53516148671     
   202507.84266923866     
   202608.54455662597     
   202692.29145679745     
   202652.63677361835     
   202770.29912790441     
   202714.57523375587     
   202753.42840693891     
   202911.77852221185     
   202932.62160024789     
   202899.81759374970     
   202772.34931244008     
   202718.73112297157     
   202806.44232356522     
   202788.86860219389     
   202790.34458503223     
   202824.71363041922     
   202840.88372675065     
   202786.00574674219     
   202749.70066668361     
   202744.39075582262     
   202766.06913387380     
   202687.21865886371     
   202675.01917787382     
   202771.58127318352     
   202798.27781799797     
   202795.49178656834     
   202851.79237003540     
   202843.79452870521     
   202890.65029441394     
   202911.93664018949     
   202917.32707717735     
   202877.94509681026     
   202817.20035531904     
   202785.13414657113     
   202868.06260309956     
   202798.33310188589     
   202727.07905780760     
   202796.24448051379     
   202758.86845961268     
   202749.32106827103     
   202752.89880467826     
   202781.59051921504     
   202857.42804329292     
   202819.44937253077     
   202818.76110521654     
   202963.57460248921     
   202927.63464838231     
   202790.95959749422     
   202794.45367871574     
   202727.03685095534     
   202740.53290378707     
   202775.16022623878     
   202743.26115515642     
   202735.12224680092     
   202757.56520926452     
   202861.35884927216     
   202833.11211129243     
   202811.60725599830     
   202786.23252989489     
   202811.92172256761     
   202773.16251305959     
   202763.88293732970     
   202736.32000860330     
   202685.77589308488     
   202722.84832441542     
   202730.83815347307     
   202813.59567141364     
   202804.83242470867     
   202846.74142192854     
   202888.01113810961     
   202886.96618458506     
   202886.96618458506     
   202908.93043941274     
   202996.47498868368     
   202912.63095762173     
   202944.30173025653     
   202915.19814823286     
   202867.51982887235     
   202877.04809403207     
   202880.58263589637     
   202882.73942603674     
   202967.19966679497     
   202985.74393010861     
   203043.58041944963     
   202988.43963545552     
   202923.16280535434     
   202849.06426254439     
   202925.14492085131     
   202861.99900880732     
   202799.17201950157     
   202847.73055285914     
   202846.87771604577     
   202858.16345883254     
   202909.77330607991     
   202880.54423111747     
   203062.83289093740     
   203139.50522662245     
   203091.21474310488     
   203060.08815731163     
   203070.20294171729     
   203017.75709100539     
   203037.53268990730     
   203115.85780655019     
   203127.65183169415     
   203159.86471711262     
   203071.03364635876     
   203179.28956210424     
   203127.55358421215     
   203221.82658993045     
   203200.57194207169     
   203162.10757707476     
   203071.58765698352     
   203064.82973494384     
   203004.89198919322     
   202961.45256920590     
   203007.16489299660     
   203160.59269096903     
   203152.97171487886     
   203133.36765769139     
   203102.21425633077     
   203034.40577803913     
   202939.28072717786     
   202999.96409903665     
   203034.31873863688     
   202984.83703292740     
   203089.74342146312     
   203116.82614175617     
   203069.24269113253     
   203046.94109885686     
   203029.87593087938     
   202955.72973146904     
   202908.15598713103     
   202922.44908226439     
   202898.99287205806     
   202961.04999878185     
   202943.70414076198     
   202893.79045441357     
   202880.73039616534     
   202897.84544484713     
   202904.11912194063     
   202930.58318607707     
   202957.33693368116     
   202993.18969016807     
   202950.50000176806     
   202838.08050450304     
   202856.27727971572     
   202804.83801740617     
   202840.41559504811     
   202885.68246357041     
   202868.01452770361     
   202840.78034222432     
   202902.68762315548     
   202913.96601681615     
   202898.73180074032     
   202842.25922514638     
   202834.85240592598     
   202820.23993698246     
   202866.93450815330     
   202956.58128495040     
   202917.24364652709     
   202896.10629903863     
   202783.41220896810     
   202737.18783725658     
   202874.97611120291     
   202825.20568716925     
   202774.00890998362     
   202840.10701092833     
   202748.70677370322     
   202771.47980613491     
   202714.40066027193     
   202640.55154184735     
   202625.17943367889     
   202760.07992028192     
   202724.20820045096     
   202686.21548904842     
   202680.72995309354     
   202672.75328952345     
   202672.40620361941     
   202742.95470028115     
   202797.98050970599     
   202837.90685981698     
   202948.34193912969     
   202964.15090942153     
   202981.52980512189     
   202954.24057488571     
   202879.21408096151     
   202885.50160780546     
   202929.21900550427     
   202839.25229679712     
   202938.95567743370     
   202987.37018259146     
   202949.83548284473     
   202942.27314723804     
   203002.64496624866     
   203010.47930778217     
   202899.71269747964     
   202960.88367153823     
   202883.69376062500     
   202830.71304498881     
   202929.83572367707     
   202926.05705039884     
   202885.46007532196     
   202930.23713833519     
   202850.98544593420     
   202806.75768440258     
   202816.81801896868     
   202828.45689328111     
   202873.66647995438     
   202797.75561049773     
   202781.19495564117     
   202728.47683407788     
   202668.23448214843     
   202700.78301062752     
   202760.53498462299     
   202810.38915148965     
   202739.91108511772     
   202803.55285230442     
   202815.71367849622     
   202740.42681567720     
   202775.56639642519     
   202741.53624956112     
   202718.50418050110     
   202562.81657132617     
   202560.72805379261     
   202588.60980119661     
   202641.89165437376     
   202620.65037870046     
   202612.94469013295     
   202562.65103294235     
   202635.51606841286     
   202556.31719178733     
   202583.18710655469     
   202534.97697086562     
   202535.42024159752     
   202435.02083372776     
   202364.45870312653     
   202379.22617182261     
   202382.69016976972     
   202307.82867909566     
   202346.58141815415     
   202356.12736412964     
   202335.99228543762     
   202302.90692484440     
   202339.53967159154     
   202323.02202262342     
   202388.49940408542     
   202365.86123025289     
   202382.39879387181     
   202242.85470138877     
   202284.43820098144     
   202238.16187345088     
   202347.16984977270     
   202390.23654595244     
   202419.07385196563     
   202457.77455196629     
   202407.28956371831     
   202485.12064137511     
   202511.94613542021     
   202394.81189794652     
   202365.80261610058     
   202219.01703947972     
   202155.45664031422     
   202218.31162788477     
   202164.50481589462     
   202141.95319427073     
   202147.20304060442     
   202190.31651441654     
   202134.49256375522     
   202024.87549842993     
   202037.54067868274     
   202036.78933526506     
   202062.57535368178     
   202032.34815810769     
   201861.36544297531     
   201943.56955002536     
   201971.56709008402     
   202024.69978781784     
   201920.81205275044     
   201948.72652154660     
   201944.54025216808     
   202038.05162496361     
   202048.10975849393     
   202125.34120922768     
   202071.56262384437     
   202032.47337314210     
   202019.13188071112     
   202129.55776183557     
   202092.38872107465     
   202098.89211841748     
   202088.37128990769     
   202190.05061078147     
   202220.31285359865     
   202207.75726692498     
   202228.87475103460     
   202141.06068313649     
   202127.51439252999     
   202123.31468145180     
   202043.35881026214     
   202030.93361412725     
   201901.82451871061     
   201796.00623105676     
   201953.70930079717     
   201997.86676778295     
   201964.63044956882     
   202034.53197378918     
   202033.50973332935     
   202119.55273133816     
   202097.05228808557     
   202080.51218858614     
   202061.35373671807     
   202067.17460462954     
   202048.87104028449     
   201999.95507856968     
   201971.82057433264     
   202079.59174445242     
   202110.90803061577     
   202077.03915958843     
   202026.31941300310     
   201923.27735106033     
   201781.34368633639     
   201729.10400436178     
   201798.57226211199     
   201704.05837931976     
   201718.58362914983     
   201782.48210300267     
   201738.81214987603     
   201721.03088145016     
   201750.21411817402     
   201739.81841291476     
   201731.27582091617     
   201763.18482033594     
   201839.71320011810     
   201764.61900245192     
   201816.80301949405     
   201924.13589297538     
   201891.71558280094     
   202017.71944591418     
   202013.34744844129     
   201930.23587003612     
   201954.53706011496     
   201770.19722540458     
   201711.20013751264     
   201787.87747371028     
   201770.22030661555     
   201760.56665467183     
   201730.69028927246     
   201759.83841882920     
   201697.14170465161     
   201703.53399981861     
   201743.05977774342     
   201709.58225081937     
   201777.97192758342     
   201843.91696861802     
   201814.06727162833     
   201839.99721677799     
   201911.72555228032     
   201869.15380422265     
   201837.25712929387     
   201786.27858243303     
   201817.43946624317     
   201843.59175398038     
   201793.53846913207     
   201672.97387523181     
   201669.69002568527     
   201622.94347777648     
   201643.73305781171     
   201647.58373432572     
   201610.74270786319     
   201713.67630201901     
   201750.95237711573     
   201814.52692823196     
   201857.31151433670     
   201901.94265548547     
   201928.08903961501     
   201906.95655515566     
   201892.70524350135     
   201897.21120147538     
   201874.46876639395     
   201964.41970765489     
   201980.25837487489     
   202052.17084821151     
   201935.01870620280     
   201933.07029835848     
   201852.20960919882     
   201846.52745629643     
   201875.96394533804     
   201806.88753902656     
   201791.42420060060     
   201802.71826489619     
   201759.62858144019     
   201748.17390028035     
   201762.04804865480     
   201799.36588821828     
   201807.08849478656     
   201718.64415050825     
   201830.76897089943     
   201722.82995594203     
   201814.18642934004     
   201728.70514673597     
   201856.10050722089     
   201827.01391078599     
   201709.48463259829     
   201841.67190826521     
   201799.68077592395     
   201746.02256889472     
   201718.59258969035     
   201724.04599723624     
   201631.72314744696     
   201695.54362621289     
   201808.48825360488     
   201790.96535248100     
   201791.92008042856     
   201836.02445197472     
   201807.54001718599     
   201777.91239887325     
   201825.54391799110     
   201739.54358821746     
   201648.75616288642     
   201713.81588517028     
   201742.28518427088     
   201775.16707772476     
   201831.12199089455     
   201752.87555374933     
   201774.82581764291     
   201805.41939791423     
   201939.87648019660     
   201805.81954214451     
   201871.96832866839     
   201750.32869813105     
   201683.73106840395     
   201613.70091041553     
   201595.63407064971     
   201664.00342927710     
   201580.45626469248     
   201714.97786588210     
   201736.72762832360     
   201697.20722964153     
   201765.61325889797     
   201725.93167854857     
   201689.46888253564     
   201741.62420365863     
   201609.07789188265     
   201688.27795411739     
   201820.60545785792     
   201774.11149496035     
   201716.01000373723     
   201691.72853521758     
   201734.41707445667     
   201781.71999746261     
   201706.63584258663     
   201625.51024318131     
   201529.92748292198     
   201538.50244645568     
   201453.64603145872     
   201519.42288360861     
   201577.76415086389     
   201679.51907048997     
   201683.45739518994     
   201649.09754123495     
   201542.39718957612     
   201570.62473325056     
   201494.10885279966     
   201522.05111802032     
   201525.98016128136     
   201668.78805269353     
   201673.14149516949     
   201623.28593860520     
   201628.11301007867     
   201643.80688799589     
   201653.99512239030     
   201546.54110499367     
   201536.21791601402     
   201503.55694025152     
   201568.63900860079     
   201609.06587613956     
   201680.07520364723     
   201718.87174580633     
   201743.58503268269     
   201592.17699498605     
   201722.45112718010     
   201617.25542694129     
   201604.62080288326     
   201580.58366615546     
   201545.26718578054     
   201490.26549689090     
   201530.63367836745     
   201538.73745178236     
   201356.20976630636     
   201347.80935216541     
   201347.85620595823     
   201341.26794461871     
   201435.77887612447     
   201448.65030987613     
   201473.34502821698     
   201511.82453875043     
   201515.19616818926     
   201540.29190406972     
   201544.10051740916     
   201442.04926169239     
   201430.58805159049     
   201371.89201099615     
   201407.95616372622     
   201465.57302181164     
   201535.79857468151     
   201533.58529561682     
   201522.96241425484     
   201455.46542755218     
   201459.16657988841     
   201432.65997110459     
   201431.48558861454     
   201453.10684462180     
   201475.11992157614     
   201408.68597941840     
   201305.47651289744     
   201300.71272120450     
   201220.31076433399     
   201192.60286716564     
   201233.55234859837     
   201271.58378901385     
   201287.59212028916     
   201241.37201292647     
   201316.49030922941     
   201301.02821111373     
   201276.97478310569     
   201164.45351590688     
   201288.94780256093     
   201267.83834930908     
   201270.36874696097     
   201321.04681805280     
   201199.14924037346     
   201337.63919703351     
   201302.48177277678     
   201297.21507468325     
   201266.09601934801     
   201137.52338835964     
   201173.48567712941     
   201171.88118537341     
   201158.80786463083     
   201242.98957443275     
   201309.14714776716     
   201278.21300443209     
   201236.07820245679     
   201195.00406332524     
   201140.27457874492     
   201125.40632908585     
   201180.65809932802     
   201222.07058312651     
   201169.25610193837     
   201081.77730085707     
   201071.89284080791     
   201063.64394335379     
   200995.41349688443     
   201086.80167743994     
   201095.55709081749     
   201084.32841589930     
   201002.59164293320     
   201016.46140194408     
   200981.12676466804     
   200926.82444309795     
   200911.27356597336     
   200982.50616726244     
   201005.01178295995     
   201055.31299149722     
   201011.93823504105     
   200990.51936322218     
   200972.46807221649     
   200929.16292380606     
   201021.75165424540     
   201043.22031787262     
   201097.93769236852     
   201164.64201278234     
   201116.69431586584     
   201113.46963027425     
   201082.27341864951     
   201133.20795684590     
   201101.78598813343     
   201029.83355823430     
   200962.45638030441     
   200936.82843156299     
   200888.70150158773     
   200901.22660060445     
   200883.84960914750     
   200815.01183559137     
   200863.28062790242     
   200822.93110531708     
   200880.81063306527     
   201000.74058019606     
   200999.93097540294     
   200966.01461988469     
   200926.05340982645     
   200735.68737488086     
   200771.17656402910     
   200865.70374316149     
   200923.59833418566     
   200917.88082108254     
   200986.06619121967     
   200985.21288759692     
   200986.99939293633     
   200874.45553684107     
   200926.78589949361     
   200803.98421947658     
   200812.31784660136     
   200818.16809710147     
   200825.09347229570     
   200849.55529343162     
   200786.08200751501     
   200727.92338165411     
   200743.03999976252     
   200772.23086705187     
   200716.37947070014     
   200827.54561196099     
   200736.15854895435     
   200690.76937652344     
   200787.47242325635     
   200872.21670574453     
   200853.01355885947     
   200826.05370130637     
   200806.62811793544     
   200812.07259014694     
   200832.53717465763     
   200863.83226837078     
   200830.05632864605     
   200850.22059046745     
   200829.65471422387     
   200837.25103989631     
   200838.36664397951     
   200805.09728168484     
   200787.11798372434     
   200606.21324882592     
   200642.02761000892     
   200677.21447813613     
   200679.80932375498     
   200618.03809031402     
   200630.46192425385     
   200599.48136186597     
   200607.85130227770     
   200593.06559279055     
   200610.20609536377     
