   206873.77724503528     
   206873.77724503528     
   206828.74258843908     
   206880.26889981373     
   206880.47497222284     
   206804.45679976657     
   206705.35352354922     
   206675.61367859135     
   206726.86371224618     
   206740.11677761548     
   206674.07554470946     
   206582.83063441768     
   206527.97669651735     
   206545.89189340587     
   206499.61269713371     
   206498.60024747759     
   206458.19751618902     
   206414.63765272376     
   206319.57128786138     
   206204.53521899067     
   206322.87825510986     
   206246.87628343253     
   206153.54082099145     
   206110.90436494720     
   206138.41806125344     
   206073.83275370239     
   206075.23807137142     
   206023.47301435552     
   205973.20713290846     
   205928.31518290116     
   205858.30635653774     
   205787.61771242821     
   205729.88659457839     
   205763.06492875042     
   205860.50196052121     
   205742.11012406865     
   205639.85086680789     
   205604.56837044240     
   205604.89311035458     
   205563.04722250727     
   205601.27097163355     
   205542.69434363602     
   205537.18769484339     
   205387.17159170366     
   205390.77765446805     
   205416.73561234405     
   205452.72436422479     
   205273.87793160707     
   205390.31209829394     
   205433.34126749056     
   205383.93937682975     
   205244.37936423073     
   205184.15270594953     
   205266.78627916219     
   205335.67358899783     
   205333.71459315158     
   205298.09028325111     
   205251.20219562404     
   205247.44975756883     
   205225.45400528747     
   205172.01119834691     
   205063.50568557280     
   204939.00545999239     
   204865.48455609175     
   204885.85455349091     
   204888.64544426242     
   204700.44647118045     
   204646.41831499926     
   204664.88290321204     
   204758.90212208187     
   204615.44664913355     
   204744.29957853508     
   204745.87604584507     
   204674.92626828435     
   204631.32312178650     
   204557.59754034010     
   204537.99187760643     
   204514.13673799188     
   204499.02464650062     
   204501.72199836632     
   204364.34070477437     
   204395.97025142884     
   204416.01334882737     
   204418.51725385452     
   204479.20871513803     
   204621.90466751734     
   204640.68053311598     
   204547.10999865943     
   204547.09323460600     
   204528.16251351070     
   204427.01542235035     
   204258.75869251753     
   204307.08521849793     
   204348.77403654144     
   204333.75932455779     
   204312.17811696857     
   204294.02059160997     
   204334.13948335315     
   204301.23606019714     
   204327.89238184149     
   204229.37695363248     
   204248.81015476023     
   204252.20128121067     
   204148.29370056459     
   204022.90900349023     
   203939.46615272260     
   204013.63015688880     
   204084.45435737068     
   204035.65400187246     
   203992.31708598710     
   203860.45044377024     
   203944.11211004338     
   203948.95491951372     
   204045.13685147034     
   204024.17818691712     
   203921.36093473237     
   203953.60342015469     
   203968.96211048419     
   203939.43650824815     
   203963.19479656918     
   203885.46338708073     
   203829.30342208056     
   203854.74143126502     
   203934.09829729889     
   203947.50314501161     
   203778.98967134685     
   203772.13243738393     
   203817.93112169061     
   203829.57139658037     
   203825.40944272059     
   203782.42736562982     
   203868.47694673861     
   203901.66624413288     
   203792.07773457703     
   203872.76568228850     
   203826.11467262747     
   203851.21407957748     
   203754.11780778231     
   203779.20681443752     
   203791.82837056581     
   203774.95345711571     
   203706.27636257201     
   203638.94157815326     
   203696.20230471177     
   203617.25530430893     
   203595.25133946442     
   203567.35026619909     
   203640.09134713351     
   203488.42290304464     
   203465.96171099949     
   203462.94989678825     
   203427.47136335546     
   203412.50225211176     
   203355.51138949467     
   203370.94136971390     
   203425.07301388195     
   203451.48246475865     
   203413.14711278706     
   203430.37081968290     
   203389.83354545716     
   203470.26194003649     
   203523.51333017906     
   203595.92576235553     
   203518.60431864584     
   203493.36692739977     
   203468.54823747676     
   203513.97198482507     
   203544.33236548421     
   203579.01113163930     
   203575.10658850463     
   203536.23333583708     
   203425.98416979978     
   203416.76823960023     
   203359.68832809592     
   203362.58843304840     
   203248.18707283115     
   203355.73692285191     
   203380.47954071176     
   203265.88186762415     
   203302.62089846961     
   203358.13237156504     
   203312.64574500435     
   203224.45673047521     
   203300.75607883456     
   203335.63526771689     
   203247.49544915970     
   203228.83856953846     
   203240.73393986284     
   203323.61796429788     
   203398.11066435603     
   203310.46257466654     
   203386.78718227515     
   203327.51351998301     
   203304.58353694217     
   203264.33717763369     
   203246.04953857072     
   203252.17373452664     
   203166.12745504169     
   203241.25735916340     
   203244.33018068667     
   203192.95501069591     
   203105.98576512482     
   203059.65332792478     
   203110.26179254081     
   203151.02516638790     
   203134.74960101343     
   203184.28511903263     
   203188.83449177834     
   203117.98111784959     
   203075.13161861108     
   203048.96813912471     
   203118.74429363877     
   203085.09745576064     
   202955.86937236754     
   202996.59251873632     
   203012.78222947192     
   202964.47065579798     
   202943.33107262681     
   202994.10853222187     
   203057.93309805146     
   203051.23390105090     
   203164.00043122756     
   203107.68727078405     
   203051.48829474545     
   203089.89309067756     
   202963.76953005383     
   202910.58953282752     
   202995.31214834627     
   202943.02458529745     
   202936.84946354176     
   202999.37087167418     
   202897.68688834296     
   202885.54766495441     
   202822.63119217128     
   202844.90396129715     
   202869.56192844390     
   202754.78498815995     
   202746.23642703658     
   202868.36544641611     
   202899.76975078910     
   202764.45233739374     
   202734.78713239857     
   202639.10249779743     
   202630.84447230794     
   202604.86065501274     
   202524.41774432539     
   202474.48809651026     
   202484.31314676459     
   202495.98353528985     
   202506.76975870397     
   202607.17037577735     
   202557.46116206731     
   202559.69649468234     
   202600.72327909560     
   202578.71925640572     
   202486.05702922784     
   202543.16189759152     
   202542.39853948637     
   202661.28407239821     
   202650.73212476843     
   202576.42231848807     
   202526.80919917571     
   202468.38576382585     
   202525.37085661324     
   202527.00956856471     
   202574.82809629122     
   202536.72228578472     
   202474.05811673321     
   202522.80088169270     
   202402.90477169908     
   202389.91565850505     
   202388.16830272658     
   202425.49373037837     
   202571.02737876645     
   202516.45463698969     
   202461.04493417122     
   202462.09399527087     
   202410.95427485809     
   202396.36355320367     
   202378.72012921603     
   202377.91087225347     
   202378.43564257064     
   202388.94945786538     
   202350.76825582568     
   202368.47535853626     
   202363.53657880123     
   202318.49388919526     
   202360.66762089831     
   202321.91437438966     
   202419.12360607815     
   202453.03024631203     
   202456.66339095193     
   202370.19232149512     
   202369.76372925958     
   202376.41087682860     
   202369.82888951956     
   202366.68778228230     
   202306.00886091610     
   202267.22711541312     
   202203.35228012412     
   202251.81150460395     
   202251.81150460395     
   202231.84904521203     
   202247.84840388029     
   202284.71610750692     
   202264.97507638746     
   202149.37119244217     
   202258.87981409751     
   202175.60601607198     
   202224.21984046954     
   202251.11247789714     
   202262.49085709522     
   202213.92145187879     
   202149.30884677934     
   202078.33520181460     
   202143.94558771476     
   202079.47477332849     
   202055.29159527650     
   202076.34614621481     
   202125.76697204993     
   202100.15608235533     
   202174.91488427485     
   202054.95845464646     
   202039.52428592124     
   202168.10903123271     
   202274.85718344763     
   202213.33623338622     
   202175.63434912480     
   202193.33465810338     
   202247.65225650443     
   202223.85782703487     
   202152.05412085974     
   201988.17721886132     
   202054.19956028901     
   201985.13573124586     
   201899.10513543503     
   201973.59890954211     
   201934.96269428128     
   201920.49439327020     
   201888.97523910450     
   201870.02849294155     
   201976.20516829268     
   202004.14922691663     
   201985.55744587924     
   201955.40873417380     
   201996.17439897291     
   202016.89866703446     
   201977.74097637291     
   202049.28818608689     
   202058.28399848749     
   202016.72275050153     
   202002.18541670957     
   201971.16849916440     
   202061.50917693038     
   202142.20819582802     
   202213.54532032748     
   202266.44413456062     
   202184.02671804687     
   202203.13250255282     
   202273.92071375588     
   202115.13387626395     
   202138.03298215149     
   202211.07422467461     
   202190.34387260175     
   202245.29141272485     
   202171.37685427497     
   202157.78197551839     
   202187.59445602726     
   202110.36019844565     
   202116.96121141405     
   202196.50970504875     
   202149.28215487968     
   202089.56297695456     
   202070.16706716872     
   202137.09750630317     
   202213.34477734927     
   202160.73642644452     
   202183.29918656204     
   202205.55264416433     
   202214.94874585475     
   202184.34321672379     
   202087.58397743417     
   201971.04890086077     
   201992.72501706937     
   201946.09009326607     
   202040.32914425200     
   202054.39496530782     
   202144.68562763496     
   202146.62938633849     
   202231.76969327545     
   202205.55714941164     
   202194.97288037799     
   202228.71546833473     
   202219.07930424536     
   202223.11055957002     
   202204.44180904169     
   202187.61009502879     
   202253.25789707518     
   202261.66483836150     
   202193.69752250798     
   202232.26280397220     
   202224.99575922341     
   202192.39901227393     
   202173.61827766770     
   202138.33238433761     
   202103.10446086817     
   201972.37847249152     
   201900.46326126013     
   202014.16356743904     
   202066.16085341407     
   202092.96509341808     
   202067.74455863945     
   201975.47207441137     
   202041.05030157935     
   202032.69673486688     
   202013.84006607419     
   201934.01506093738     
   201973.80932900219     
   201976.04837040132     
   202054.57024627484     
   202147.87435562248     
   202067.45976021077     
   202044.00759382718     
   202000.62749628024     
   202051.80949725013     
   202060.33869029817     
   202062.83006888934     
   202025.56681187329     
   201931.13099275061     
   201903.71899364059     
   201911.21199735330     
   201830.33152995672     
   201860.02082784532     
   201835.86071497839     
   201842.98370782463     
   201839.02412635993     
   201805.73649470127     
   201725.37828941233     
   201769.27715916722     
   201693.54707002442     
   201690.52164141514     
   201792.81117542373     
   201855.26466208440     
   201899.21825633658     
   201842.60690441329     
   201843.26786480437     
   201834.28890046291     
   201752.35215617355     
   201763.03535945839     
   201775.83489980068     
   201799.11056830251     
   201715.89767396069     
   201678.75967005361     
   201631.83176768044     
   201740.70126364514     
   201771.70312040241     
   201760.49043693670     
   201780.33065633633     
   201732.78462516423     
   201811.35228788925     
   201834.99792137422     
   201806.61923686040     
   201825.51723845984     
   201890.70658286961     
   201927.34707260592     
   201919.80617649728     
   201939.88332822386     
   201962.91009525736     
   201937.15754242599     
   201983.51829442158     
   202045.68332412106     
   201988.40480759225     
   201940.88228209384     
   202011.25164399666     
   201942.65833392463     
   202008.01752829715     
   202036.10698139563     
   201980.07635148306     
   201914.53968353866     
   201853.49209644564     
   201853.13953274250     
   201906.54981867137     
   201870.63125877731     
   201784.08870912326     
   201830.29029350946     
   201810.98863383869     
   201972.82991499236     
   201930.76576525037     
   201858.62948502056     
   201753.30043764363     
   201825.94773709326     
   201809.83804534338     
   201809.77083007980     
   201876.48797279017     
   201852.29337055146     
   201830.20211021390     
   201865.97101778002     
   201915.34039433068     
   201978.59977872274     
   201955.61035931262     
   202112.32428361915     
   202091.89683730519     
   202203.80058842068     
   202117.63157918581     
   201948.95487376710     
   201965.78917789296     
   202038.90751696442     
   202051.10862050342     
   202029.87251941484     
   201991.26086307640     
   202019.75462654937     
   202001.92584254750     
   202022.69751448446     
   201931.34614825400     
   201928.45520317717     
   201905.95636930020     
   201933.37488440162     
   201918.19107935880     
   201958.19873125906     
   201913.87270138503     
   201908.04470029936     
   201858.84045931624     
   201820.85045476785     
   201820.82908025745     
   201794.94796105844     
   201792.38302237421     
   201867.79783703189     
   201849.40160698502     
   201708.85358470521     
   201752.37118703852     
   201799.84525417918     
   201860.79423061630     
   201828.42377608587     
   201798.71652036521     
   201760.95228684886     
   201809.14087692785     
   201849.50857910694     
   201706.47062124338     
   201730.70136705894     
   201775.21197546760     
   201728.56027567587     
   201773.75947156228     
   201682.40449094822     
   201715.29616423222     
   201725.28302837478     
   201730.36339508143     
   201796.87547588369     
   201875.24968252433     
   201829.97720526520     
   201784.93077482111     
   201851.59664332643     
   201864.50027899875     
   201900.38762587923     
   201790.44223645693     
   201752.43709326253     
   201595.51034890258     
   201482.99760930584     
   201473.42690896060     
   201460.66136125429     
   201438.07472711810     
   201465.99516793864     
   201455.77263394487     
   201488.77930667173     
   201524.58180024568     
   201612.36500844688     
   201522.39104309902     
   201537.47275484761     
   201561.56089824758     
   201590.41119728304     
   201564.53297289531     
   201449.99960969147     
   201532.90340611630     
   201372.85567038410     
   201322.07961177840     
   201374.03756893933     
   201483.67981121258     
   201418.86178015496     
   201447.47866629719     
   201393.74843617203     
   201363.92815191406     
   201419.99807877449     
   201509.95307220327     
   201495.65610663386     
   201519.70661467122     
   201515.60603675491     
   201476.43413467129     
   201403.38663561281     
   201296.16459388135     
   201223.41277326312     
   201153.52974043516     
   201198.51438808182     
   201259.51536535111     
   201259.51536535111     
   201181.77639380167     
   201229.52074056474     
   201169.21354774141     
   201166.70972701581     
   201162.60699226620     
   201160.55550711119     
   201017.01530627871     
   200894.75183566211     
   200955.85277770605     
   201051.21101865507     
   201016.93209428663     
   201027.28855132969     
   201028.15031969006     
   201078.19966043858     
   201030.85337026016     
   201013.69010217401     
   201061.29623118913     
   201045.82373504309     
   201063.17923372940     
   200993.59705254124     
   200972.37293053576     
   200880.34222916450     
   200978.94966880840     
   201003.62945031218     
   201052.47478720165     
   200980.82840484564     
   200995.94854704678     
   201002.98470478004     
   200905.90665973321     
   200801.83220453365     
   200772.30806541487     
   200895.24419418734     
   200896.42187071190     
   200832.86969790404     
   200827.64371738562     
   200860.93049467014     
   200858.38710408565     
   200877.54408893752     
   200712.45442878775     
   200746.65919245791     
   200822.77504613710     
   200857.79629369287     
   200781.09609455470     
   200737.46960181501     
   200762.06869941187     
   200816.48357568445     
   200862.97359240131     
   200918.78044769520     
   200943.19779050135     
   200992.65717730671     
   200888.64758440742     
   200851.78984548475     
   200812.20948152506     
   200879.87885102656     
   200958.33223463199     
   201026.78222141089     
   200981.24664898036     
   200989.53619142334     
   200927.02999018019     
   200930.40910465037     
   201076.11525364040     
   201051.33489792258     
   201119.54579779110     
   201116.13517162995     
   201075.14876231225     
   201072.10905342066     
   200939.43518918319     
   200906.19875325411     
   200898.79739456164     
   200927.41555947711     
   200905.49595993245     
   200912.43986646726     
   200972.45347619764     
   200987.39923306595     
   200965.64712078121     
   200958.42676977740     
   201059.05000408005     
   201121.85277161779     
   201104.34597576296     
   200917.54866664764     
   201019.46480398256     
   201071.94566816901     
   201098.88342350716     
   201057.13680319916     
   201039.01650491156     
   200947.99512351339     
   200969.08396897285     
   200954.08293318830     
   201066.08198350991     
   200987.46917100460     
   200992.85890229876     
   201010.67642311894     
   200998.74449483352     
   200914.48504584041     
   200831.71616330606     
   200865.97539055959     
   200888.58371587010     
   201026.44435599996     
   200932.51222216949     
   200975.94118127000     
   201000.87830895471     
   200867.80024907933     
   201032.08524796166     
   200927.11616461581     
   200876.28555386298     
   200849.73212948101     
   200845.29347275710     
   200959.03644350223     
   200981.43771885059     
   201034.27569921239     
   201007.04740849909     
   201115.48394523055     
   201109.08804665436     
   201100.21935480271     
   200973.23945658474     
   201069.45877763873     
   201124.93692718272     
   201014.66165608371     
   201057.78996460527     
   201118.37332107007     
   201050.62598168978     
   200944.78073611084     
   200905.76164836952     
   200947.64426956337     
   200981.11856012163     
   201009.20982019632     
   200905.01760435119     
   200956.93023090751     
   201000.25917108983     
   201027.28082659919     
   200967.36028153804     
   200954.09311451114     
   200954.39491769142     
   200868.76713077188     
   200906.02179414858     
   200933.11789439881     
   200830.01424889098     
   200778.80058447548     
   200774.38290771592     
   200825.83981308117     
   200807.76046037109     
   200761.63188437352     
   200770.81401360201     
   200873.07222343472     
   200883.04011996655     
   200842.59950677861     
   200842.30985606523     
   200784.56434488154     
   200789.69043321352     
   200666.93300454548     
   200680.36290035147     
   200578.29043581797     
   200619.48103009840     
   200657.86251480298     
   200664.22668424787     
   200711.04036207579     
   200756.87772706090     
   200593.18506613682     
   200698.21900460409     
   200717.71498873824     
   200690.98384794893     
   200734.80499439058     
   200753.12283391535     
   200585.92476239434     
   200641.17081043677     
   200673.15577884685     
   200649.47935267710     
   200645.91157404237     
   200727.48355985197     
   200781.02053019690     
   200762.81124084335     
   200625.73596281273     
   200677.72822270196     
   200803.99577086876     
   200653.90623657798     
   200693.29702286690     
   200682.10175941806     
   200681.62045501775     
   200683.65259124222     
   200642.73477513541     
   200700.00629754289     
   200667.70076284965     
   200708.30712916743     
   200676.92759173378     
   200605.80559187246     
   200674.57745076821     
   200643.35886091526     
   200684.12357357112     
   200742.87781764643     
   200740.01092534553     
   200622.78678319973     
   200677.02231982749     
   200647.75918484878     
   200658.46838927004     
   200701.97951520688     
   200702.60581003811     
   200713.14475707052     
   200682.27118949065     
   200665.98552287070     
   200701.24426191513     
   200643.69940156865     
   200726.18976699145     
   200814.97765066809     
   200700.61026016276     
   200650.52086725726     
   200655.04597846570     
   200638.25143437897     
   200671.82225257298     
   200674.66191009525     
   200630.48824891989     
   200522.91486831428     
   200461.66555904940     
   200493.69879873787     
   200527.65069524627     
   200447.82817816420     
   200398.68546701848     
   200420.29829464221     
   200339.87627346133     
   200362.35505918096     
   200425.61962323874     
   200454.42553998501     
   200392.56946975799     
   200402.48986073126     
   200317.19355532897     
   200364.39668162225     
   200322.74797762802     
   200335.68986259802     
   200421.30199691991     
   200374.89054012657     
   200403.37036553741     
   200410.27621338758     
   200318.83245762053     
   200294.31240660441     
   200366.83186238699     
   200257.65141602699     
   200377.69092287152     
   200380.33001529123     
   200365.33623244963     
   200341.27629381689     
   200233.59538807531     
   200299.51117709430     
   200323.00060476211     
   200351.28779437818     
   200440.30454321974     
   200472.34320068132     
   200487.54960818050     
   200515.38435811581     
   200287.74285026587     
   200243.97284238733     
   200334.49127734060     
   200325.42897854521     
   200285.02004990069     
   200292.14731571596     
   200235.53435753033     
   200129.30834791917     
