   193783.71209543914     
   193782.98986701999     
   193795.93574662597     
   193776.35863425283     
   193741.10085253403     
   193889.18671756197     
   193825.10677823771     
   193770.53645869292     
   193672.60620746575     
   193697.68490053050     
   193722.53817392528     
   193807.39132069086     
   193816.19108134485     
   193786.77585104981     
   193751.57821541963     
   193758.87921245437     
   193696.71832819592     
   193693.63869220237     
   193605.19178131115     
   193708.30484384421     
   193686.48975903774     
   193688.01611732351     
   193698.42741245459     
   193642.79033428899     
   193702.25888484481     
   193714.46596955240     
   193704.22929747825     
   193684.26151556880     
   193685.26522476171     
   193729.91136630051     
   193684.69947761600     
   193730.29034053857     
   193831.01002403651     
   193869.05797076883     
   193854.97356668062     
   193863.92831371067     
   193843.08088430861     
   193753.34529618008     
   193720.07026395129     
   193703.25102943403     
   193650.79492948754     
   193783.31923514244     
   193752.36208878105     
   193735.96372890260     
   193745.54242732425     
   193759.26051676084     
   193746.97731600524     
   193801.86391897191     
   193779.74421419064     
   193765.71679426523     
   193735.03766695317     
   193838.14425247849     
   193798.59655412642     
   193693.12889380750     
   193683.50164976713     
   193768.11647014268     
   193798.67773320994     
   193792.62794980139     
   193711.83228871299     
   193736.76626327710     
   193743.40769773122     
   193686.54692207661     
   193727.25705551213     
   193756.72624988735     
   193733.92251463173     
   193597.53101295963     
   193610.55882372658     
   193655.74318771946     
   193535.55543021180     
   193504.21178534592     
   193551.16023490121     
   193589.96542939125     
   193578.90510245229     
   193591.16093678368     
   193662.39408926998     
   193537.01756209257     
   193524.58362011969     
   193525.70333930760     
   193449.24592539112     
   193500.26015143946     
   193482.88919694495     
   193354.92146237820     
   193255.10085206828     
   193244.03229722026     
   193258.43338549067     
   193343.31610548994     
   193393.05042221001     
   193303.28838273999     
   193329.53497333999     
   193341.98357503209     
   193311.53247459931     
   193311.03190768149     
   193277.96520432257     
   193289.01418429133     
   193335.59802426235     
   193310.89518985781     
   193358.44804511301     
   193363.44164034002     
   193321.39512308280     
   193280.87237614213     
   193375.51656259681     
   193507.32488383140     
   193474.62187505595     
   193390.73452900926     
   193354.35699350090     
   193407.45377868070     
   193435.03506830891     
   193486.04284678231     
   193536.87812534309     
   193516.52912636212     
   193390.87212875861     
   193308.87375689056     
   193209.60350025343     
   193258.03327144074     
   193241.25505460417     
   193309.71699225207     
   193411.22318031683     
   193245.71848218664     
   193229.74365724184     
   193259.53056759285     
   193176.35225610441     
   193130.71801730059     
   193165.50731469659     
   193277.14894043884     
   193256.24555272004     
   193217.51262189855     
   193152.82079660980     
   193223.80622779857     
   193196.55840066617     
   193197.96047548746     
   193246.78662676882     
   193303.13977653015     
   193408.55400995511     
   193372.93065126054     
   193291.88331826159     
   193281.35113715666     
   193311.91784855281     
   193307.68118265370     
   193395.29865832091     
   193281.05496718868     
   193263.99400573183     
   193327.04711761881     
   193258.83441198655     
   193277.71098098773     
   193264.00841643126     
   193191.73807756152     
   193154.39286724478     
   193296.18391303578     
   193325.28600576660     
   193315.48656940399     
   193211.29698763031     
   193234.34564086384     
   193202.08413151160     
   193222.33886421879     
   193228.45047347163     
   193250.43152199723     
   193088.46281552178     
   193146.93273797652     
   193131.78689545696     
   193089.68716003120     
   193009.56047905952     
   193126.48042535110     
   193073.56163148704     
   193094.05107227567     
   193111.91022421740     
   193096.24768591384     
   193001.62936550556     
   193039.30923260187     
   193011.80151238496     
   192945.53432713693     
   192949.42441574490     
   192857.85998384998     
   192975.66985878529     
   192992.60998945386     
   193114.93480036993     
   193093.67709232648     
   193093.50331660523     
   192990.05000432720     
   192966.17723929367     
   193007.07234439591     
   192917.21625269714     
   192908.08332152269     
   192896.96573681475     
   192918.05254067402     
   192881.68604354063     
   192946.50061493512     
   193028.58449847993     
   192946.00146258381     
   192926.19813175587     
   192857.38940577264     
   192948.29515360240     
   192891.01972940695     
   192777.43727543054     
   192820.29000510735     
   192848.23104196656     
   192897.29270277993     
   192895.53087796224     
   192910.61981815624     
   192897.78496391009     
   192921.42063105074     
   192922.98995711710     
   192981.82945440782     
   192866.40925058851     
   192822.79463460366     
   192952.23027554102     
   192977.01514950040     
   192897.62994195713     
   192931.93639241945     
   192950.81740922420     
   192896.28017023706     
   192820.29662433398     
   192910.05269198335     
   192937.01818770159     
   192915.71589059604     
   192937.25323709752     
   193002.57652035938     
   192846.53565669269     
   192771.74929626647     
   192830.79789404041     
   192799.76544460576     
   192825.04548429811     
   192895.84055855722     
   192830.18634340810     
   192720.45839699297     
   192840.18860833099     
   192716.36901351469     
   192642.80874880677     
   192687.32722095665     
   192748.00833311662     
   192832.19205116306     
   192823.28366122214     
   192970.98136647540     
   192864.60236287626     
   192775.96254945590     
   192831.37832918114     
   192791.71991925195     
   192814.49513734615     
   192858.13932828815     
   192848.73743947232     
   192889.64001185581     
   192798.16932516027     
   192779.63488547958     
   192773.89816327300     
   192741.12043829390     
   192716.96935839526     
   192758.01265252393     
   192791.18808156095     
   192810.19160791684     
   192764.53313106834     
   192705.75640607812     
   192784.26535928875     
   192872.46092062688     
   192827.54054104394     
   192821.65412854444     
   192818.45622308899     
   192923.90837191680     
   192874.80264226184     
   192798.90504324783     
   192762.42870636427     
   192817.41361218443     
   192869.48834187092     
   192877.21293323243     
   192815.42533954902     
   192835.76109576263     
   192813.60113377322     
   192876.45909090710     
   192876.35906222183     
   192868.90676725007     
   192879.97468322760     
   192835.88284787990     
   192898.73058689310     
   192844.80603647395     
   192906.24660193938     
   192877.84299305355     
   192877.45829978341     
   192753.61180529243     
   192937.75468607547     
   192926.60284198835     
   192915.96039791885     
   192860.92001712846     
   192778.01923425772     
   192806.02665825409     
   192774.36868603955     
   192818.03411776011     
   192820.00939960370     
   192847.04628694363     
   192824.77176148302     
   192929.21031819726     
   192868.21538425199     
   192867.37639661226     
   192814.13383931151     
   192743.49424611899     
   192809.98172671843     
   192784.87611367760     
   192718.52152626487     
   192794.73409346095     
   192706.98603081229     
   192793.74967406905     
   192769.41017752333     
   192823.71192601550     
   192817.53814099205     
   192885.48571786008     
   192760.83592649217     
   192853.81097016638     
   192766.55115141466     
   192824.93470795007     
   192832.14124982123     
   192812.24228546856     
   192714.08543795368     
   192620.52389794309     
   192666.32120740402     
   192728.39860228964     
   192664.82256746909     
   192714.99040393668     
   192754.02605081000     
   192691.15715386404     
   192729.46368369495     
   192712.77444590407     
   192689.27456317970     
   192685.53156100729     
   192583.18432276693     
   192655.43847505530     
   192606.49407215448     
   192674.45823939829     
   192727.05913649013     
   192772.07043748500     
   192750.42403479817     
   192784.33190942241     
   192641.54591091047     
   192583.35128819369     
   192482.23474149499     
   192557.67694031668     
   192604.36133555800     
   192604.41178931698     
   192657.58028140641     
   192688.11837233690     
   192763.94040840585     
   192693.46124869501     
   192730.24660339154     
   192573.68821276419     
   192743.44557826311     
   192721.07795224994     
   192726.90128742557     
   192735.54541057296     
   192584.22319445937     
   192636.65906040641     
   192754.85757069683     
   192814.99831427817     
   192684.67535257211     
   192678.88882820081     
   192846.15288711811     
   192864.70221035602     
   192940.68425973185     
   193038.22980149870     
   192979.39279288857     
   192849.05142454064     
   192918.21246876620     
   192813.70755465861     
   192776.48841783431     
   192823.29111433733     
   192842.53708657305     
   192841.73609326285     
   192842.20035332016     
   192733.68296942840     
   192846.41134653916     
   192857.58989007460     
   192737.96059259982     
   192806.55467849984     
   192689.02129668734     
   192674.37305549806     
   192673.27897584194     
   192808.35465212484     
   192775.97823361887     
   192766.84472718398     
   192722.47391836680     
   192716.01981757241     
   192836.26465784211     
   192855.03560995299     
   192794.52531273107     
   192749.85109034504     
   192846.45861152274     
   192809.04930169747     
   192772.09103077330     
   192811.89401019757     
   192845.68380786682     
   192834.29421059013     
   192810.61676841188     
   192857.60187838963     
   192890.32067317411     
   192940.00052777666     
   192906.98994078985     
   192950.83262378004     
   192958.77427712394     
   192922.79333583862     
   192962.50860933462     
   192982.29700411300     
   192915.53978481863     
   192834.13327003436     
   192969.13491838280     
   192902.00538283613     
   192892.31271459625     
   192869.10190774253     
   192791.77990865632     
   192813.54454122376     
   192817.43852954323     
   192740.01465022791     
   192743.45174785156     
   192759.17282998166     
   192940.99923575509     
   192997.10923492184     
   193072.57039558736     
   193031.39835341310     
   192928.79661196659     
   192919.30263874715     
   192798.22373651754     
   192831.40124780388     
   192811.71936113457     
   192846.85349872493     
   192787.35122549703     
   192844.41517279408     
   192850.91749983680     
   192901.67157688749     
   192974.06773836439     
   192899.83542720901     
   192827.22296381855     
   192861.75024015544     
   192857.49139508142     
   193010.23280078912     
   192910.99960038063     
   192935.24574650155     
   192864.14117667626     
   192909.61101951479     
   192827.22333312366     
   192799.03499991054     
   192775.62654116051     
   192784.58361585846     
   192739.00881355180     
   192755.52748527608     
   192729.27253050747     
   192607.31035386396     
   192597.98783510129     
   192618.81706948875     
   192589.10601287178     
   192625.76419429717     
   192614.79734112523     
   192707.75677386043     
   192683.32177881492     
   192716.37346015207     
   192602.37825585535     
   192604.26589114690     
   192638.48702592586     
   192614.09647747950     
   192679.87560945330     
   192679.62001548975     
   192771.05646347816     
   192667.22127937136     
   192742.52181681548     
   192754.35796503469     
   192672.87977643881     
   192733.27263068876     
   192708.54337208558     
   192757.78118252018     
   192717.25062156841     
   192665.17248605512     
   192743.34973064880     
   192725.52238466259     
   192729.28905481601     
   192771.27092079044     
   192767.59125547315     
   192849.40948119646     
   192744.46222427938     
   192766.87671235710     
   192712.42548240919     
   192788.69988347881     
   192821.51611913292     
   192823.56103436457     
   192858.08203400500     
   192913.74466139576     
   192800.11096901677     
   192879.77826668211     
   192944.36943693197     
   192948.21568246564     
   192984.79078081343     
   192991.29209695989     
   193010.46699258729     
   192943.95997612417     
   192906.59827151525     
   192936.70458699123     
   192994.55770692194     
   193013.59507316185     
   193002.21893980392     
   192995.59635690978     
   192915.71200555650     
   192988.07254864497     
   192968.01095905868     
   193005.74198768503     
   192961.19489819437     
   193102.71703580060     
   193097.68958557822     
   193028.41813143314     
   192961.00271282360     
   192829.27564434888     
   192793.73224995445     
   192952.54485114801     
   192849.67902164752     
   192910.93255565036     
   192845.55488965361     
   192919.42914744327     
   192931.12259547159     
   192938.81940851948     
   192900.83644767126     
   192840.48638864991     
   192812.91472806109     
   192846.08523999146     
   192956.43232653226     
   192959.80490197963     
   192947.23672311247     
   192906.66527160481     
   192915.11803730595     
   193072.46193183822     
   192987.92602709495     
   192869.26293444261     
   192854.40622993623     
   192869.02131573937     
   192916.94554443247     
   193053.45582703809     
   192996.14822452419     
   193059.63428582245     
   193050.55734693300     
   193103.31771933427     
   193125.95628403380     
   193134.29041229133     
   193195.29444703757     
   193093.65815202545     
   193126.66391543119     
   193144.72356513288     
   193229.00865913523     
   193249.71927703309     
   193369.76040977566     
   193403.45157550136     
   193295.48771899295     
   193235.81151693861     
   193231.71543425872     
   193307.75894292543     
   193348.18887555500     
   193426.15616265376     
   193366.32200165922     
   193280.12954751033     
   193444.34090803933     
   193384.36757702127     
   193396.71301602258     
   193289.66759219638     
   193302.58955286050     
   193384.51685560949     
   193320.60460089470     
   193297.85221294625     
   193433.95629498188     
   193355.61394229232     
   193402.69327439085     
   193281.82727622258     
   193390.65353243740     
   193322.62315172912     
   193404.50846624593     
   193541.55456631139     
   193493.58878567567     
   193496.84862519786     
   193438.31847802951     
   193465.41338390432     
   193474.80961551782     
   193606.31828827263     
   193672.09572293528     
   193649.53748305803     
   193673.01011744229     
   193622.44180481453     
   193640.38031579470     
   193660.79237562080     
   193646.00245505435     
   193744.30250486603     
   193575.82553201716     
   193546.13695155864     
   193468.51221595338     
   193522.65056195989     
   193613.10219228416     
   193570.70097701237     
   193545.89635254181     
   193529.17545068497     
   193509.46729494992     
   193549.91868040059     
   193420.52372969571     
   193402.99067785303     
   193434.99738724777     
   193386.93021278532     
   193320.92498734195     
   193355.37235860075     
   193370.53626503790     
   193385.29259668879     
   193368.54142364542     
   193349.88149175612     
   193415.37426440284     
   193470.42454495668     
   193581.06727371528     
   193548.26469250873     
   193548.52074515080     
   193528.95708416475     
   193486.09734936626     
   193363.76129087651     
   193362.97765751791     
   193413.76424947055     
   193385.90121228623     
   193510.82032322430     
   193369.22742085677     
   193269.05205151852     
   193289.19991220129     
   193310.36965462702     
   193472.52316658592     
   193372.18280905316     
   193422.48209357646     
   193314.23743429195     
   193443.07074930164     
   193432.09344505286     
   193397.85809524136     
   193475.41149079255     
   193452.36053214656     
   193508.06246665530     
   193392.02667317010     
   193531.25830795243     
   193598.15032067554     
   193689.01419750700     
   193791.49823611975     
   193773.56097143260     
   193597.78279845809     
   193643.46840739681     
   193599.59978828396     
   193724.20608033953     
   193729.75666741488     
   193773.95069758658     
   193765.74204473873     
   193738.99885900939     
   193680.41905478731     
   193632.92990011239     
   193700.37791233158     
   193690.62354554565     
   193719.38347643081     
   193803.79432585047     
   193775.74855059927     
   193742.16678867757     
   193784.06266550382     
   193763.55730431652     
   193720.13768107328     
   193658.87432028062     
   193599.11705280675     
   193611.72881108712     
   193635.55329076576     
   193675.39240445703     
   193632.37745658163     
   193652.88684265019     
   193710.37872314014     
   193651.36429521369     
   193576.12320374107     
   193650.01360689072     
   193624.93640221655     
   193591.86937676382     
   193678.65853510681     
   193633.07983421884     
   193685.97978844770     
   193702.37605489747     
   193696.73955375206     
   193735.34549255250     
   193611.56157229302     
   193722.80814637174     
   193777.01344069498     
   193689.21995527809     
   193632.03775575725     
   193661.63832395984     
   193639.70296910897     
   193669.09958188477     
   193629.27847083108     
   193565.36896760645     
   193559.04458267125     
   193504.13794582320     
   193554.85957850306     
   193590.51051892876     
   193609.10178233130     
   193535.96416641062     
   193552.42209412507     
   193497.48576003738     
   193549.29114435680     
   193608.72506087017     
   193657.53647705173     
   193658.51668906555     
   193730.53835864767     
   193619.30178249840     
   193658.25334753850     
   193626.72071261189     
   193581.14344161507     
   193701.64561670605     
   193726.45725669563     
   193762.99294242880     
   193706.86704784317     
   193726.90351624187     
   193612.27316436172     
   193666.98040199804     
   193632.87857516043     
   193657.89472054385     
   193707.42130201188     
   193807.82637972169     
   193689.85899501320     
   193770.87685412858     
   193805.70541051330     
   193875.95098888176     
   193796.86676449518     
   193749.78396985485     
   193790.04371781673     
   193790.28061213600     
   193726.97890753471     
   193803.18158055926     
   193706.30733872639     
   193674.09611059233     
   193564.17887887376     
   193501.89087427600     
   193422.89687334606     
   193458.38651186542     
   193416.87382132647     
   193401.24682930042     
   193418.75208070088     
   193580.21741629794     
   193529.39254160656     
   193489.13597528695     
   193517.74750423947     
   193483.24961104130     
   193476.06221702413     
   193554.84935335655     
   193518.08398939599     
   193433.43171984839     
   193405.75919607654     
   193302.52590030106     
   193370.50083777783     
   193389.73328245344     
   193380.57671693651     
   193425.12995150671     
   193471.95675403503     
   193581.34319275027     
   193517.05075987338     
   193552.22974862886     
   193580.53992701042     
   193558.82354074274     
   193562.30230867781     
   193739.13792718435     
   193722.33847557844     
   193635.14412664261     
   193583.77511642364     
   193735.00204102707     
   193710.00559740077     
   193753.30505424857     
   193817.62920452375     
   193856.97383299284     
   193996.29520560041     
   194027.34533379856     
   193877.47872467904     
   193796.10781455756     
   193759.05363766776     
   193816.84145032897     
   193775.14895603020     
   193706.40094545909     
   193688.26253038380     
   193702.49225233158     
   193716.19920897955     
   193778.54324243855     
   193802.45384888334     
   193751.26554041676     
   193779.27030958756     
   193828.34609113590     
   193783.45692862803     
   193790.36560147133     
   193689.81016345287     
   193705.62169974056     
   193625.13449339537     
   193667.99464551752     
   193697.36432793541     
   193720.30301856279     
   193717.70996325804     
   193664.64914389484     
   193800.63816301603     
   193813.99310636046     
   193801.34815211297     
   193690.47145643650     
   193663.21094702085     
   193635.99378906644     
   193680.84813004470     
   193756.24550222454     
   193862.11681744043     
   193850.73764526477     
   193754.99663107321     
   193729.39966036470     
   193790.15553891988     
   193670.74780892959     
   193705.52825529495     
   193715.17753330871     
   193811.43264098591     
   193825.44955976872     
   193794.23281388165     
   193816.59198627650     
   193895.24289486572     
   193922.06113455194     
   193999.69201224583     
   193983.47610981940     
   193940.32848527070     
   193988.73412980241     
   194033.62858259608     
   194037.14550354195     
   194062.61789844651     
   194071.51694736676     
   194099.40580920762     
   194088.66812967570     
   193949.87318291969     
   193880.39328500477     
   193849.03439182887     
   193903.37535000080     
   193905.03090861408     
   193844.88789896577     
   193920.19786740490     
   193805.17464129388     
   193812.21814325557     
   193768.92511479452     
   193845.13234324701     
   193958.09876818914     
   193879.98358230642     
   193920.97740320078     
   193919.97634175600     
   193983.19813820638     
   193977.42325293718     
   194030.74535836570     
   193991.73601404132     
   194039.36781863688     
   193956.42838692895     
   193992.29381901328     
   193832.38626608718     
   193934.72024803967     
   193937.27155519347     
   193870.81756658494     
   193967.77548871291     
   193921.45143365851     
   193920.58602397415     
   193914.70446942811     
   193946.42687346489     
   193879.84072356683     
   193953.27510353122     
   193936.98873144138     
