   905760.49456729868     
   905760.02208530402     
   905720.42463699356     
   905570.71323079150     
   905596.72187091294     
   905744.46254796081     
   905702.08044244139     
   905718.02545315423     
   905735.22839087294     
   905729.51168224448     
   905811.16131109837     
   905787.05664256145     
   905743.75367246405     
   905847.74093176040     
   905916.36298995733     
   905907.60693254741     
   905834.06703845854     
   905897.25197850890     
   905980.94173038774     
   906054.02792505722     
   906046.72741183359     
   906102.12923953531     
   906134.33539924934     
   906070.96581991739     
   906015.16880022956     
   906056.79414971080     
   906125.33260075119     
   906119.19547440158     
   906067.17794587510     
   906110.42553131178     
   906034.23579344596     
   906095.39102539315     
   906218.69282596395     
   906227.97908856766     
   906162.88414030592     
   906200.09800115100     
   906318.65088220220     
   906444.72209181276     
   906460.24994318502     
   906494.27321118885     
   906472.10568268807     
   906456.50941018027     
   906295.79227689211     
   906395.81071424205     
   906434.87293206144     
   906304.18583846372     
   906232.49524678418     
   906175.45129573427     
   906186.72039593419     
   906322.69650955731     
   906417.94974474481     
   906464.83432899439     
   906555.97063028417     
   906450.23375775770     
   906469.04179884272     
   906545.30929907027     
   906553.12396546872     
   906549.99208253901     
   906668.45375310292     
   906732.18670366530     
   906693.83539676294     
   906701.71629615594     
   906747.47855261830     
   906763.56951561791     
   906784.54358987405     
   906818.56417116267     
   906745.07015050144     
   906811.43917800311     
   906855.68372629222     
   906908.33297169604     
   906879.57558131323     
   906923.99373998190     
   906889.32104978245     
   906774.17103811086     
   906729.97422710934     
   906675.65703445883     
   906664.32939860842     
   906618.29467835545     
   906592.35761124792     
   906641.03111245111     
   906699.11428019369     
   906822.47189086059     
   906849.15777123335     
   906872.90934768238     
   906955.23928952648     
   907056.89773850399     
   906923.89279560000     
   906836.73496502603     
   906869.20914866880     
   906889.88387933676     
   906971.06323642517     
   906909.30676041497     
   906908.44153470360     
   907029.79797970841     
   906930.20678702462     
   906975.92089886451     
   907001.34671361593     
   907026.80127871945     
   907083.54495736735     
   907043.39487561176     
   907079.54269358341     
   907043.10984945623     
   907008.94255204918     
   907140.20529694157     
   907117.31021033821     
   907157.18693077471     
   907193.45109287137     
   907131.65017347981     
   906916.74915293930     
   906917.09069344844     
   906954.15730959596     
   907118.07580521866     
   907183.72859710874     
   907144.75801824359     
   907135.92190295120     
   907217.58972525352     
   907256.55793533672     
   907293.57984535629     
   907343.75462262763     
   907282.35012999899     
   907250.67216496728     
   907196.56526198750     
   907251.60897548485     
   907318.91674570367     
   907275.68058701640     
   907408.74796045048     
   907501.69812045048     
   907480.58498601883     
   907457.93721476849     
   907404.13184032403     
   907319.15119894745     
   907277.99201430881     
   907183.88431698445     
   907311.43286905624     
   907324.70805028477     
   907399.11667866935     
   907324.26748517388     
   907408.20913916035     
   907483.64794253989     
   907468.13062594051     
   907571.23908176168     
   907603.19887241267     
   907592.07533496700     
   907433.75808949652     
   907517.08732465899     
   907547.66995786421     
   907605.62304947898     
   907638.76724819164     
   907627.65925490623     
   907631.97581105528     
   907536.97552977002     
   907526.11894639884     
   907592.08485334169     
   907572.12933134113     
   907626.25680427311     
   907519.58962504508     
   907559.51351162628     
   907577.69848557888     
   907479.55337556324     
   907513.50201317284     
   907548.56636658544     
   907591.70375993906     
   907628.89901190239     
   907665.85053352907     
   907651.69850738556     
   907543.61087769060     
   907667.64957557002     
   907626.58769530302     
   907681.16151520144     
   907832.18634170655     
   907864.79402561777     
   907759.59839170112     
   907794.20337523276     
   907742.86865323968     
   907718.10283450433     
   907727.42440537456     
   907750.73097661871     
   907826.48545058072     
   907808.61378636921     
   907764.48937955953     
   907817.79145602416     
   907731.26141854771     
   907688.35637343558     
   907769.16000278201     
   907738.59560668364     
   907748.81806986697     
   907738.21217866102     
   907770.96595134202     
   907773.95880464162     
   907762.90372332104     
   907738.30422434199     
   907807.29915894102     
   907808.21823209606     
   907824.50951681403     
   907938.96341127146     
   907851.36981626973     
   907896.18377806281     
   907998.81885666202     
   907931.82402204932     
   907971.53320346493     
   907948.96388700348     
   908021.94944985455     
   908012.51450741407     
   907970.03577812645     
   907961.28063799255     
   907932.24602457671     
   907938.94267085590     
   907966.76354875090     
   907927.70562141517     
   907995.41059308010     
   908000.39960220293     
   907957.68534768163     
   907941.16575522826     
   907906.41362468200     
   907942.68351477978     
   907896.94384358008     
   907689.79008790222     
   907780.43318487855     
   907829.89199969184     
   907957.87128262664     
   907952.15390615421     
   907925.41586114769     
   907786.91570895142     
   907794.38790400082     
   907834.84241132275     
   907782.04495788249     
   907882.39578200085     
   907821.87065898732     
   907779.88062120334     
   907752.62076435308     
   907827.49913852825     
   907852.14842724870     
   907784.30241509085     
   907807.09875368839     
   907821.75976124697     
   907843.78487850097     
   907914.72330379079     
   907998.64101092552     
   908069.02367472067     
   908064.11025996960     
   908097.67348508805     
   908127.24855567853     
   908078.71622415108     
   908082.33799050702     
   908124.88199776819     
   908094.09294595581     
   908123.79059476499     
   908111.21895193821     
   908049.01812074205     
   908042.03021619003     
   908048.91430690547     
   908045.09562494408     
   908143.12501787709     
   908214.54900883010     
   908128.72301427647     
   908094.32095883391     
   908072.59190690832     
   908095.06021445629     
   908095.09938251867     
   908034.32093728078     
   908144.30121623713     
   908258.43292726902     
   908190.97654431965     
   908114.54199963191     
   908089.03861343197     
   907968.43964538292     
   908044.95476550283     
   908097.14396274742     
   908131.23958448006     
   908129.98587497533     
   908065.71572987665     
   908090.94402142556     
   908087.00791379844     
   908232.70404131536     
   908198.66774536867     
   908126.85276456818     
   908105.44981142809     
   908175.70354497957     
   908145.14172873064     
   908187.56505778106     
   908220.90387483768     
   908140.68469347630     
   908258.82457421662     
   908250.64849224838     
   908331.14487281570     
   908351.16757859406     
   908295.36565295607     
   908391.55193244212     
   908299.63558460807     
   908268.56576595746     
   908273.68994767312     
   908205.19965907617     
   908180.01276065316     
   908183.01243822486     
   908190.17210835288     
   908206.19724539260     
   908162.11517695256     
   908126.29997471278     
   908166.76075776410     
   908208.31956376019     
   908184.96955194324     
   908235.30329221918     
   908174.43471838953     
   908132.10632352519     
   908135.74208407558     
   908097.80902762956     
   908120.54880382854     
   908166.29981320596     
   908201.84391058190     
   908182.90135915612     
   908191.79628765350     
   908204.93715921720     
   908208.26262466749     
   908217.31306891073     
   908278.62110702973     
   908292.27140812692     
   908333.36543426896     
   908420.84648058889     
   908447.91940062377     
   908390.88116534578     
   908465.19230229140     
   908456.97450023284     
   908373.80286307121     
   908340.49624394241     
   908351.33704579342     
   908357.48644975177     
   908453.55879433325     
   908422.45490019047     
   908378.01557878824     
   908574.44146195927     
   908428.95949447004     
   908390.05033832800     
   908356.65532903664     
   908357.54538592650     
   908415.34961223754     
   908348.06055357773     
   908310.13304321549     
   908271.49747043580     
   908306.89533379371     
   908200.49458894017     
   908240.44703369285     
   908393.80439689115     
   908277.17371478467     
   908152.79638276214     
   908188.97080279794     
   908322.35707491788     
   908288.29694285244     
   908237.01417915104     
   908073.19233970856     
   908180.50501669641     
   908332.06562338735     
   908308.69538290915     
   908300.69202849176     
   908398.98751314450     
   908450.14533837652     
   908378.08597075031     
   908388.01655202685     
   908352.74531375314     
   908202.10821456695     
   908166.49785639415     
   908229.18678416475     
   908293.37425353751     
   908305.74871868861     
   908374.11006675439     
   908311.56555208459     
   908393.70006504375     
   908503.52517676738     
   908563.79441303317     
   908646.95983947720     
   908654.36038295680     
   908585.62721825810     
   908607.58159793983     
   908641.21987629356     
   908641.97311127663     
   908630.87828643352     
   908538.71645050962     
   908550.52229620167     
   908571.18150855601     
   908504.50355873536     
   908558.56112386449     
   908544.53734548949     
   908426.93554262561     
   908592.86287437496     
   908663.34744481032     
   908678.72620834981     
   908658.77444114583     
   908571.36250471615     
   908644.50897585368     
   908644.50897585368     
   908613.27734645875     
   908614.57132037124     
   908614.57132037124     
   908615.28009288188     
   908613.81679135235     
   908572.57902313070     
   908572.57902313070     
   908514.50590792939     
   908536.47284167027     
   908528.12790014793     
   908568.09623167012     
   908483.36407477211     
   908350.94759259990     
   908305.35557607561     
   908385.71880829742     
   908498.98712801724     
   908464.30055894039     
   908451.23479557771     
   908414.59570847999     
   908378.17129113711     
   908429.73818907794     
   908415.56651407084     
   908501.80065992149     
   908430.93754187494     
   908438.63261627057     
   908363.57420694723     
   908423.27727252140     
   908461.32348298538     
   908495.50889822096     
   908485.66433911677     
   908436.78695742774     
   908430.44090296363     
   908476.57954330684     
   908492.24043284566     
   908454.39656699740     
   908433.47288976272     
   908514.80271010101     
   908413.88503335824     
   908390.43290129595     
   908346.95397571917     
   908317.49891697580     
   908329.97511753347     
   908355.19203322974     
   908309.68766070728     
   908262.55149703904     
   908290.71852621587     
   908229.08040556649     
   908310.72145296691     
   908268.50578258536     
   908254.25505696272     
   908247.79768896382     
   908181.26653462311     
   908195.09173091908     
   908192.78848832077     
   908243.01230704563     
   908165.64522260346     
   908208.19450879097     
   908155.76457544521     
   908325.31535807298     
   908278.24437733006     
   908245.12577815889     
   908171.95173087972     
   908116.68902152125     
   908215.79667808686     
   908260.59521493327     
   908370.23904311284     
   908386.14477797877     
   908394.55759288347     
   908554.36139924999     
   908456.55574708432     
   908409.83906618063     
   908557.28373062727     
   908544.80320210767     
   908455.96053070202     
   908493.15750569094     
   908405.30570864351     
   908361.76492905966     
   908353.45468084072     
   908286.61447689449     
   908334.98627459095     
   908365.90996732202     
   908380.56068314763     
   908386.95220416423     
   908406.14074305398     
   908423.34120561392     
   908348.06835960445     
   908405.24831475166     
   908421.09689378995     
   908441.57520136796     
   908456.41255853593     
   908362.79839730205     
   908348.11731933744     
   908284.64439413464     
   908174.62273324654     
   908053.55341136002     
   908024.90049956483     
   908027.47879730246     
   908202.69922654703     
   908186.83149497444     
   908176.08285813103     
   908202.96724669111     
   908311.20444546465     
   908359.78960477572     
   908338.02542553982     
   908303.65270046575     
   908318.64122367010     
   908312.66200868122     
   908342.22888458101     
   908369.52352041216     
   908317.34692894877     
   908303.91572010168     
   908358.60762530088     
   908350.84432294103     
   908468.11776378064     
   908424.08278117224     
   908443.40477509156     
   908429.55619707971     
   908419.35152608564     
   908441.18112141965     
   908543.22303440538     
   908562.53644901724     
   908527.43132009672     
   908446.20829812775     
   908557.42807395710     
   908464.92011205980     
   908543.26425204473     
   908645.26959720545     
   908592.77179491892     
   908542.74205667316     
   908470.59346201282     
   908412.80909380701     
   908389.00741665589     
   908457.90749021899     
   908565.21417557518     
   908630.44250293996     
   908651.01767148718     
   908649.93925719429     
   908588.98387323832     
   908559.04596515454     
   908501.96851475397     
   908510.76658426062     
   908468.55193703249     
   908585.18925551802     
   908559.11680356169     
   908595.49540513929     
   908626.91512186441     
   908578.69671604759     
   908656.32188936824     
   908626.89589479170     
   908637.57176952937     
   908612.35779501894     
   908595.37971773930     
   908532.14353940322     
   908554.98380967136     
   908602.54615777172     
   908600.48222244903     
   908577.92542130186     
   908474.52218792285     
   908532.10590091592     
   908461.00938548497     
   908366.41238830530     
   908492.76143218204     
   908510.31794927642     
   908549.80677537818     
   908571.57100934361     
   908557.32539005892     
   908570.54159849731     
   908542.47638623929     
   908643.56102784746     
   908623.71522687783     
   908610.71847609559     
   908662.33239486930     
   908660.56678160687     
   908753.38236945157     
   908717.15985455911     
   908682.29717083811     
   908622.05255611124     
   908578.98907176836     
   908486.35026718641     
   908494.45541938813     
   908595.69091106171     
   908656.71593155048     
   908759.45737456437     
   908787.16548672237     
   908706.36861285020     
   908744.39690473140     
   908762.69704313739     
   908846.05820124410     
   908750.24980910192     
   908801.15152794472     
   908788.49781089881     
   908907.05650719034     
   908771.71335893869     
   908801.80508520023     
   908729.12496937427     
   908779.80896686262     
   908718.96175235242     
   908657.33821359742     
   908611.33965948329     
   908618.96857182949     
   908596.95082357817     
   908573.91966950346     
   908612.11627610167     
   908678.20594143204     
   908613.04998086335     
   908543.65817282093     
   908519.22887098475     
   908574.65475242445     
   908452.39496239589     
   908556.41504465498     
   908507.37605277041     
   908514.16615213896     
   908538.75087151246     
   908477.26677894942     
   908398.45123210864     
   908301.88671511668     
   908307.52251229715     
   908405.97518831864     
   908293.37038698967     
   908280.77419003518     
   908200.25436073134     
   908211.26372620300     
   908299.46325993340     
   908312.25950972282     
   908260.57307078294     
   908163.97346149397     
   908113.28682302777     
   908215.57149521878     
   908256.64028328785     
   908270.10320259084     
   908237.75582845020     
   908156.05618318275     
   908033.54628739820     
   908019.23892206815     
   908050.31413811387     
   908040.17045287683     
   907968.55216333352     
   908058.72147468489     
   907942.68444560340     
   907948.59833755787     
   907905.35988507560     
   907834.93621980399     
   907733.45740899316     
   907643.97539536795     
   907611.10352993058     
   907697.81894285523     
   907694.14648231224     
   907630.26454409957     
   907621.66470062896     
   907633.23176494706     
   907659.30705999793     
   907607.68862088933     
   907574.04332221660     
   907525.27473423129     
   907541.34730404487     
   907628.96004613687     
   907653.53568957269     
   907536.85530091415     
   907478.30963472847     
   907500.70902126050     
   907516.54907003813     
   907557.02576221887     
   907609.11097330879     
   907499.93536696909     
   907460.21568767598     
   907538.46977341059     
   907542.54784175404     
   907482.43808561598     
   907537.44715990638     
   907410.48967240774     
   907378.27606678265     
   907234.13978269137     
   907197.70929574361     
   907158.91201053769     
   907132.33686097979     
   907158.73047678685     
   907184.20024430251     
   907216.25409452256     
   907182.15141038375     
   907055.98004299891     
   906969.58852953417     
   906931.79555026314     
   906888.43541299994     
   906825.73440239334     
   906897.54727753485     
   906895.67005822272     
   906916.20142575877     
   906838.02821761160     
   906919.87007012486     
   906856.08179682726     
   906844.78736655810     
   906790.70109661168     
   906856.16584782570     
   906761.58033516654     
   906763.62747914274     
   906771.27687497623     
   906826.17345275648     
   906819.69804353022     
   906767.81312144012     
   906718.65650634142     
   906731.65637507453     
   906779.66016517521     
   906775.48944227269     
   906722.88258558442     
   906689.18624703248     
   906714.89139944979     
   906617.72610924440     
   906595.50262287364     
   906626.06177877018     
   906633.54113060492     
   906639.85511230491     
   906659.63389124232     
   906572.21367925266     
   906637.71384749969     
   906599.24007583014     
   906607.71529440582     
   906569.23111907847     
   906601.91934517666     
   906563.91386374331     
   906638.90872661967     
   906632.68250543356     
   906630.66125615907     
   906545.53573873604     
   906509.26971370948     
   906488.11900224676     
   906486.72829463077     
   906416.17381736706     
   906317.89980858262     
   906332.24272406590     
   906347.17462247040     
   906428.73302605853     
   906401.55568228802     
   906338.07894250879     
   906280.64631875500     
   906356.86283735128     
   906369.09032684669     
   906399.73341283062     
   906297.67355297424     
   906340.83135662274     
   906356.88794996217     
   906286.05762187822     
   906281.10077178932     
   906224.86937414692     
   906143.89548654517     
   906101.43680078292     
   906115.52197256114     
   906101.21554415335     
   906101.46947352134     
   906181.22321008751     
   906196.31577514904     
   906227.22807450581     
   906242.60396132641     
   906177.53551459627     
   906254.79817318288     
   906149.11529793055     
   906088.86609606666     
   906196.49598145694     
   906164.94362976938     
   906189.04429643101     
   906077.81229538168     
   906069.63279041869     
   906026.56711667881     
   906095.30779809353     
   905987.91535745189     
   905876.34095377079     
   905716.33364376379     
   905767.21961062786     
   905727.62957549002     
   905660.70029059751     
   905646.96324328112     
   905615.41922840069     
   905621.19571253506     
   905555.28230756917     
   905565.75631930889     
   905616.48297906003     
   905625.26073904731     
   905616.61499855143     
   905594.48088165303     
   905681.34420143964     
   905615.59073157492     
   905642.13340349460     
   905431.55124648788     
   905529.85943607555     
   905501.87320680474     
   905412.95086594892     
   905416.87878387817     
   905418.80764766026     
   905340.57946986530     
   905350.03560382489     
   905385.88402264612     
   905443.78487354412     
   905445.95107850479     
   905374.35121374507     
   905439.97879044397     
   905443.93830111402     
   905430.27362610621     
   905543.21595552575     
   905438.30790015485     
   905312.79113115405     
   905244.60172077711     
   905165.72776593280     
   905220.47063787351     
   905123.25310944545     
   905142.10848438099     
   905127.21584573202     
   905138.64667294093     
   905067.09538799874     
   905077.49565714656     
   905149.51466362923     
   905155.84865216759     
   905223.57410117716     
   905016.53706355847     
   904976.18822477828     
   905068.85694486066     
   905041.65888341842     
   904939.95383343601     
   904938.38158628740     
   905048.82205443515     
   905064.20366680552     
   904979.68776972045     
   904960.32381735556     
   904952.16754717135     
   904984.54496971995     
   904857.13707381149     
   904739.01791267633     
   904636.92261596106     
   904705.99410871591     
   904668.50808355899     
   904672.66303654411     
   904720.91883751098     
   904679.62362420734     
   904540.17236312525     
   904563.70164628176     
   904560.43901251128     
   904567.41897717223     
   904669.24488610891     
   904609.43088058254     
   904668.34703894798     
   904640.16397037124     
   904603.03251020238     
   904577.92492179957     
   904574.22077449248     
   904604.56093181018     
   904460.04521043459     
   904449.64163157204     
   904414.91015135066     
   904428.86686516658     
   904428.12993240508     
   904354.47270050633     
   904234.04675619735     
   904144.13251399272     
   904185.28202236781     
   904209.96932194591     
   904308.56677324546     
   904336.20169373543     
   904293.92223424127     
   904239.27271538856     
   904268.35317248164     
   904293.35141184728     
