2451


0	-0.51608230494776
0.02	-0.51608678676016
0.04	-0.51610022158952
0.06	-0.51612259352408
0.08	-0.51615388665208
0.1	-0.51619405323824
0.12	-0.51624306676296
0.14	-0.516301738726
0.16	-0.51636825518672
0.18	-0.51644342234096
0.2	-0.516527155326
0.22	-0.43712783359256
0.24	-0.44975513052472
0.26	-0.46911113948648
0.28	-0.5112549792872
0.3	-0.5525482771728
0.32	-0.5576991260416
0.34	-0.5879510945456
0.36	-0.6019282497256
0.38	-0.6050495536064
0.4	-0.5977592625272
0.42	-0.6226900732912
0.44	-0.5991826224984
0.46	-0.5591441790456
0.48	-0.54983219278
0.5	-0.5484448994648
0.52	-0.5375608313112
0.54	-0.5350906896888
0.56	-0.5299288086664
0.58	-0.52601721009776
0.6	-0.52496262107632
0.62	-0.5228016396468
0.64	-0.51683577982296
0.66	-0.52296947689128
0.68	-0.52658439008688
0.7	-0.52086771903248
0.72	-0.516746737614
0.74	-0.51409184985016
0.76	-0.51579373987624
0.78	-0.51143673401776
0.8	-0.51038286102552
0.82	-0.51134685909336
0.84	-0.51347935847248
0.86	-0.51305833330288
0.88	-0.51347872200208
0.9	-0.514752463694
0.92	-0.517339318076
0.94	-0.5212172261448
0.96	-0.52167357011768
0.98	-0.51873312460496
1	-0.5222310174136
1.02	-0.5197946882812
1.04	-0.52347572544744
1.06	-0.5213806929592
1.08	-0.51820442455544
1.1	-0.5207789897548
1.12	-0.5217975545516
1.14	-0.52275303452392
1.16	-0.52623485645496
1.18	-0.52646680218048
1.2	-0.52653397102336
1.22	-0.52719398022032
1.24	-0.52854113877288
1.26	-0.5281815383008
1.28	-0.52421276347456
1.3	-0.51069628026616
1.32	-0.47906554715032
1.34	-0.47317726776432
1.36	-0.50597712275008
1.38	-0.52459464041064
1.4	-0.52820908155736
1.42	-0.52959512314744
1.44	-0.52902428345352
1.46	-0.5190265745868
1.48	-0.4831231467248
1.5	-0.35595234573736
1.52	-0.017952449054312
1.54	0.19876496951944
1.56	-0.0734942448328
1.58	-0.38995742107256
1.6	-0.4894698969556
1.62	-0.51736258637304
1.64	-0.52692396826096
1.66	-0.5308280352632
1.68	-0.5313084112976
1.7	-0.5315518612256
1.72	-0.5314219682248
1.74	-0.528231448188
1.76	-0.5261291599372
1.78	-0.52607763765832
1.8	-0.52577786540384
1.82	-0.5254275573996
1.84	-0.52437636288696
1.86	-0.52195655016144
1.88	-0.52161709397752
1.9	-0.51876706969296
1.92	-0.51754400165272
1.94	-0.51851470917936
1.96	-0.513953295548
1.98	-0.50929697887608
2	-0.50133955543536
2.02	-0.48531298678304
2.04	-0.45900597850448
2.06	-0.44942270733872
2.08	-0.45776724268456
2.1	-0.40360346843872
2.12	-0.21812259087288
2.14	0.26830299390464
2.16	1.3739961756032
2.18	2.9226930803232
2.2	1.9627750529432
2.22	0.33231630140416
2.24	-0.200062801616
2.26	-0.38719325134104
2.28	-0.45065436242544
2.3	-0.47017647424984
2.32	-0.48048173091776
2.34	-0.48630522292096
2.36	-0.48760621615384
2.38	-0.48813006311656
2.4	-0.48748969963928
2.42	-0.48749616511776
2.44	-0.48424464469704
2.46	-0.48572063016248
2.48	-0.48486258320056
2.5	-0.47893166029776
2.52	-0.45366498410368
2.54	-0.3933715384648
2.56	-0.32088940355816
2.58	-0.35093936696504
2.6	-0.351325826488
2.62	-0.20245611065328
2.64	0.25365674921664
2.66	1.5106208055888
2.68	2.0331748847696
2.7	0.5431295229976
2.72	-0.1691704378112
2.74	-0.37380627394728
2.76	-0.45192826323496
2.78	-0.47679128459744
2.8	-0.48390171444552
2.82	-0.48916888888776
2.84	-0.48670171215664
2.86	-0.48616226106128
2.88	-0.47805229157744
2.9	-0.46966204174512
2.92	-0.47337091918744
2.94	-0.46945031986656
2.96	-0.45417081895408
2.98	-0.41784413827608
3	-0.32191286917704
3.02	-0.08345488990656
3.04	0.5337338408744
3.06	2.373865662148
3.08	5.953385534392
3.1	4.6799796336472
3.12	1.3347063274192
3.14	0.16491090209056
3.16	-0.20108808117552
3.18	-0.35061561568824
3.2	-0.40305209943512
3.22	-0.42216268010672
3.24	-0.42824445710216
3.26	-0.42719520912816
3.28	-0.42351844692144
3.3	-0.41106445027136
3.32	-0.3771445399796
3.34	-0.2900676455364
3.36	-0.2155800560464
3.38	-0.24683937686032
3.4	-0.24520047088424
3.42	-0.06798651109896
3.44	0.37265323886672
3.46	0.43028239819552
3.48	-0.06742691571544
3.5	-0.2933120268808
3.52	-0.36085417025824
3.54	-0.37387722448512
3.56	-0.37119005706416
3.58	-0.37252460289496
3.6	-0.37992657331368
3.62	-0.38651698032536
3.64	-0.38357546872472
3.66	-0.36738486043464
3.68	-0.3375739022708
3.7	-0.27312036941128
3.72	-0.14947468094992
3.74	0.15218908400008
3.76	1.0117392351912
3.78	2.2840256375416
3.8	1.0231463759352
3.82	0.1029983871364
3.84	-0.18639431336432
3.86	-0.2884977912948
3.88	-0.33373104250536
3.9	-0.34465267832432
3.92	-0.32868134469488
3.94	-0.34493221082008
3.96	-0.36788326449312
3.98	-0.36347409988536
4	-0.33602061747528
4.02	-0.34221571272152
4.04	-0.37717967314568
4.06	-0.3874625472712
4.08	-0.39228649433472
4.1	-0.39102401816888
4.12	-0.39615945915008
4.14	-0.39501608781176
4.16	-0.38458155339776
4.18	-0.37552916219264
4.2	-0.36671654529896
4.22	-0.36319485380128
4.24	-0.35456356732456
4.26	-0.32652684995952
4.28	-0.25971604819912
4.3	-0.0912008513608
4.32	0.3400193011064
4.34	1.7721953950912
4.36	6.750548798632
4.38	2.8298585685632
4.4	0.52885777218904
4.42	-0.040171607911456
4.44	-0.24119964446944
4.46	-0.32003340390936
4.48	-0.34781360248752
4.5	-0.3490397574092
4.52	-0.34263264326488
4.54	-0.31340114896888
4.56	-0.26398879598448
4.58	-0.22364135676032
4.6	-0.08071233895296
4.62	0.51349820860416
4.64	0.3149436402872
4.66	-0.1851646472476
4.68	-0.29258095045976
4.7	-0.33183546392872
4.72	-0.33998209941152
4.74	-0.33555173503552
4.76	-0.34725177415368
4.78	-0.34469301463592
4.8	-0.32752372172352
4.82	-0.2885918828356
4.84	-0.18120070429248
4.86	0.14159762250504
4.88	0.76849557664
4.9	-0.021448693404616
4.92	-0.251918034074
4.94	-0.326058084206
4.96	-0.35653534731984
4.98	-0.37066979024744
5	-0.37137137687328
5.02	-0.34579287261456
5.04	-0.3264415841416
5.06	-0.27501573583112
5.08	-0.18886207352664
5.1	0.17908113587032
5.12	0.704989886108
5.14	-0.06147059764368
5.16	-0.24952906364328
5.18	-0.32872033911472
5.2	-0.3585480152344
5.22	-0.36429365099592
5.24	-0.34852160685656
5.26	-0.31080969078432
5.28	-0.23064306685624
5.3	-0.049700974807864
5.32	0.43809412825776
5.34	1.9521969148952
5.36	0.8503827444808
5.38	0.022339966773376
5.4	-0.18251581125648
5.42	-0.2617028648076
5.44	-0.28549865790728
5.46	-0.28642428741784
5.48	-0.2690018012764
5.5	-0.21234817604144
5.52	-0.17835967545624
5.54	-0.10943438642904
5.56	0.1249890759268
5.58	-0.09838854871544
5.6	-0.2157131844384
5.62	-0.24458314763544
5.64	-0.24741378078848
5.66	-0.23832988429856
5.68	-0.21587185650912
5.7	-0.16133663283392
5.72	-0.05976383861904
5.74	0.1684346515092
5.76	0.8379495073736
5.78	1.0884203933952
5.8	0.1975852345056
5.82	-0.045523877385392
5.84	-0.14779438318216
5.86	-0.19952880825432
5.88	-0.21538238955584
5.9	-0.19903074364672
5.92	-0.13234204873256
5.94	-0.18987053965976
5.96	-0.25228276874064
5.98	-0.2760385119404
6	-0.28362294781496
6.02	-0.28568391852896
6.04	-0.28291751584712
6.06	-0.28189637864912
6.08	-0.26581882871776
6.1	-0.23560059844888
6.12	-0.16571144395184
6.14	0.0014157160147352
6.16	0.50470009262776
6.18	0.5807140548232
6.2	-0.013245621561056
6.22	-0.15905732625312
6.24	-0.20518118519048
6.26	-0.2124813203452
6.28	-0.18972944477992
6.3	-0.12266593775112
6.32	-0.014770225409176
6.34	0.18532085829944
6.36	0.666605417068
6.38	0.16495897682144
6.4	-0.08981309130064
6.42	-0.16529187736024
6.44	-0.1939918287056
6.46	-0.19241485660336
6.48	-0.16176154047296
6.5	-0.0905885933556
6.52	0.10349265413728
6.54	0.6121871448288
6.56	0.3291389191772
6.58	-0.030830026302648
6.6	-0.13538724136136
6.62	-0.18297104140616
6.64	-0.20065765745968
6.66	-0.19938672154144
6.68	-0.1704149761196
6.7	-0.15752553294144
6.72	-0.07293675510552
6.74	-0.13332365051088
6.76	-0.19418497625632
6.78	-0.19816735033344
6.8	-0.17145192960704
6.82	-0.11584188775952
6.84	0.0044544923854328
6.86	0.26754745050064
6.88	1.023905313848
6.9	2.2723126727704
6.92	0.8756373065216
6.94	0.2246223644996
6.96	0.015213963025
6.98	-0.06603869951816
7	-0.07361542349304
7.02	-0.019274639933864
7.04	0.11354986768248
7.06	0.51740597243864
7.08	0.5050392093608
7.1	0.048517286782448
7.12	-0.09259451468392
7.14	-0.15466203670008
7.16	-0.1754095980248
7.18	-0.1699563196376
7.2	-0.14133647869992
7.22	-0.045204439786728
7.24	0.048358207370672
7.26	-0.10275381277736
7.28	-0.16574980190128
7.3	-0.19225332571976
7.32	-0.21495341911408
7.34	-0.22431163965032
7.36	-0.22901923992472
7.38	-0.22651871744856
7.4	-0.22121523767392
7.42	-0.21206449588024
7.44	-0.19596546507288
7.46	-0.16743236444288
7.48	-0.11087135095504
7.5	-0.02489781507768
7.52	0.16039429067144
7.54	0.6688830263944
7.56	1.3291001900576
7.58	0.47198952383128
7.6	0.0946681564628
7.62	-0.038907710295056
7.64	-0.094096977318
7.66	-0.08833765744288
7.68	-0.048912707278248
7.7	0.039057209766528
7.72	0.09759628096936
7.74	-0.06253230982968
7.76	-0.10519112313496
7.78	-0.1072828937124
7.8	-0.07828979470864
7.82	-0.008742867163328
7.84	0.14878287475256
7.86	0.50126314716384
7.88	0.35993457130472
7.9	0.05067038711724
7.92	-0.05337961619344
7.94	-0.10436177568416
7.96	-0.12263455445648
7.98	-0.1232432906588
8	-0.14485773527616
8.02	-0.15391829451808
8.04	-0.18093225698952
8.059999	-0.19566769770016
8.08	-0.20557262509432
8.099999	-0.20493635093936
8.12	-0.204115261692
8.139999	-0.21042365927728
8.16	-0.20845607998664
8.179999	-0.19751285190936
8.2	-0.18620532408688
8.22	-0.16631812753712
8.24	-0.13074887315472
8.26	-0.06799621727256
8.28	0.051571046833224
8.3	0.31953093704816
8.32	0.25934670972992
8.34	6.89580672528E-4
8.36	-0.07775427912192
8.38	-0.10422719401808
8.4	-0.10598340148888
8.42	-0.07242614672712
8.44	0.014516220680376
8.46	0.0162537700214
8.48	-0.09873127211408
8.5	-0.13746993693168
8.52	-0.15174290764184
8.54	-0.14885054216392
8.559999	-0.15062975273576
8.58	-0.17384646384984
8.599999	-0.1804482689856
8.62	-0.17956215898296
8.639999	-0.16844211942856
8.66	-0.15080909948664
8.679999	-0.11368752031824
8.7	-0.033453827791368
8.72	0.13791004560544
8.74	0.09627481460528
8.76	-0.039445593551664
8.78	-0.06720384344808
8.8	-0.050500728506632
8.82	0.012807262650504
8.84	0.10425349085344
8.86	0.23751415731432
8.88	0.09921145190344
8.9	-0.02359767312396
8.92	-0.06053737291968
8.94	-0.06289167162536
8.96	-0.043041370203904
8.98	0.022837668062456
9	0.07603517257152
9.02	-0.0270523389846
9.04	-0.07617508998112
9.059999	-0.09673457430264
9.08	-0.09530099898152
9.099999	-0.09583467941192
9.12	-0.11507028938968
9.139999	-0.11745997054568
9.16	-0.10913029147976
9.179999	-0.08971049227216
9.2	-0.042589975318776
9.22	0.05740457544424
9.24	0.27168264642472
9.26	0.4608122868036
9.28	0.17409419404128
9.3	0.039875451869632
9.32	-0.0037611883610648
9.34	0.004818526192084
9.36	0.05358627813232
9.38	0.12791186468984
9.4	0.05858973106432
9.42	-0.02449521837812
9.44	-0.037939459013768
9.46	-0.021028988911096
9.48	0.035651476811024
9.5	0.15059212672728
9.52	0.15606585703
9.54	0.009248928491112
9.559999	-0.049909047059072
9.58	-0.07265127691544
9.599999	-0.0733379383104
9.62	-0.0887321683164
9.639999	-0.10279459992216
9.66	-0.09895805712544
9.679999	-0.0834523811524
9.7	-0.052743237551256
9.719999	0.013602506956488
9.74	0.15493780871656
9.76	0.2856133339616
9.78	0.12647343628192
9.8	0.05501404035712
9.82	0.0653430214592
9.84	0.142313588058
9.86	0.33841142306232
9.88	0.5372368678776
9.9	0.2571162999876
9.92	0.07964109562272
9.94	0.022155406799528
9.96	0.005640042139808
9.98	0.026618920145136
10	0.05445203699392
10.02	-0.019484990749104
10.04	-0.05658920912656
10.059999	-0.07256910328288
10.08	-0.06357435508032
10.099999	-0.07134701646784
10.12	-0.0884877371632
10.139999	-0.09758635733504
10.16	-0.08764238778576
10.179999	-0.0629644785352
10.2	-0.007250289444952
10.219999	0.1018015575884
10.24	0.15335716099776
10.26	0.040803638400024
10.28	0.0025634593743112
10.3	0.013433884201456
10.32	0.08457948006416
10.34	0.18942233190016
10.36	0.16049225937776
10.38	0.028119368880792
10.4	-0.019032596605448
10.42	-0.019425827643072
10.44	0.017178920587984
10.46	0.08575063333544
10.48	0.020813295987632
10.5	-0.05930351670616
10.52	-0.10454332886576
10.54	-0.1284347410352
10.559999	-0.1356649652204
10.58	-0.14013941047552
10.599999	-0.14122257701792
10.62	-0.13827554403656
10.639999	-0.12763730196712
10.66	-0.10796657960824
10.679999	-0.08011073121912
10.7	-0.07100191691304
10.719999	-0.07820931833048
10.74	-0.06106220641152
10.76	-0.012879237375296
10.78	0.06558423843688
10.8	0.13780373383296
10.82	0.047825180913608
10.84	-0.015491504959584
10.86	-0.028860538661592
10.88	-0.015250062565304
10.9	0.022031299314664
10.92	0.016601226107856
10.94	-0.034956555621448
10.96	-0.05683246811344
10.98	-0.06365596119344
11	-0.06116391438144
11.02	-0.06421323876392
11.04	-0.06443665048216
11.059999	-0.0662618460404
11.08	-0.041130694549376
11.099999	0.0043448186171824
11.12	0.06481588606608
11.139999	0.049010826615896
11.16	0.011226175767128
11.179999	0.019121191693952
11.2	0.06657614573176
11.219999	0.16428324150168
11.24	0.17093863744512
11.259999	0.06213302542816
11.28	0.014032032718672
11.3	0.011635487229408
11.32	0.026586549260592
11.34	0.047039948287016
11.36	-0.0040476801302568
11.38	-0.038897411673592
11.4	-0.052822978806104
11.42	-0.06445693267224
11.44	-0.06345431145896
11.46	-0.06536138363024
11.48	-0.050359785849296
11.5	-0.01942366576528
11.52	0.042584183968528
11.54	0.12336878670992
11.559999	0.08651927742184
11.58	0.015755921283344
11.599999	-0.009468028652784
11.62	0.001483382047076
11.639999	0.018692362336464
11.66	-0.005117768584956
11.679999	-0.046334797426936
11.7	-0.06612241659144
11.719999	-0.07685372654512
11.74	-0.07632363686856
11.759999	-0.08048381425584
11.78	-0.0816085264036
11.8	-0.06916788502408
11.82	-0.05405823154176
11.84	-0.044250208357176
11.86	-0.05628494445184
11.88	-0.0706948093372
11.9	-0.08319460003256
11.92	-0.08413299607856
11.94	-0.08136081212392
11.96	-0.06921419885352
11.98	-0.047891994393848
12	-0.014399066634632
12.02	0.042798087879776
12.04	0.12053847179208
12.059999	0.11881413557656
12.08	0.03732902078352
12.099999	0.0036846861040824
12.12	0.007484005088576
12.139999	0.037049320683888
12.16	0.019154623362496
12.179999	-0.019720282717752
12.2	-0.037190877004768
12.219999	-0.044185588578248
12.24	-0.05913029067896
12.259999	-0.07293532835104
12.28	-0.06885299129368
12.3	-0.07220756157608
12.32	-0.05921661728088
12.34	-0.042568330021256
12.36	-0.032900287893312
12.38	-0.0114454217866
12.4	0.031898208210264
12.42	0.09922809030048
12.44	0.14332752783656
12.46	0.07669100227952
12.48	0.031921598497464
12.5	0.021396719762144
12.52	0.046156445161056
12.54	0.05237822814156
12.559999	0.006170789502448
12.58	-0.023079744805568
12.599999	-0.03738660544296
12.62	-0.035878134528304
12.639999	-0.033158516664
12.66	-0.031241862430848
12.679999	-0.012785723961776
12.7	0.029718652983296
12.719999	0.067212202426
12.74	0.05556019560736
12.759999	0.042794615403352
12.78	0.06644352651608
12.799999	0.1260729054592
12.82	0.14257151238368
12.84	0.06608608473944
12.86	0.016707752689096
12.88	-2.5548337152936E-4
12.9	0.005060628659208
12.92	-0.011784207555032
12.94	-0.03625604307144
12.96	-0.042992349784088
12.98	-0.046274335921288
13	-0.04984373140584
13.02	-0.049416981715384
13.04	-0.04034067937812
13.059999	-0.023755537407664
13.08	0.012831335021816
13.099999	0.017576847716376
13.12	0.009261981438232
13.139999	0.016250528795888
13.16	0.044259370348584
13.179999	0.0774107654392
13.2	0.05888093218408
13.219999	0.034121709596784
13.24	0.039141005337824
13.259999	0.07393715928024
13.28	0.07813128175552
13.299999	0.037599308016328
13.32	0.016015746533952
13.34	0.014710686255216
13.36	0.0132363566736
13.38	-0.0021067895816256
13.4	-0.015407897147056
13.42	-0.009461681982112
13.44	6.519324406232E-4
13.46	0.004861445512724
13.48	0.011082806566392
13.5	0.03642319345828
13.52	0.08495173038544
13.54	0.11426222656984
13.559999	0.06466337184648
13.58	0.013868719717952
13.599999	-0.009276978272032
13.62	-0.022997293777992
13.639999	-0.0329925172278
13.66	-0.046718402380152
13.679999	-0.045302789314504
13.7	-0.049956594049912
13.719999	-0.0537943721296
13.74	-0.050285782905496
13.759999	-0.042400765928656
13.78	-0.024809658092968
13.799999	-0.0021952753032992
13.82	0.0029161927020496
13.84	0.019140275198112
13.86	0.05848801248656
13.88	0.102436330734
13.9	0.08161043051088
13.92	0.025117200059856
13.94	0.0042249396294992
13.96	-0.005389620208968
13.98	-0.01287255019296
14	-0.017617854973856
14.02	-0.01608689278644
14.04	-0.012169883689008
14.059999	-0.01061999658464
14.08	-0.017944977422208
14.099999	-0.02179345987324
14.12	-0.012418596166432
14.139999	-0.0048326252313456
14.16	-0.016779048512128
14.179999	-0.027573889880352
14.2	-0.025363281262568
14.219999	-0.01845898879568
14.24	-0.0217361138902
14.259999	-0.027835238416784
14.28	-0.019229058045384
14.299999	-0.005661813670624
14.32	-0.014496254603928
14.34	-0.02795936764772
14.36	-0.041057497801416
14.38	-0.047496483731408
14.4	-0.048927581061104
14.42	-0.044557300021256
14.44	-0.036759211641256
14.46	-0.028031904588032
14.48	-0.01124605008576
14.5	0.002272296389736
14.52	0.033627262262624
14.54	0.07373177558608
14.559999	0.09184420094504
14.58	0.05785926459408
14.599999	0.025825228296536
14.62	0.021546447832568
14.639999	0.01822361143392
14.66	6.048161811264E-4
14.679999	-0.018744181104472
14.7	-0.0271491222648
14.719999	-0.034884720389752
14.74	-0.044207366473768
14.759999	-0.05322015383864
14.78	-0.05779239807464
14.799999	-0.0552102535736
14.82	-0.045516301266064
14.839999	-0.033923876032744
14.86	-0.016811043879136
14.88	-0.010291788423864
14.9	-0.020432861717792
14.92	-0.030547354947032
14.94	-0.03180088817336
14.96	-0.028961435131752
14.98	-0.036799077495152
15	-0.04705154636888
15.02	-0.05554041198576
15.04	-0.05777384496248
15.059999	-0.05791383662696
15.08	-0.049585524911616
15.099999	-0.041961057700856
15.12	-0.035893017858216
15.139999	-0.035112789480144
15.16	-0.025817503667448
15.179999	-0.009473518209984
15.2	-0.0089395715228
15.219999	-0.009998672588984
15.24	-0.006635364098384
15.259999	0.011918141082088
15.28	0.014271672840936
15.299999	0.010607880840184
15.32	0.010835058872016
15.339999	0.01969769014012
15.36	0.0160490519692
15.38	0.016538728957712
15.4	0.006400995011816
15.42	0.017670132530944
15.44	0.026686096413504
15.46	0.034527122147472
15.48	0.06116177690168
15.5	0.08754777115688
15.52	0.06970747402136
15.54	0.04420523748028
15.559999	0.021621340774144
15.58	0.013762755882624
15.599999	0.004464296734592
15.62	-0.0040298596485664
15.639999	-0.009116974387
15.66	-0.01085870746012
15.679999	-0.009294134331664
15.7	-0.0013412988347832
15.719999	0.017469960998968
15.74	0.029356196350296
15.759999	0.033608118824168
15.78	0.040634107613888
15.799999	0.056793447174
15.82	0.05342896386512
15.839999	0.031034653127424
15.86	0.01967060567264
15.88	0.008724414295256
15.9	-0.0010989738682152
15.92	1.62598695294E-4
15.94	0.0049847739578184
15.96	0.007048203728248
15.98	0.0039333249100576
16	0.0014620367923104
16.02	0.0046392995219528
16.039999	0.00824139266556
16.059999	0.009885214845088
16.08	0.019018115312672
16.1	0.031663929820728
16.119999	0.032447516640944
16.139999	0.025447513876872
16.16	0.026338597895688
16.18	0.032766338984888
16.199999	0.020654008662192
16.219999	0.00191541391146
16.24	-0.011587732855296
16.26	-0.017976705471648
16.279999	-0.02581676695296
16.299999	-0.025677059578592
16.32	-0.021665702761024
16.34	-0.019588934851696
16.359999	-0.007578090795064
16.379999	0.012416958315936
16.4	0.024429870901368
16.42	0.018145178125744
16.440001	0.013436866595672
16.459999	0.015057291062512
16.48	0.015469951950272
16.5	0.006029731750048
16.52	0.007434506785568
16.539999	0.0039766549662624
16.559999	9.910571825824E-4
16.58	0.003335110995508
16.6	0.007326110572528
16.619999	0.012150619321176
16.639999	0.013159657216872
16.66	0.023727292442488
16.68	0.030221684181584
16.699999	0.029603428503648
16.719999	0.015838831630392
16.74	0.0051990152514176
16.76	-0.0013939928556696
16.779999	-0.011963711832336
16.799999	-0.019670733497112
16.82	-0.023144193798272
16.84	-0.03002735809984
16.859999	-0.03244943029528
16.879999	-0.022106413960096
16.9	-0.020577311327032
16.92	-0.014024451825816
16.940001	-0.011343861796048
16.959999	-0.007939450047016
16.98	-0.003498660285864
17	-0.009370933502088
17.02	-0.0038634765267936
17.039999	-0.0021152659352952
17.059999	-0.0036895899493968
17.08	-0.006590514150864
17.1	-0.010845786580608
17.119999	-0.019543431461232
17.139999	-0.018696465448976
17.16	-0.019278430645488
17.18	-0.01647360159364
17.199999	-0.007875407334584
17.219999	0.0051236424641992
17.24	0.021590297460776
17.26	0.018961921871448
17.279999	0.009524766806592
17.299999	0.009062904104952
17.32	-0.001753270955492
17.34	-0.007750001980496
17.359999	-0.0134121948814
17.379999	-0.021236668141832
17.4	-0.029046053871432
17.42	-0.025220855098808
17.440001	-0.0234884362396
17.459999	-0.020307547060736
17.48	-0.006070231422384
17.5	-0.0045884215632744
17.52	0.010749660986488
17.539999	0.007314159249592
17.559999	0.0020073243742776
17.58	-0.007490565507224
17.6	-0.00941417158832
17.619999	-0.006684854975904
17.639999	-0.008222109203616
17.66	0.0018640365356744
17.68	-0.005494215102544
17.699999	-0.005984856874104
17.719999	-0.009217574898424
17.74	-8.850625314792E-4
17.76	-0.0044867317858
17.779999	-0.005499105847176
17.799999	-0.0050976824807984
17.82	-0.009399537542648
17.84	-0.0013817603188952
17.859999	0.0047394872292832
17.879999	-0.0040365304417896
17.9	-0.011008993502928
17.92	-0.010168498273072
17.940001	-0.01270219358648
17.959999	-0.020186679210208
17.98	-0.011326822953048
18	-0.001440493489172
18.02	-0.0025040041283656
18.039999	-4.4533773423312E-4
18.059999	0.0033854953713912
18.08	-5.621757936392E-4
18.1	-0.0040946635265576
18.119999	-0.0019370388949664
18.139999	-0.0036833819762328
18.16	0.002356082944368
18.18	0.0010136701272672
18.199999	-0.0046633992084528
18.219999	-0.0041773356215192
18.24	-0.004560279388068
18.26	-0.009907382578728
18.279999	-0.00545123902996
18.299999	-0.00661998432156
18.32	-0.0035964729508576
18.34	-0.006761352883672
18.359999	-0.006810564244608
18.379999	-0.009047738606496
18.4	-0.016248423139648
18.42	-0.016544012192424
18.440001	-0.013477506291496
18.459999	-0.015357256910072
18.48	-0.015063492405776
18.5	-0.01232972845644
18.52	-0.009915018632352
18.539999	0.002666259898712
18.559999	0.011996631142208
18.58	0.020585915346056
18.6	0.02222845291616
18.619999	0.022700084908048
18.639999	0.029147491341432
18.66	0.023334024277424
18.68	0.015443183596424
18.699999	0.007206047326664
18.719999	0.008224456188216
18.74	0.005583594110424
18.76	0.008395652935624
18.779999	0.01306640316504
18.799999	0.013446623686904
18.82	0.015397242102168
18.84	0.025454606809088
18.859999	0.024608547767152
18.879999	0.022993953899568
18.9	0.013187138417568
18.92	0.0025587602603088
18.939999	0.0017064412137536
18.959999	0.0041718954968536
18.98	7.820930241872E-4
19	0.00454987893134
19.02	0.008978769082776
19.039999	0.013858638026816
19.059999	0.016215137859296
19.08	0.020409016884648
19.1	0.019842217186592
19.119999	0.016264922043592
19.139999	0.012983075399488
19.16	0.010680761474512
19.18	0.012939991657328
19.199999	0.010294302481944
19.219999	3.1542899670248E-4
19.24	-0.006095140752272
19.26	-0.009516493221784
19.279999	-0.01015266554148
19.299999	-0.007011362699928
19.32	8.198355597896E-4
19.34	0.0013828488423968
19.359999	-0.0028385263407056
19.379999	-0.0028006575718072
19.4	-0.0011419017281664
19.42	-0.007061316609664
19.439999	-0.00729687059196
19.459999	-0.01065954526412
19.48	-0.013009954605264
19.5	-0.005605714108784
19.52	-2.0261105937216E-4
19.539999	7.224832220128E-4
19.559999	0.00536241162976
19.58	0.009910281171008
19.6	0.00807799215016
19.619999	0.003416327005312
19.639999	0.00690927337816
19.66	0.006931276159888
19.68	0.0023962674047384
19.699999	-0.0049021263669672
19.719999	-0.0035970537300976
19.74	0.0025836043519808
19.76	0.007211983473928
19.779999	-0.002294179568068
19.799999	0.007427723071888
19.82	0.0036097954962312
19.84	-0.0041209017536016
19.859999	-0.0039000547989168
19.879999	-0.0039621658236848
19.9	-0.010047506841208
19.92	-0.01627079295264
19.939999	-0.010062757202384
19.959999	-0.01168888762636
19.98	-0.004614153690272
20	-0.0050497233223352
20.02	-0.0032738989321408
20.039999	0.0042276598509496
20.059999	2.3150941975688E-4
20.08	-0.0010713526970704
20.1	0.004741514334468
20.119999	0.006173933666224
20.139999	0.002509695870996
20.16	0.0016534400958992
20.18	8.8263726102E-4
20.199999	-0.0050689571926272
20.219999	-0.0010267136864488
20.24	-0.0016477840486504
20.26	6.356285087784E-4
20.279999	0.0042678057518216
20.299999	0.0037758822879936
20.32	-7.923639591888E-4
20.34	-0.0041159383452656
20.359999	-0.0011013048349768
20.379999	-0.006686029794184
20.4	-0.007739133718024
20.42	-0.012423044033744
20.439999	-0.015497504223496
20.459999	-0.013475947469408
20.48	-0.016147737235112
20.5	-0.013698271884048
20.52	-0.01147192547484
20.539999	-0.010957566164216
20.559999	-0.0043043747420848
20.58	-0.0026334769526232
20.6	-0.0038846932145384
20.619999	-0.005839839745424
20.639999	-0.001926033950476
20.66	6.67358043316E-5
20.68	3.0518686198648E-4
20.699999	0.0046346820352792
20.719999	0.0039543066341464
20.74	0.0019667992961648
20.76	0.0038082346088176
20.779999	0.006177887208192
20.799999	0.007960194208528
20.82	0.0083121973456
20.84	0.0033784134713288
20.859999	-0.0044397955943872
20.879999	-0.0028153751542192
20.9	0.0016831844792592
20.92	0.0049729409122984
20.939999	0.004381713904604
20.959999	0.00980309743408
20.98	0.015053192193136
21	0.011769017658544
21.02	0.005681327322696
21.039999	0.0038283273959144
21.059999	6.798446378584E-4
21.08	-5.35411099496E-4
21.1	-1.3430360277008E-4
21.119999	-0.0023716805531864
21.139999	-0.00699836597436
21.16	-0.008925181457448
21.18	-0.0043912398510024
21.199999	-0.0022404947749256
21.219999	0.0011490344397824
21.24	-0.0034208199029048
21.26	-0.007656499174816
21.279999	-0.012224745846312
21.299999	-0.009845147972624
21.32	-0.015367610161912
21.34	-0.015815715025464
21.359999	-0.0163220314718
21.379999	-0.008542654791168
21.4	-0.00809147736676
21.42	-0.008334875316344
21.439999	-0.0038485746331616
21.459999	-0.0048039631128616
21.48	0.0012570798515536
21.5	0.006112185959976
21.52	0.013428465186392
21.539999	0.010825051966152
21.559999	0.006497388984288
21.58	0.0033381836624424
21.6	0.008346544470736
21.619999	-0.0052360282858632
21.639999	-0.0014763194532824
21.66	0.00120586477572
21.68	0.004050243302636
21.699999	0.0018009488470776
21.719999	0.0013433607336832
21.74	-0.0048998559179328
21.76	-0.0051442901474064
21.779999	7.3939561956E-4
21.799999	-6.201772351128E-5
21.82	0.007802290145424
21.84	0.0042933798220032
21.859999	0.0030986727967088
21.879999	0.0038786979285664
21.9	0.004272031490964
21.92	-0.007918160112136
21.939999	0.0041416063478704
21.959999	0.006062545511912
21.98	-0.00133755978334
22	-0.00774844634076
22.02	0.0011510601129088
22.039999	0.0024049925652952
22.059999	-0.0024847526490592
22.08	0.004699307065088
22.1	0.011333197204104
22.119999	0.008974014118496
22.139999	0.012200776371048
22.16	0.007385047731568
22.18	0.0052268931853296
22.199999	-0.0012520042653096
22.219999	3.2397891574248E-4
22.24	0.0032126667669168
22.26	8.003681579E-4
22.279999	0.0048020308417664
22.299999	0.007800052421576
22.32	0.015455687057432
22.34	0.007617994306792
22.359999	0.009013064759888
22.379999	-0.0039193068616544
22.4	-0.003391889724304
22.42	0.0012312882145736
22.439999	-0.005991860170072
22.459999	0.0039578216480088
22.48	7.788480859312E-4
22.5	-0.0010166168791408
22.519999	0.0015136002826488
22.539999	0.0019459448131168
22.559999	-0.008966405114864
22.58	-0.0031939958546936
22.6	-0.005712140976328
22.619999	-0.009005186847512
22.639999	-0.006580172037256
22.66	-0.00634173537444
22.68	-0.0048233323922312
22.699999	0.0016534168116904
22.719999	0.0030690355525328
22.74	0.002421265469208
22.76	0.001846630555332
22.779999	1.9826891509752E-4
22.799999	0.0037008854426248
22.82	-0.0024077637043776
22.84	-0.0033915171769632
22.859999	0.0025779582230624
22.879999	7.575224556696E-4
22.9	-0.0029024567691512
22.92	0.0051960263864192
22.939999	0.0049767136436336
22.959999	5.815961497584E-4
22.98	0.006318840473368
23	0.0010573739507144
23.019999	0.0028306479509768
23.039999	0.0047185379121456
23.059999	-0.0046623032594632
23.08	-0.0022569708720136
23.1	-0.004807973512852
23.119999	0.0025016059078984
23.139999	0.0010314608539664
23.16	-0.0050981128408672
23.18	9.152910036176E-4
23.199999	8.758671253752E-4
23.219999	0.005492396918768
23.24	-0.0037556162748696
23.26	0.0024253538368224
23.279999	8.31079976268E-4
23.299999	7.83892326008E-4
23.32	-0.0023443724724392
23.34	-0.0010632037543824
23.359999	0.006645884954096
23.379999	0.0046281481892704
23.4	0.0044631414347376
23.42	0.0046888939850304
23.439999	-8.281436731168E-4
23.459999	-0.0010102096907416
23.48	-5.1671262810448E-4
23.5	-0.0017654656753168
23.519999	0.0030457215357024
23.539999	0.003650852822716
23.559999	0.0041589593950912
23.58	0.0047775536222408
23.6	0.004881581049416
23.619999	0.0011121474795152
23.639999	6.593929875344E-4
23.66	-0.0038977060640232
23.68	-0.012322114148888
23.699999	-0.01019189863772
23.719999	0.004264886315136
23.74	-0.002684165667436
23.76	-0.011962900862968
23.779999	-0.006039627273592
23.799999	-0.012588715687688
23.82	-0.008462331696296
23.84	-0.0051097633254608
23.859999	-0.006083497587088
23.879999	-0.013192752086496
23.9	-0.005170132065548
23.92	-0.001623039564596
23.939999	0.0032938934906392
23.959999	-0.0048932971965392
23.98	9.732661906872E-4
24	-0.005950816845936
24.019999	-0.00129012815276
24.039999	5.3866876716E-4
24.059999	0.009426579578768
24.08	0.005406780511736
24.1	0.007031063049984
24.119999	-0.0014298967343648
24.139999	-0.005573257300736
24.16	-0.0023534701272976
24.18	-0.0022422689361656
24.199999	-0.0030527179365744
24.219999	0.0022099978183568
24.24	0.009358767900784
24.26	0.008699732503536
24.279999	-0.0012169050443176
24.299999	-0.0018862387978336
24.32	-0.005882692767064
24.34	9.61303146088E-4
24.359999	-0.004675653173064
24.379999	0.003218338566808
24.4	0.0027309031209664
24.42	0.00759031792184
24.439999	0.005917553842048
24.459999	0.0013953842330032
24.48	0.0038826856808184
24.5	0.0012998825389928
24.519999	5.949035259208E-4
24.539999	0.009227892083608
24.559999	5.0549833789168E-4
24.58	-0.0028055711232952
24.6	7.171372419272E-5
24.619999	-2.3877204558936E-4
24.639999	-0.010559889380848
24.66	-0.006251443031536
24.68	-0.0046601560204904
24.699999	-0.00782184728964
24.719999	-0.0045319977197656
24.74	0.00321090167538
24.76	0.0017550211960528
24.779999	0.007512979342752
24.799999	5.0057171224088E-4
24.82	-0.0037238564549488
24.84	-0.0044362456807312
24.859999	-3.5083676263264E-4
24.879999	9.003708114616E-4
24.9	-0.0023876833814928
24.92	0.003527143397048
24.939999	0.0025013860073752
24.959999	-0.0015269646759512
24.98	0.0031857232245912
25	0.0028365436293312
25.019999	-8.147370606112E-4
25.039999	0.006259645543816
25.059999	0.003528527985364
25.08	-0.0017875874770096
25.1	5.486598143032E-4
25.119999	-5.969118552288E-4
25.139999	0.0013468131612896
25.16	0.0016717858778264
25.18	0.0010621066915696
25.199999	0.001762832862468
25.219999	0.0014368657670096
25.24	0.0034083857641312
25.26	0.009085534870808
25.279999	0.0016737047830432
25.299999	0.0050369210915136
25.32	0.0071042428254
25.34	0.00712381959412
25.359999	-0.005984718972184
25.379999	0.0029070492213224
25.4	0.0010633193267992
25.42	-0.007461619363824
25.439999	-0.005673519952456
25.459999	-0.0040198638809344
25.48	0.009199542631208
25.5	0.00481442520114
25.519999	-0.00179922756592
25.539999	-0.0049923092369624
25.559999	0.0018948184718648
25.58	-0.005659975862344
25.599998	-8.114303847264E-4
25.619999	-0.005709845970144
25.639999	-7.504318041392E-4
25.66	-0.006643221855864
25.68	-0.0012214771824752
25.699999	-0.0025308477978776
25.719999	-0.005510848726056
25.74	0.0016428825370608
25.76	-0.0011936934992216
25.779999	-0.002666792942672
25.799999	0.0023873794138376
25.82	-0.006946105920208
25.84	4.8409182285008E-4
25.859999	0.0016525411875376
25.879999	0.004192087626372
25.9	-0.004982247594644
25.92	-0.0025603628397368
25.939999	0.0047589618975432
25.959999	-0.005567003448664
25.98	0.002436596449968
26	-0.0068040939926
26.019999	-0.0040398712749192
26.039999	7.96586728136E-4
26.059999	-0.0030903599628928
26.08	0.0022267945374088
26.099998	0.010944331823032
26.119999	0.01099043561724
26.139999	-0.002088619518568
26.16	0.00192437621028
26.18	0.0034583991308104
26.199999	-0.003160030717876
26.219999	-0.0012891519132448
26.24	-0.0029573898929048
26.26	-0.0043110199173744
26.279999	-0.00206669364368
26.299999	-0.004982463198992
26.32	-0.001092490568564
26.34	-4.371142661652E-4
26.359999	-0.0027819687323344
26.379999	0.0025643299067008
26.4	-0.0026583065645936
26.42	-0.0010779987209872
26.439999	0.00648827738012
26.459999	-0.002595093226132
26.48	-0.0026401012835072
26.5	-8.820457148224E-4
26.519999	-0.0025307986305392
26.539999	-0.003072812527004
26.559999	-6.476480931648E-4
26.58	0.0046257288061624
26.599998	-5.2431074278872E-4
26.619999	-0.0025067050435472
26.639999	-0.0029857546205944
26.66	-0.003084882922944
26.68	-0.00406555678046
26.699999	0.003436195754828
26.719999	0.005768511038088
26.74	-6.801862633456E-4
26.76	1.6149625961024E-4
26.779999	-0.0025853970769408
26.799999	0.0048802908178368
26.82	0.008724384062912
26.84	0.0042292722956688
26.859999	0.00328702618718
26.879999	0.0024553745544144
26.9	-0.00998067002372
26.92	0.005493271535176
26.939999	0.0032639629396872
26.959999	0.003003950407664
26.98	0.005567500425968
27	0.0030716957336088
27.019999	-0.0039087415590928
27.039999	-0.001408557260872
27.059999	0.00411399085192
27.08	0.00687607879484
27.099998	-0.0013038513562504
27.119999	-0.0021631357227064
27.139999	-0.0028389307115664
27.16	-0.0038399713566864
27.18	0.003897360990988
27.199999	6.249966420208E-4
27.219999	2.5611109576528E-4
27.24	4.3018377180312E-4
27.26	-6.88066403368E-4
27.279999	-0.00763737430008
27.299999	0.0035826134366232
27.32	0.0010478621127432
27.34	-0.004218556573936
27.359999	0.0026341570212456
27.379999	0.0023102541053728
27.4	0.00463300992146
27.42	0.005922310397504
27.439999	0.007035055310568
27.459999	0.0026806906981696
27.48	-0.0014265151140904
27.5	5.344927787872E-4
27.519999	-0.005326847785376
27.539999	-0.0016377207090776
27.559999	-0.0018363731453264
27.58	0.0026737649985512
27.599998	8.44500485044E-4
27.619999	8.661008053224E-4
27.639999	0.0022854232204616
27.66	0.0031994891776768
27.68	0.0023113020538864
27.699999	0.005552181113832
27.719999	6.341954426336E-4
27.74	-0.00216444754124
27.76	9.8488623078E-4
27.779999	0.0020447925380984
27.799999	-0.0014468004865224
27.82	0.009568038837912
27.84	0.006914891290224
27.859999	-0.0023193951462968
27.879999	6.883589675952E-5
27.9	-0.0039112950252984
27.92	-0.006122461244192
27.939999	-0.0048204845584656
27.959999	-0.007893446496896
27.98	-0.0034526948709288
28	0.006737708008312
28.019999	-0.0022089258430856
28.039999	0.0025526132822248
28.059999	0.001641520543444
28.08	-0.0040279898576488
28.099998	-0.0017303523458976
28.119999	6.046735056784E-4
28.139999	-0.0036582273400448
28.16	-0.0026903115316968
28.18	-0.0034698201678248
28.199999	-0.004469618422724
28.219999	2.5724074055864E-4
28.24	0.0031933811834048
28.26	0.004432606077788
28.279999	-0.005621709140328
28.299999	-0.006637177508632
28.32	-0.0050312146039856
28.34	-0.008374154026296
28.359999	0.002174890429328
28.379999	-0.0026645484298064
28.4	0.001943073323868
28.42	0.007687745097928
28.439999	0.0014064264640512
28.459999	-0.001426733794712
28.48	0.006054587510344
28.5	-0.0014990384763672
28.519999	2.4005082600528E-4
28.539999	-0.0010890086511624
28.559999	7.124869239888E-4
28.58	0.00813097831096
28.599998	0.0051497738702944
28.619999	-2.958286308424E-5
28.639999	8.882221827016E-4
28.66	0.0051355080227488
28.68	-0.0016800926121344
28.699999	-1.9681295193008E-4
28.719999	-0.009163462715408
28.74	7.438820994096E-4
28.76	9.975577199736E-5
28.779999	-0.011363221104048
28.799999	-0.0046753414616856
28.82	0.0043428920212816
28.84	0.0013260138920488
28.859999	-2.4427974219576E-4
28.879999	0.0030412902166208
28.9	-0.0041950232930528
28.92	0.0020861912248744
28.939999	-0.0030043995436096
28.959999	-0.002877085414792
28.98	-0.0020020313803528
29	-0.006454636206736
29.019999	-0.0049236176916896
29.039999	-0.008577015176104
29.059999	-0.0050930095151216
29.08	2.0221960886048E-4
29.099998	-0.00202407664648
29.119999	-0.01081692583032
29.139999	-0.010069331411224
29.16	-0.0042818523353144
29.179998	-0.0010995392660872
29.199999	0.0050581446743544
29.219999	0.0030873902980848
29.24	-4.5632516517968E-4
29.26	-0.0018789912033104
29.279999	-0.0042382921420208
29.299999	-0.0024303217004512
29.32	0.0013111202194928
29.34	0.00715530101128
29.359999	0.0015241450060008
29.379999	8.493327274384E-4
29.4	0.008532297826584
29.42	0.008180378491448
29.439999	0.0035309851854216
29.459999	0.0014382315794488
29.48	4.4531350592656E-4
29.5	-5.199807497948E-4
29.519999	0.0048512512193664
29.539999	-0.004677128988804
29.559999	-0.008648653101976
29.58	-0.006909688144704
29.599998	-0.0033930472518048
29.619999	8.499006181528E-4
29.639999	3.6098067935808E-4
29.66	2.1369903673016E-4
29.679998	0.009505483344648
29.699999	0.001956175332248
29.719999	0.006382632310384
29.74	0.0071891585846
29.76	-8.862162401576E-4
29.779999	-0.008028959000936
29.799999	-0.0010994743991456
29.82	9.241793127536E-4
29.84	-0.003828061033052
29.859999	-0.002312101778944
29.879999	5.2436682113488E-4
29.9	0.0016878829567912
29.92	0.001757467416996
29.939999	1.071363464028E-4
29.959999	0.007149588159048
29.98	0.0072986712728
30	0.007391987380496
30.019999	-7.21676018428E-4
30.039999	0.009526006332696
30.059999	0.011790618933528
30.08	-0.0034620299822856
30.099998	9.878558425488E-4
30.119999	0.006777753134704
30.139999	-8.598162965928E-4
30.16	0.006874650449184
30.179998	0.0034292446494328
30.199999	-0.006533162333512
30.219999	-0.003268872195
30.24	-0.00930411524832
30.26	-0.0040626247204448
30.279999	0.0032200628712
30.299999	0.0041522614457976
30.32	0.01024663509212
30.34	0.005925719226888
30.359999	-0.0010777971720272
30.379999	0.0011880437636376
30.4	-0.0021570834195944
30.42	-0.013927790005384
30.439999	-7.41537607652E-4
30.459999	-9.216257404696E-4
30.48	0.0032215896576112
30.5	0.007003480014024
30.519999	-0.0025740984013608
30.539999	1.1089785464328E-4
30.559999	-0.008688386357872
30.58	-0.014097752000216
30.599998	-0.008559002003
30.619999	4.3387553879952E-4
30.639999	6.371740710664E-4
30.66	0.007557988407872
30.679998	0.007155520063176
30.699999	0.018161220362176
30.719999	0.007593603169888
30.74	0.007303785842856
30.76	-0.006854430314968
30.779999	-0.0010557259697312
30.799999	0.0030852645930272
30.82	-1.1011222210112E-4
30.84	0.00800105083468
30.859999	0.010141459419304
30.879999	0.008654282152272
30.9	-0.0052341276791704
30.92	1.1639708619336E-4
30.939999	5.752963657392E-4
30.959999	-0.012140559906504
30.98	-0.006314605293248
31	2.9925614063264E-4
31.019999	4.4667095938784E-4
31.039999	2.6815601697752E-4
31.059999	-8.41385492828E-4
31.08	-0.0020511123709352
31.099998	8.087750302176E-4
31.119999	0.0046684633912688
31.139999	0.0030844749454176
31.16	0.0017632524555792
31.179998	0.0024498243734088
31.199999	-0.001091804771708
31.219999	0.006628135916208
31.24	-0.0040623743754208
31.26	0.013903221717552
31.279999	-0.01241628312692
31.299999	0.007843569494
31.32	-8.559687799856E-4
31.34	-0.014463309304848
31.359999	-0.005700773084592
31.379999	-0.00138585993082
31.4	-0.0026497542057504
31.42	-6.88392064056E-4
31.439999	0.0023625809358776
31.459999	-0.015059346861904
31.48	-0.010646872077672
31.5	-0.0031670148136536
31.519999	-0.0027945978432072
31.539999	-2.1768556908056E-4
31.559999	-0.008109668221184
31.58	-0.004224727950052
31.599998	-0.007559939189648
31.619999	-0.009460571341264
31.639999	-0.0036089620382424
31.66	0.003080881645696
31.679998	-0.0013316921096832
31.699999	-0.006963501717024
31.719999	4.3464622489512E-4
31.74	0.0024082670994248
31.76	-0.001125936822888
31.779999	-0.0015088771418888
31.799999	0.0034116563203208
31.82	-0.0038759897470144
31.84	-0.0017059196793
31.859999	-0.002117761641812
31.879999	0.00717561767684
31.9	0.0017554681573912
31.92	-0.0011138947498808
31.939999	-0.0035021279357208
31.959999	0.0044774338018832
31.98	0.006858465537304
32	0.009187698977848
32.02	0.008858082626312
32.040001	-0.001427245888188
32.059998	2.702163724368E-4
32.079998	-0.0039735778970744
32.099998	-0.003397713958856
32.119999	0.0043783443772672
32.139999	0.0017179293983952
32.16	0.0034562266982176
32.18	0.00372189856592
32.200001	-0.005665712582216
32.219997	6.2970525004E-5
32.239998	0.004384237244544
32.259998	0.002337456372916
32.279999	-0.0045841027933752
32.299999	-0.0099152010872
32.32	2.8339817298928E-4
32.34	0.0017882762440608
32.360001	0.0050512619895272
32.380001	-0.006613683794992
32.399998	-0.005476569491096
32.419998	-0.0042576831144232
32.439999	0.008502742793168
32.459999	0.0026803850862992
32.48	0.0049443336363472
32.5	-0.00561853792656
32.52	0.005542033123696
32.540001	6.94880879784E-4
32.559998	0.006032478119824
32.579998	-0.0023039901758528
32.599998	-0.0038988055136
32.619999	-0.005816185323008
32.639999	-7.857054180208E-5
32.66	-0.0032148842297904
32.68	-0.0039884900803112
32.700001	-0.005099360535008
32.719997	0.0014708625151904
32.739998	-0.0039616522451112
32.759998	-0.012605884476728
32.779999	-0.0036354891167696
32.799999	-4.0748956576E-4
32.82	0.0021742299321704
32.84	0.0013011699064552
32.860001	0.00705790247636
32.880001	-0.0042069083169888
32.899998	-2.6622083403024E-4
32.919998	0.0051083102635376
32.939999	0.009679429113792
32.959999	-0.0015755423775648
32.98	-0.005748418197952
33	-0.0011810171304216
33.02	0.0044095636216616
33.040001	0.006797971147352
33.059998	-2.4834155838664E-4
33.079998	2.1453576193368E-4
33.099998	0.00545795644464
33.119999	0.010398819938288
33.139999	0.005859769755216
33.16	-0.0011175455971344
33.18	8.554041777016E-4
33.200001	-0.008324554948808
33.219997	0.0019756461286464
33.239998	0.00774871684068
33.259998	0.005557575730864
33.279999	-9.159212684312E-4
33.299999	6.864863656E-4
33.32	0.008634531414976
33.34	0.008269270599472
33.360001	0.007990149157512
33.380001	0.006166729351688
33.399998	0.0043712221674128
33.419998	0.005746355503464
33.439999	0.011726302008432
33.459999	0.00949869220548
33.48	-0.0018037914830016
33.5	-0.009221263244392
33.52	-0.0048196199134272
33.540001	-0.0019972357350064
33.559998	-0.008960019725576
33.579998	-6.528372893752E-4
33.599998	0.006718293009152
33.619999	0.0035462584064928
33.639999	0.0011509841077352
33.66	-0.0022742054827008
33.68	0.009355954701616
33.700001	-0.008292125721144
33.719997	-0.005705481904768
33.739998	-0.006242894703672
33.759998	4.9616709309256E-4
33.779999	-0.00544476824756
33.799999	0.001606676175808
33.82	-0.0047789872187776
33.84	-0.00620978710464
33.860001	0.006718172079776
33.880001	-0.0049313449196984
33.899998	-0.00199472607918
33.919998	-2.2826547863784E-4
33.939999	1.0233811804736E-4
33.959999	-0.007923944036896
33.98	-0.00216553882278
34	-0.004752805849756
34.02	-0.0020200394616936
34.040001	-0.009755666599088
34.059998	-0.006635940104096
34.079998	-0.006021890965112
34.099998	-0.0012278442732392
34.119999	-0.0023149609630984
34.139999	0.0023908950111312
34.16	0.0028780516298984
34.18	0.0033162542869672
34.200001	0.0041959872805128
34.219997	0.0021574194759656
34.239998	-0.001407793496392
34.259998	-3.5744912787312E-4
34.279999	-0.0040147631541096
34.299999	-0.008241240443056
34.32	-4.4334627669464E-4
34.34	-9.005073343624E-4
34.360001	-0.004077343947072
34.380001	-0.0039722833162808
34.399998	-0.0018763087988096
34.419998	-0.0036191405259184
34.439999	0.0023188368556776
34.459999	0.0041670572079904
34.48	-0.0019603894558056
34.5	0.00256462565328
34.52	-0.00345929883476
34.540001	5.2416056229392E-4
34.559998	-0.004963103625796
34.579998	-0.007247666656512
34.599998	-0.0035983103878632
34.619999	8.99258685516E-4
34.639999	-7.020065902256E-4
34.66	-0.0048843225926248
34.68	0.002903559666276
34.700001	0.016558455296976
34.719997	0.0037595446232176
34.739998	-0.0014777115201256
34.759998	0.0022470181191728
34.779999	-0.007384109998512
34.799999	-0.003074353315764
34.82	3.124855120436E-4
34.84	-0.001270100020448
34.860001	0.00642442879116
34.880001	0.00699996245428
34.899998	0.0023621163124856
34.919998	0.0046043941592368
34.939999	0.00930264341052
34.959999	-0.006964406035384
34.98	-0.0047752503949808
35	0.02054516904144
35.02	0.0018132759527456
35.040001	0.0015106976593896
35.059998	0.00591440384396
35.079998	-3.029913626456E-4
35.099998	-0.0035365120291792
35.119999	-5.29670799478E-4
35.139999	0.0029885440582008
35.16	0.006485963279824
35.18	5.947737920376E-5
35.200001	5.618625971632E-4
35.219997	0.0055779072474
35.239998	0.007746485481536
35.259998	0.013450340143648
35.279999	0.0023102558026272
35.299999	-9.901667604928E-4
35.32	-0.00602586572276
35.34	-2.1454951499824E-4
35.360001	-0.0047636571927232
35.380001	5.888658085888E-4
35.399998	-0.00787340669596
35.419998	-0.00654860151424
35.439999	0.0014483412752824
35.459999	0.007684988120312
35.48	-0.005816535381728
35.5	0.0030010360097024
35.52	5.74584791832E-4
35.540001	-0.006579439565904
35.559998	-0.0027194956619872
35.579998	-0.0048988660473432
35.599998	-0.00771147801836
35.619999	-8.23572012312E-4
35.639999	-0.008287548438184
35.66	0.005382739963944
35.68	0.00176594546792
35.700001	0.007308045421008
35.719997	0.0010854977743576
35.739998	0.0041156601546616
35.759998	0.007909674370528
35.779999	0.0052253608298024
35.799999	-0.011795853902568
35.82	-0.006127704169112
35.84	-0.0022627453027568
35.860001	-0.006167828854304
35.880001	0.008666399487904
35.899998	-0.0028332662310848
35.919998	-0.0020848146985168
35.939999	-0.00805582176456
35.959999	-0.010135585327904
35.98	0.011537732271064
36	0.006827800923824
36.02	0.006516196684608
36.040001	0.023153962558128
36.059998	-0.009499635242456
36.079998	3.1580620088504E-4
36.099998	-0.011792131611512
36.119999	-6.781701372752E-5
36.139999	8.343516462808E-4
36.16	-2.867831665568E-4
36.18	-0.0026489853495072
36.200001	0.0035388957699448
36.219997	0.001741868588276
36.239998	-7.28390515952E-4
36.259998	0.005077153287164
36.279999	0.008808289955744
36.299999	0.005388893041536
36.32	0.003244492196328
36.34	0.005185342647324
36.360001	-0.0011086273208504
36.380001	-0.0043565060170592
36.399998	-0.0039141057846632
36.419998	0.0013558796290984
36.439999	-0.01033914076084
36.459999	-0.009135250104144
36.48	-0.0041021308094472
36.5	5.0449981130464E-4
36.52	4.4888641207576E-4
36.540001	-0.0038643996210304
36.559998	-0.0028725500328
36.579998	-0.015380812679576
36.599998	-0.010045063325264
36.619999	-0.008120507842488
36.639999	-5.76523639788E-4
36.66	-0.0021770697039776
36.68	0.006681819012096
36.700001	-0.0040643046840656
36.719997	-0.014194217045216
36.739998	-0.005503423238056
36.759998	-0.012411949293888
36.779999	-0.0017473277540144
36.799999	0.0015247033496592
36.82	0.0048277923524808
36.84	0.0019293973252656
36.860001	-0.018837716264064
36.880001	0.0012324253750216
36.899998	-0.0018888722471528
36.919998	0.005652364206752
36.939999	0.0035150882763976
36.959999	0.0022309595997064
36.98	-0.0044204118883552
37	7.366766180112E-4
37.02	0.0017922765666032
37.040001	0.003289466520772
37.059998	-0.012422374148648
37.079998	-0.009482086692744
37.099998	-0.0015997031652232
37.119999	0.014835445591848
37.139999	0.007993051462536
37.16	0.0018447857458776
37.18	-0.0020701206124704
37.200001	-0.003365350764996
37.219997	0.0018918413815688
37.239998	0.014587842164096
37.259998	0.012752916564616
37.279999	0.00615039646044
37.299999	0.0022030425228648
37.32	0.007790151594112
37.34	0.0028588942421328
37.360001	0.0029198322519536
37.380001	0.016126717800152
37.399998	0.00938345393564
37.419998	-0.00615756470832
37.439999	0.0028098012646912
37.459999	-0.003262724686524
37.48	0.008792964809296
37.5	0.009637308563504
37.52	0.00900498476816
37.540001	0.0040648947451656
37.559998	-0.0052402918419552
37.579998	-0.004056338302304
37.599998	0.007002069701696
37.619999	7.353936528024E-4
37.639999	-0.0041613930987832
37.66	0.0017486098175568
37.68	-0.0011021278972824
37.700001	-0.006454179008832
37.719997	-3.2409053143496E-4
37.739998	-0.0038142851085968
37.759998	-0.0045786619792
37.779999	-0.0044924721653768
37.799999	1.2005840338504E-4
37.82	0.0049971021773096
37.84	0.009471017942096
37.860001	0.0031846149705072
37.879997	-0.0036056704785296
37.899998	-0.006696204834312
37.919998	0.005990852425272
37.939999	0.010756398556064
37.959999	-6.410492210968E-4
37.98	0.0024593691487232
38	8.45208027972E-4
38.02	0.010409892932072
38.040001	-0.0014452066585624
38.059998	-0.0038256995687504
38.079998	0.0027987295968872
38.099998	0.005921321216424
38.119999	-0.0017435532723856
38.139999	0.0047741648416744
38.16	-0.0015826721720248
38.18	-0.01669291338172
38.200001	-0.021417935972536
38.219997	-0.016906339409776
38.239998	-0.006805268280488
38.259998	0.0020059445064504
38.279999	0.001811069097712
38.299999	-0.0010228043791736
38.32	-0.00669275410396
38.34	0.0033573056730616
38.360001	-0.006792829527304
38.379997	0.007230324429288
38.399998	-0.007544130856088
38.419998	-0.0067088488492
38.439999	-0.006792768001832
38.459999	-0.009074693658328
38.48	-0.0039023982829296
38.5	-0.0033667752387904
38.52	-0.0014280207909
38.540001	-0.0022567831132456
38.559998	0.0042245644301984
38.579998	0.00913907051772
38.599998	6.302513416432E-4
38.619999	0.016372000232512
38.639999	0.015299393794832
38.66	0.0046581188908968
38.68	0.0022437670283696
38.700001	-0.0010515407525376
38.719997	0.0066269563244
38.739998	0.006252630579224
38.759998	0.008074145216984
38.779999	-0.0021420049054264
38.799999	0.007752230157288
38.82	4.5454876038152E-4
38.84	0.0010826254895208
38.860001	-0.008977786796792
38.879997	0.0010878704829696
38.899998	-0.0024606376342304
38.919998	-0.0039642557803216
38.939999	-0.017533204410656
38.959999	-0.009576543673632
38.98	0.0051825858288256
39	-0.00462856656248
39.02	-0.0012015286620024
39.040001	0.0039093506612656
39.059998	-0.0042560741702912
39.079998	2.3508085141632E-4
39.099998	-0.006257213696496
39.119999	0.010149689511968
39.139999	0.0019604063222712
39.16	-2.2655440222232E-5
39.18	0.0050131260091392
39.200001	0.010629483706344
39.219997	0.0044898603560512
39.239998	-0.008673374673096
39.259998	-0.0015191700351192
39.279999	-2.1175218515888E-5
39.299999	0.007465291798032
39.32	0.0023329375391544
39.34	-0.0010631557008672
39.360001	-0.002690843567912
39.379997	0.007801863710256
39.399998	0.010089576473864
39.419998	0.008838692025184
39.439999	-0.011168779396848
39.459999	-0.009570225644128
39.48	-5.895926047464E-4
39.5	-0.0033498584389896
39.52	-0.008212668226016
39.540001	-0.0050118207674664
39.559998	1.2358200429392E-5
39.579998	-0.001046463150804
39.599998	-0.007731608516328
39.619999	-0.0022518125446176
39.639999	0.015853938785728
39.66	0.019045831477024
39.68	0.011070006616256
39.700001	-0.005481186553456
39.719997	-0.0046496815740784
39.739998	0.00545503398472
39.759998	-0.0039630831366488
39.779999	-0.006418130916552
39.799999	-0.00796986113312
39.82	-0.009284137503248
39.84	0.0024696196636328
39.860001	-9.299135397832E-4
39.879997	-0.005742322402696
39.899998	-0.001712864632148
39.919998	0.007129333549352
39.939999	0.00658028713232
39.959999	0.0024080757339912
39.98	0.0010692313942664
40	-4.3573443546544E-4
40.02	-0.007150833519464
40.040001	-0.010348424212016
40.059998	-0.0051086261650128
40.079998	-0.006152851645008
40.099998	0.00704832890076
40.119999	-0.009431467141048
40.139999	-0.006558450363288
40.16	-0.010501619985336
40.18	-0.011326597536448
40.200001	-0.0156018917338
40.219997	-6.076432235256E-5
40.239998	0.002897852117964
40.259998	-2.8167783592944E-4
40.279999	-0.0046977125476184
40.299999	0.006861923693144
40.32	0.00827336734728
40.34	0.0012225839514616
40.360001	0.0033697202403704
40.379997	0.006251056375768
40.399998	0.00211216812778
40.419998	0.02278333576676
40.439999	-0.0027432854404416
40.459999	-0.0039390934004104
40.48	-0.009589745130512
40.5	-0.009951870268512
40.52	-0.0016726383238488
40.540001	-0.004902969902404
40.559998	-3.22804924874E-4
40.579998	-5.960316697048E-4
40.599998	-0.0035053808298568
40.619999	0.0028264549370208
40.639999	0.007994536560136
40.66	0.011393739859728
40.68	0.0027675793034528
40.700001	-0.0018854744499224
40.719997	0.0027945865988968
40.739998	0.006087687153496
40.759998	-0.002450189070948
40.779999	0.013779176288552
40.799999	0.008371631481944
40.82	-0.0015561615886888
40.84	0.001897271057512
40.860001	-0.0018383222828872
40.879997	0.009275318675464
40.899998	0.0015552325010224
40.919998	-0.0015721307901424
40.939999	0.0026504869422984
40.959999	0.0051021484875168
40.98	-0.009311034742352
41	-0.0029629541292984
41.02	-0.006592644735528
41.040001	-0.0019305331597336
41.059998	-0.0011856158412184
41.079998	-7.741401674216E-4
41.099998	0.006208354515848
41.119999	-0.007153785681336
41.139999	0.013377828662152
41.16	0.009324647253032
41.18	-0.006786651521288
41.200001	-0.0039045469539608
41.219997	-0.009741671145384
41.239998	-0.005351275519328
41.259998	-0.0051787439874128
41.279999	0.0140895187252
41.299999	0.013389664890024
41.32	-0.006240878153288
41.34	6.27906425572E-4
41.360001	0.0044758798594016
41.379997	0.0042195438456048
41.399998	-0.0016404379603328
41.419998	-0.0013465798418488
41.439999	-6.305606132184E-6
41.459999	6.236414374216E-5
41.48	-0.0026963417174624
41.5	-2.4761244971992E-4
41.52	0.010679761685592
41.540001	0.007771387916328
41.559998	0.007339134348088
41.579998	0.001400231167256
41.599998	0.0030057321004704
41.619999	-0.008364262215496
41.639999	-0.005826271787672
41.66	-0.006219188833232
41.68	-0.01184366131588
41.700001	0.0010106584554128
41.719997	2.6777212985576E-4
41.739998	8.95642207664E-4
41.759998	-0.0013345687437344
41.779999	-0.008915371327016
41.799999	-0.0039843473475168
41.82	0.003901757675472
41.84	0.007338375887528
41.860001	0.0023232662123088
41.879997	-0.007022418721168
41.899998	0.0023657650912104
41.919998	0.00750756085808
41.939999	-0.012406886171856
41.959999	-0.0019081105727376
41.98	-8.013491709432E-4
42	-0.00976985246352
42.02	-0.0045754148663368
42.040001	0.0012681503524952
42.059998	0.0043793498413816
42.079998	7.889382103E-4
42.099998	7.481719629448E-4
42.119999	-8.364587345792E-4
42.139999	-0.0042054326603664
42.16	0.005335757840584
42.18	-0.0051683129801056
42.200001	0.005932427094512
42.219997	-0.00863343191236
42.239998	0.0031213781887192
42.259998	0.016076603712032
42.279999	6.626521933352E-4
42.299999	0.006843122357528
42.32	-0.005201095024528
42.34	-0.006741640864992
42.360001	-0.00321233373378
42.379997	-0.00102713195358
42.399998	0.006036946672424
42.419998	0.00664954306772
42.439999	3.6009263872856E-4
42.459999	-0.001884731795044
42.48	-0.005852115668264
42.5	5.2628001402984E-4
42.52	0.005380962620352
42.540001	0.0038129113933168
42.559998	0.0034776096108152
42.579998	0.006594085810592
42.599998	0.00560501823448
42.619999	2.9165114146024E-4
42.639999	-0.0023998244256472
42.66	-0.0045807564441688
42.68	-0.00554790562392
42.700001	-0.0046900627038024
42.719997	0.003489145053384
42.739998	0.0022411417470872
42.759998	0.0010871024753536
42.779999	0.009992681811344
42.799999	0.015218382781536
42.82	0.007118952186736
42.84	-0.0039848658056968
42.860001	-0.0021718224828824
42.879997	0.0018146247926408
42.899998	-0.00122629812752
42.919998	-0.007758519015232
42.939999	-6.470964324456E-4
42.959999	-0.005893443812904
42.98	-0.0051662921865856
43	-0.00628340021032
43.02	7.729834355088E-4
43.040001	1.2768238528712E-4
43.059998	-0.0023826025974072
43.079998	-0.007477560295384
43.099998	-0.0051758917513936
43.119999	2.0940934822432E-4
43.139999	-0.00867356932696
43.16	-0.007147296335216
43.18	0.0012444354653912
43.200001	0.001468561833812
43.219997	-0.0044398944064168
43.239998	0.01322410727036
43.259998	0.007955783999048
43.279999	0.020108202409888
43.299999	0.009175570503984
43.32	-0.008038807319592
43.34	-0.0040271803203392
43.360001	0.0044306470218968
43.379997	0.0038703992031776
43.399998	4.6211130167432E-4
43.419998	-0.008227625810808
43.439999	-0.011302485916128
43.459999	6.224033964152E-4
43.48	-0.008242043986936
43.5	-0.002334139301348
43.52	0.0021462424723104
43.540001	-0.0018980953397192
43.559998	0.0039474725332264
43.579998	-0.002021091335108
43.599998	0.006158632387416
43.619999	-0.001746203747288
43.639999	-8.922456833744E-4
43.66	9.47006164532E-4
43.68	-0.0039897869948296
43.700001	0.00175526337304
43.719997	-0.01286675035644
43.739998	0.006738538071792
43.759998	-7.28016854788E-4
43.779999	-0.0024246991209376
43.799999	-0.0018614631267296
43.82	-0.016175811414064
43.84	-0.01201641264224
43.860001	-0.002267644321504
43.879997	0.0029460144165632
43.899998	0.0022276898391048
43.919998	-0.0030396125336856
43.939999	-0.017033476493744
43.959999	-6.510067474656E-4
43.98	-0.014043663154448
44	0.0027516450017928
44.02	0.0035565222342416
44.040001	-0.00226589827104
44.059998	0.0028282130273832
44.079998	-0.004604992494452
44.099998	-0.0048347899732544
44.119999	0.009073701294896
44.139999	0.005372669941432
44.16	0.009146786660536
44.18	-0.0044993592524576
44.200001	-0.001022473255448
44.219997	0.0028800862666496
44.239998	0.0030697812836848
44.259998	0.008667520736592
44.279999	0.0010104205746008
44.299999	-0.01869217563848
44.32	-0.006253437835848
44.34	0.0042043891671456
44.360001	0.0010948042445464
44.379997	-0.005407344318432
44.399998	0.005558993999072
44.419998	0.005797642288296
44.439999	0.010170650073416
44.459999	0.00891899496516
44.48	0.002188510630692
44.5	0.0035667834100304
44.52	-0.0010729365006216
44.539997	-0.00611366151052
44.559998	0.0036990642356144
44.579998	-9.968874636032E-4
44.599998	-0.006885669873376
44.619999	-0.00691088576984
44.639999	-0.0022732261138728
44.66	-4.571396669584E-4
44.68	-0.0048337256886672
44.700001	0.007075441479016
44.719997	0.007952745913672
44.739998	3.2104531759048E-4
44.759998	0.005701175121728
44.779999	0.011608937927456
44.799999	0.009101367072008
44.82	0.006902593621312
44.84	-0.002481389115152
44.860001	-0.00531715593236
44.879997	0.006723533812504
44.899998	0.0017304945439928
44.919998	0.005280609006404
44.939999	0.00202040102992
44.959999	0.016928592006136
44.98	0.014301120735168
45	0.008736962309192
45.02	-0.0050241096849104
45.039997	0.0023391704407424
45.059998	-0.00727685624984
45.079998	-0.019819290462
45.099998	1.1200715359952E-4
45.119999	-0.010992520588192
45.139999	-0.006434478128384
45.16	0.00623309252912
45.18	0.0021069273774672
45.200001	0.016475172614744
45.219997	0.00919745076516
45.239998	0.012052804958928
45.259998	0.020480738612456
45.279999	-5.525889582392E-4
45.299999	0.0025070934496088
45.32	0.0041245049186144
45.34	-0.0048733897284072
45.360001	-2.4580523445048E-4
45.379997	-0.00780670725
45.399998	-0.014650025322176
45.419998	-6.726376713624E-4
45.439999	-0.0024285357114696
45.459999	-3.1635704480056E-5
45.48	-8.086579727032E-5
45.5	-2.5598581187096E-5
45.52	0.012823190852656
45.539997	0.011854570948928
45.559998	0.008988381376992
45.579998	0.0036420518161032
45.599998	-0.0038380470945104
45.619999	-0.007485065342184
45.639999	7.114998114376E-4
45.66	-0.019763758949992
45.68	-0.012955223985176
45.700001	0.0011502557734408
45.719997	-0.0019303804068376
45.739998	-0.01176531711356
45.759998	-0.0050201222508936
45.779999	0.005748090415696
45.799999	0.003803741764264
45.82	-0.002290505277488
45.84	-0.0038556550481264
45.860001	-6.955183579288E-4
45.879997	-0.006671186774064
45.899998	-0.019804132919424
45.919998	-0.010153204419752
45.939999	-0.007099617276768
45.959999	-0.0033959685979016
45.98	0.0117611376246
46	0.016831724393608
46.02	0.0017095087358856
46.039997	-0.007769883724616
46.059998	-0.015600008311808
46.079998	0.0027837721712128
46.099998	0.017142504934048
46.119999	-0.0040684825288104
46.139999	-0.013878153800456
46.16	5.614325022904E-5
46.18	0.00781147282212
46.200001	0.019532304897856
46.219997	0.008792664077032
46.239998	0.007594729722496
46.259998	0.009791055414112
46.279999	0.007117609764584
46.299999	-0.0040814295036088
46.32	-0.01142607043448
46.34	-0.014219166154504
46.360001	0.0029795459048816
46.379997	0.018923557557304
46.399998	-0.005460501265456
46.419998	-0.005612615039096
46.439999	-0.002472840256896
46.459999	-0.012706398534256
46.48	-0.008478271567072
46.5	-0.00810752437672
46.52	0.005035497360268
46.539997	-0.005608352808984
46.559998	-0.0020943140192368
46.579998	-0.01058876179976
46.599998	0.005512633495136
46.619999	0.01291761494924
46.639999	0.01255166833688
46.66	-0.008535563450128
46.68	-0.007273669124312
46.700001	-0.013602932861264
46.719997	-0.020222077572288
46.739998	-0.019710049334504
46.759998	0.010540989922712
46.779999	-0.00816174104696
46.799999	-0.01270717927128
46.82	0.0045410502382648
46.84	0.0042144364358408
46.860001	0.0020649325300832
46.879997	0.00670822033468
46.899998	-0.0015186983044744
46.919998	0.009757111386896
46.939999	0.022200961107624
46.959999	0.006070521016416
46.98	0.0045542708953352
47	-0.0010288653807144
47.02	-0.006992645166248
47.039997	-0.007550731054136
47.059998	0.008281740115392
47.079998	0.0011848886207472
47.099998	-0.009467356115728
47.119999	-0.008812033992872
47.139999	-0.01361071265112
47.16	-0.013686774046272
47.18	-0.0016408380880576
47.200001	0.0047462948636424
47.219997	-0.0020201720596936
47.239998	-0.0022494554295304
47.259998	0.01387653451368
47.279999	0.011823206218008
47.299999	0.013844190148736
47.32	0.01449873736888
47.34	0.012405636568304
47.360001	0.012015976129624
47.379997	1.1116677929904E-4
47.399998	0.005641804632424
47.419998	6.835031227568E-4
47.439999	-0.005902387282808
47.459999	0.0023809782719072
47.48	0.0016001306611752
47.5	0.0034179878748208
47.52	0.002420713596332
47.539997	-0.0031236435990296
47.559998	-0.004880724731532
47.579998	0.003704129638332
47.599998	-0.009775811948032
47.619999	-0.006037069192976
47.639999	-0.005532644654904
47.66	-0.015211291970888
47.68	-0.0019083312158096
47.700001	7.115339686824E-4
47.719997	7.977725785696E-4
47.739998	-0.0033807380203472
47.759998	0.014118449487232
47.779999	-0.010022312690816
47.799999	-0.007529879223048
47.82	-0.020715849717432
47.84	-0.01382495654364
47.860001	0.0020667956911008
47.879997	0.006992576215288
47.899998	0.0027772487208872
47.919998	-0.006710634148672
47.939999	-0.005932704489528
47.959999	4.880858390316E-4
47.98	-0.0031463644784864
48	-3.2528798684552E-6
48.02	0.02310567089692
48.039997	0.004423717503456
48.059998	-0.014198509507672
48.079998	0.01325679532932
48.099998	-0.005477754386824
48.119999	0.02074703358468
48.139999	0.006532674903264
48.16	0.002805544550656
48.18	0.0014934745582088
48.200001	-0.0020811980615472
48.219997	-0.010002924741648
48.239998	0.016847653126152
48.259998	0.011205348334072
48.279999	9.259975495688E-4
48.299999	-0.006118779262928
48.32	-0.015315069530392
48.34	-0.021683970522288
48.360001	0.0023013167349768
48.379997	0.013108543870224
48.399998	0.0015238843183328
48.419998	0.0041629325615632
48.439999	-0.008657652793432
48.459999	-0.0036551559990904
48.48	9.416084712264E-4
48.5	0.007828271397544
48.52	0.022653947168752
48.539997	0.013461578619736
48.559998	0.0047663017802744
48.579998	0.004997956479704
48.599998	6.505275382936E-4
48.619999	-0.003264104501312
48.639999	-0.00594811555948
48.66	-0.0037231255747728
48.68	0.020682931468344
48.700001	0.020087164411208
48.719997	0.007228101026024
48.739998	-0.008123126387792
48.759998	0.007472460045912
48.779999	0.0013304277612336
48.799999	0.0036393532876856
48.82	0.006781090361168
48.84	-0.008064396081632
48.860001	-0.017790132129768
48.879997	-0.012549441751264
48.899998	0.00945560581136
48.919998	0.007816393268704
48.939999	-0.0036815597084384
48.959999	-7.861866426824E-5
48.98	0.009521644388888
49	0.0038040964904336
