   191688.07866771499     
   191687.80106887248     
   191647.35458509851     
   191710.52319405583     
   191736.72915649187     
   191710.26079631748     
   191764.30627609114     
   191765.43362441967     
   191764.02442191279     
   191761.12275715501     
   191718.70024808162     
   191691.29299732958     
   191681.96908888128     
   191633.02499479154     
   191574.88883009928     
   191582.27674200526     
   191591.20579976967     
   191706.25090574916     
   191709.62859254345     
   191660.87969420524     
   191607.04612007362     
   191688.98810808605     
   191664.06548666151     
   191608.65359537161     
   191658.59946275729     
   191683.19082000721     
   191644.71545580597     
   191635.66823411387     
   191628.25045149069     
   191772.82022744726     
   191796.90463559469     
   191855.76759108936     
   191981.41019397895     
   191939.42941015464     
   192032.61455311574     
   191954.35768419635     
   191984.20018730793     
   191740.08347247718     
   191764.78253054962     
   191744.85245420810     
   191780.39607002478     
   191684.04731639117     
   191727.32352186245     
   191809.63207994113     
   191899.04765515376     
   191804.89046700462     
   191863.55394612232     
   191863.53420127206     
   191914.26687341646     
   191864.49209852866     
   191885.99474703905     
   191823.04064698564     
   191762.81771397532     
   191791.90939865512     
   191811.07356528865     
   191810.55797421501     
   191775.52204835010     
   191805.94176789021     
   191814.07527675826     
   191877.37751567480     
   191864.67468392727     
   191881.82733609635     
   191817.65502514795     
   191884.88234107959     
   191875.50032254602     
   191913.10621391842     
   191997.01530660610     
   192063.44425816153     
   192129.52972775890     
   192115.77122866624     
   192143.39216348901     
   192120.99744725708     
   192038.99563838041     
   192123.92905134280     
   192120.07412019363     
   192180.58024189452     
   192172.74581639832     
   192259.95706075241     
   192273.54425374029     
   192288.72538941592     
   192220.68884321128     
   192362.81967615144     
   192274.40327830723     
   192254.50670650753     
   192309.28815577581     
   192293.78783676666     
   192204.03639235598     
   192299.73603815920     
   192245.35916543345     
   192283.18612540566     
   192331.57628234406     
   192300.62584539596     
   192376.50315498331     
   192344.15575859795     
   192399.91265789553     
   192313.63083377920     
   192239.55962762766     
   192074.82154098476     
   192110.99548378660     
   192273.20613656353     
   192170.83893047943     
   192096.36201589956     
   192021.93946444307     
   192025.81112876703     
   191984.15751920443     
   191969.02111136148     
   191997.12622021651     
   192032.61818588417     
   192093.69077959939     
   192156.31385492516     
   192119.08388843757     
   192153.86646431091     
   192118.34298482057     
   192107.37259110634     
   192139.99653410524     
   192183.39892340021     
   192220.82619414464     
   192112.43783474213     
   192139.39023816440     
   192136.37031610799     
   192094.12955599648     
   192082.28951212135     
   192062.74338399048     
   192068.20250969435     
   192047.11217458826     
   192039.06671292766     
   192101.61128730874     
   192105.26492834240     
   192106.60373117929     
   192148.64628914950     
   192131.22259162262     
   192125.91911962346     
   192121.44564573036     
   192137.30336272737     
   192192.41270042467     
   192211.01581122846     
   192187.74248753343     
   192168.56584837503     
   192206.61745497264     
   192096.77367173223     
   192111.66295850655     
   192186.71691516906     
   192171.29995633825     
   192169.44594810629     
   192191.98041030305     
   192065.33913412268     
   192129.86002939471     
   192241.92819990014     
   192100.43564372999     
   192085.52094358328     
   192113.60042435597     
   192135.68793856233     
   192147.63048429551     
   192145.12222792523     
   192096.20065334925     
   191990.49835671333     
   191884.36481593826     
   191855.70986306941     
   191839.63647026327     
   191884.40294067372     
   191950.53695751540     
   191806.85533861796     
   191854.45028406766     
   191785.34337493425     
   191744.91197637035     
   191853.63093396154     
   191910.68556572116     
   191933.64037746927     
   191966.09189617162     
   192098.43744148791     
   192081.68496575282     
   192048.92986914446     
   191924.62061836274     
   191995.21953861092     
   191955.93878827759     
   191999.98293331978     
   191959.28779820900     
   191999.75871427986     
   192025.99922301210     
   192040.92763921391     
   192038.25625314112     
   192014.64183324389     
   192059.99723260829     
   191996.94119011893     
   191963.44445807871     
   192020.21957753776     
   192028.52143015055     
   192015.79486193607     
   191894.51639285774     
   191953.42376194886     
   191916.47459551829     
   191874.03868259594     
   191779.75672600348     
   191863.45616691819     
   191846.67219509909     
   191848.40681103271     
   191849.02856916934     
   191725.74287106609     
   191733.07699919559     
   191895.60366411888     
   191868.84619289113     
   191904.90105657812     
   191842.37318804680     
   191775.70451398476     
   191723.76698323339     
   191644.16963237821     
   191670.98470342319     
   191752.46191393834     
   191717.36730665906     
   191664.58214637716     
   191588.59399186290     
   191533.34232770713     
   191478.76121362424     
   191570.13744957943     
   191617.49392444274     
   191645.19042878470     
   191611.93331899817     
   191656.23653793638     
   191697.39042955026     
   191747.91830280141     
   191720.57123341874     
   191777.65693765710     
   191731.72939445177     
   191732.37524838393     
   191641.03474066628     
   191637.83816327140     
   191706.37938150100     
   191671.16176964945     
   191687.19478810733     
   191608.33695151529     
   191655.74765754669     
   191728.58208783175     
   191741.65205979510     
   191697.12389362926     
   191616.58549201753     
   191692.64259441232     
   191677.32936038601     
   191745.98271249852     
   191749.45749549239     
   191820.71225216918     
   191751.39551476296     
   191648.84316324643     
   191667.94720579262     
   191700.01549733576     
   191648.45633406608     
   191771.07064768480     
   191793.30596222822     
   191656.05198828902     
   191657.59737695954     
   191691.30982858466     
   191634.19905772508     
   191748.87839828557     
   191783.57189217469     
   191841.60107699595     
   191781.65169613704     
   191791.29579605919     
   191812.47713561679     
   191774.93078988520     
   191754.59776168584     
   191725.31098793447     
   191739.07649662101     
   191779.41298284335     
   191712.54160150341     
   191667.65511752042     
   191675.63366635426     
   191580.05814051666     
   191675.29068303469     
   191658.34218526186     
   191677.56179867638     
   191860.36124082626     
   191821.67489431219     
   191724.52944461856     
   191676.08506506795     
   191607.63770891278     
   191684.18969977662     
   191669.35237053281     
   191672.63796984061     
   191730.02280097306     
   191708.05095071098     
   191707.19080278240     
   191693.54460509971     
   191733.66998821314     
   191814.41218079728     
   191775.06106584435     
   191916.95479633458     
   191825.58321286080     
   191808.31160694678     
   191770.18061486736     
   191853.18855368686     
   191811.38128375245     
   191813.14904677289     
   191883.48377162876     
   191899.62509541115     
   191864.03673724219     
   191934.85644940802     
   191939.24916289328     
   191997.82746910959     
   191974.99249040717     
   192010.98832367783     
   192140.50564213292     
   192072.91253104527     
   192004.00173801300     
   191944.35218587850     
   191959.71247964978     
   191892.38747927808     
   191932.72605423079     
   191916.84612768935     
   191938.66142332178     
   191966.73253931481     
   191932.06910924474     
   192003.23998633929     
   192018.19399059677     
   191945.22794014384     
   191947.46085788545     
   191929.54912066055     
   191980.10008823560     
   192003.10461682567     
   191981.88694772206     
   192010.19716819198     
   192067.19525933379     
   192026.33362345272     
   192054.21668010266     
   192041.59515343595     
   191964.61942576052     
   191999.31491410502     
   191943.79562658639     
   192019.33547205647     
   192025.17089910319     
   192046.98823707196     
   192084.29823784789     
   191932.27565857509     
   191840.04466043907     
   191857.07916435707     
   191793.43882277448     
   191745.97295846342     
   191770.94103698563     
   191950.81990620896     
   191876.23645346402     
   191916.67251989589     
   191897.00110899331     
   191806.29448678298     
   191824.76815687533     
   191737.09175902253     
   191715.22891575395     
   191785.73431046191     
   191783.15051620029     
   191794.22885721712     
   191770.72213742026     
   191672.79952176989     
   191731.93554861212     
   191743.38534219039     
   191586.90274141909     
   191715.51673040824     
   191702.54802170387     
   191770.46031916366     
   191752.48298909084     
   191684.00276481622     
   191777.58560639140     
   191765.24691437237     
   191790.16208865365     
   191731.81440604405     
   191763.69027748849     
   191846.16635331768     
   191888.29451617852     
   191936.42989355573     
   191958.43928756376     
   191905.60211684456     
   191882.20337824940     
   191780.39545259322     
   191807.66137116344     
   191811.27881180274     
   191781.82017874465     
   191735.84793822895     
   191797.26379195973     
   191985.93378985106     
   191958.79867059836     
   191845.17937091205     
   191849.92551828222     
   191908.03077372554     
   191936.05805385389     
   191909.72339272697     
   191946.04605350835     
   191860.48833395200     
   191882.04772482091     
   191951.23188317165     
   191887.06247396828     
   191891.54581400182     
   191821.79679909936     
   191770.49340015769     
   191826.75437015833     
   191910.19794885642     
   191827.00289634729     
   191804.11831375753     
   191956.45139602531     
   191895.15212745717     
   191939.46139673569     
   192011.02379329805     
   192002.98627787412     
   192158.81908131510     
   192139.91920743481     
   192111.00674400872     
   191976.28807040493     
   192022.14503957189     
   192067.34545116228     
   192142.33874973614     
   192209.98002623222     
   192064.10364827464     
   192040.20309563886     
   192166.32366695104     
   192185.97813295390     
   192147.50194953353     
   192126.40044142367     
   192111.44115571419     
   192082.62496078439     
   192107.83391783517     
   192071.73947611108     
   192049.46939517334     
   192049.46939517334     
   192062.49946102162     
   192150.18011885774     
   192154.87704301128     
   192150.26657267666     
   192092.84882485869     
   192129.63603782584     
   192011.68945486689     
   192044.87033936533     
   191933.86965257066     
   191949.75205154173     
   192007.88619036952     
   192035.85005686473     
   192087.69676035075     
   192127.73900606151     
   192100.83111455347     
   192063.85573602226     
   192131.60841939482     
   192209.30962284454     
   192276.25967922111     
   192283.13315935631     
   192314.97201618302     
   192258.99328477535     
   192282.37390193267     
   192291.01522523357     
   192181.61866277823     
   192200.97629875146     
   192238.99474598828     
   192258.80813112346     
   192144.97211284153     
   192113.93530142735     
   192125.67014681140     
   192135.79317111103     
   192144.08701674003     
   192206.94794942532     
   192135.55296003007     
   192068.46403081814     
   192034.41474150494     
   192108.44620445467     
   192238.75165212114     
   192199.84796039012     
   192137.07888360883     
   192173.39453772493     
   192176.19306617507     
   192161.82764723359     
   192154.50120986003     
   192161.88958649890     
   192135.82091685070     
   192170.43641409097     
   192229.08310290784     
   192248.07429458818     
   192197.08361770358     
   192194.34571216459     
   192258.81821772788     
   192347.67386775705     
   192243.80670182960     
   192236.46140008623     
   192250.88834855505     
   192176.13935859286     
   192170.29716898614     
   192267.43435032477     
   192273.73058973101     
   192237.68268768545     
   192139.43742093715     
   192219.32207735791     
   192310.19489506769     
   192185.29484010983     
   192191.04760769225     
   192176.40823117271     
   192165.04488353254     
   192093.75238842057     
   192093.18066831847     
   192029.98970239848     
   192034.11570893729     
   192093.89740486161     
   192122.02039933548     
   192158.43959376775     
   192160.27351000172     
   192181.82122740062     
   192078.07176175897     
   192075.54546370223     
   192110.35239654130     
   192026.81652494794     
   192039.91990650835     
   192063.58623146612     
   192096.46302418486     
   192061.55576081184     
   192121.27945563316     
   192057.75187312198     
   192025.88326426636     
   192032.48198060991     
   192075.72274176180     
   192074.07030046789     
   192148.29939183698     
   192035.53474921134     
   192022.08861369398     
   192156.05830137176     
   192276.21851304662     
   192218.36947098741     
   192258.55259178745     
   192260.61677845765     
   192318.60453785179     
   192329.27509738924     
   192260.41279673105     
   192225.00515563803     
   191997.09747672567     
   191940.52673454478     
   191922.97676997576     
   191964.04374104954     
   192022.96510157012     
   192058.51881249633     
   192124.04929524363     
   192111.31563633718     
   192157.97334297412     
   192111.89694641103     
   192086.10404210744     
   192087.78315849131     
   192072.13241223790     
   192087.08777007522     
   192057.23975260239     
   192054.48957486782     
   192076.72142863250     
   192066.98136919492     
   192165.44216152359     
   192148.86805896752     
   192189.97365154032     
   192155.39641731160     
   192198.24500499186     
   192099.44333609042     
   192034.43684169176     
   191997.76780100708     
   191910.20194237732     
   191918.82147481781     
   191934.31298839563     
   191995.19988874125     
   192019.04252279233     
   192065.04238275654     
   192138.14343975627     
   192049.03110315825     
   192084.87458609257     
   192000.75584428792     
   191932.48799071569     
   191948.70117713488     
   191928.78264594820     
   191886.03583306525     
   191799.00813023990     
   191771.45364113545     
   191808.17881818258     
   191770.51890668285     
   191764.00812329722     
   191830.65349064596     
   191849.39553252168     
   191762.06978611031     
   191794.67114458571     
   191817.70418173715     
   191749.90711535903     
   191760.65134482965     
   191899.52687026214     
   191835.40087453288     
   191818.60107712896     
   191777.95956818800     
   191744.62847162390     
   191824.40223001715     
   191858.13693587846     
   191789.18728462557     
   191823.05293345053     
   191786.54638009382     
   191818.16357705990     
   191867.18694839528     
   191873.75395019728     
   191911.41517326489     
   191892.55167514546     
   191917.26175830243     
   191832.05610479435     
   191748.28351367035     
   191779.38084904093     
   191781.90970555469     
   191781.83116627499     
   191692.35293545653     
   191687.46107092110     
   191722.39366637837     
   191735.69328027955     
   191781.06847312141     
   191799.67424814828     
   191819.07554067147     
   191893.21889644398     
   191898.37856219779     
   191857.76439801595     
   191901.44625281726     
   191944.49315763995     
   191899.41808589853     
   191957.39103825970     
   192087.36880235976     
   192006.90226865985     
   191885.29755782173     
   191893.07999779802     
   191962.54793668081     
   192064.78214281963     
   192054.94296019257     
   191993.14701762621     
   191995.00162374735     
   192006.44748546206     
   191981.84484652086     
   192050.74948586526     
   191939.10627599416     
   191965.98488444253     
   192011.84710690359     
   191948.61946329181     
   191877.98220001016     
   191935.74455988995     
   191914.45935775954     
   191974.39181963479     
   192052.99047231409     
   192118.95488063514     
   192217.21194459253     
   192170.83225848430     
   192047.82707199853     
   191981.78297287915     
   191998.23313995183     
   191994.42153713934     
   192005.21162582771     
   192036.85787084894     
   192098.58590306446     
   192155.59571097931     
   192128.26426502515     
   192180.41680034273     
   192150.56508107655     
   192112.92024546652     
   192099.08468814666     
   192181.23209823467     
   192153.67952503133     
   192154.67583459342     
   192150.14721067459     
   192208.78250987636     
   192104.40068106586     
   192053.54740447665     
   192005.36504226219     
   192011.59199035791     
   192084.86627387482     
   192139.78624953513     
   192032.57366050471     
   192020.27047357053     
   192120.43117546523     
   192063.36006413834     
   192047.77349608467     
   192034.11061778542     
   191983.84821252126     
   192046.65155397390     
   192095.99054295238     
   192017.62056260384     
   192099.15169652263     
   191978.36021696677     
   191991.01709356569     
   191985.75630600296     
   192058.08335746796     
   192033.51159390435     
   191966.66282688919     
   191922.26965304842     
   191972.39589230099     
   192002.47598561781     
   191989.91355708207     
   192021.79777843787     
   191985.68706811359     
   192079.27985918376     
   191991.61242991179     
   191898.58386790968     
   191851.84188585597     
   191849.80065446557     
   191937.28962992074     
   191931.48069592274     
   191931.04862069400     
   191819.95506933072     
   191715.12010063577     
   191889.50428174855     
   191961.65334200553     
   191876.72772625828     
   191859.06534203107     
   191935.68508494232     
   191956.34878677872     
   191913.46786722253     
   191799.69559041271     
   191715.59170827139     
   191646.87418224505     
   191676.17959014038     
   191666.13690536519     
   191603.60560635017     
   191681.86680897168     
   191736.61024437286     
   191710.28510627581     
   191795.88093372600     
   191742.10892023274     
   191595.84694242349     
   191724.76884568113     
   191732.00033477650     
   191743.68527254267     
   191673.64474854962     
   191540.04292102566     
   191643.54063983203     
   191573.34306353488     
   191653.43290382857     
   191690.30781049762     
   191607.37172479546     
   191713.18451036894     
   191654.60207901313     
   191770.94032380602     
   191757.98274251292     
   191747.87205811901     
   191737.87951439069     
   191626.98192839121     
   191592.47299681895     
   191633.14563222072     
   191514.47355686547     
   191637.89954236572     
   191633.65162169424     
   191514.80261793832     
   191586.39647802760     
   191567.03483473233     
   191679.84694699867     
   191599.11118100648     
   191731.58007622592     
   191715.42801501724     
   191653.76664219645     
   191619.27126888686     
   191598.90830144938     
   191518.42195249733     
   191405.55573498452     
   191457.91485412035     
   191388.66052591839     
   191438.50294552464     
   191426.35495063988     
   191421.09312282642     
   191377.11471366900     
   191339.24258123580     
   191481.00500044844     
   191579.09890818223     
   191516.16870592156     
   191570.75032342804     
   191578.19826201873     
   191462.07414274628     
   191472.63973213040     
   191503.94105046347     
   191576.93829420136     
   191614.79225087439     
   191704.81368837718     
   191635.22997199261     
   191652.08332764724     
   191657.36284531560     
   191625.04452354179     
   191696.13215770837     
   191697.93573227781     
   191756.06050381856     
   191711.07008505819     
   191702.08402216033     
   191565.54359496344     
   191620.60848690118     
   191745.94148031040     
   191806.83055502005     
   191843.28167924689     
   191761.57232255017     
   191766.00949128027     
   191652.14468167679     
   191612.89752496671     
   191621.97833307699     
   191694.25149312959     
   191775.23707700160     
   191756.14635795308     
   191707.51307544223     
   191693.90388312447     
   191710.66977326258     
   191791.14947382340     
   191831.55416185583     
   191821.91883239173     
   191810.02045405578     
   191810.35606246849     
   191812.99232780913     
   191881.05536600976     
   191993.53550635860     
   191992.46527889842     
   191996.09931717537     
   192035.08214140884     
   192122.38474554318     
   192084.22707086144     
   192053.51757405273     
   192086.71801641260     
   192188.11140967655     
   192132.15176921122     
   192163.83009165709     
   192110.13304067904     
   192043.48121998773     
   192016.75326809782     
   191896.12347166429     
   191910.37236844259     
   191938.96373061984     
   191952.03903055578     
   191918.35378701004     
   192042.08641520448     
   191978.78225973548     
   192057.52009173189     
   192094.84709635878     
   192026.42529621776     
   192014.10803959193     
   192005.73441751683     
   192067.68096776132     
   192076.23630591290     
   192018.59237435288     
   192114.67015032709     
   192148.89640908345     
   192209.42528214084     
   192281.08411491313     
   192247.30373616720     
   192160.09495385177     
   192214.77445056138     
   192258.59581844532     
   192249.14584882377     
   192174.36928668281     
   192186.63980060589     
   192184.29427435290     
   192331.01956846425     
   192306.41695533303     
   192293.83852034397     
   192342.51833819645     
   192342.75830626546     
   192256.07487282628     
   192178.72871609224     
   192116.10976070841     
   192109.87494325245     
   192048.38827388894     
   191980.03063520492     
   192019.63675336965     
   192040.17486974597     
   192049.39664174675     
