   207950.38014980513     
   207949.35707263750     
   207977.09470731262     
   207838.43620284478     
   207902.25592725651     
   207998.31311427796     
   207832.35707497629     
   207765.82197871857     
   207828.74588404194     
   207849.42581115692     
   207791.49264001884     
   207638.06426456521     
   207645.04470329010     
   207667.66876697514     
   207643.37707754562     
   207597.44405475794     
   207633.37808067654     
   207539.02590529848     
   207412.93470702181     
   207403.17773020614     
   207344.91329364997     
   207478.28919243900     
   207434.89828675636     
   207465.73991205572     
   207439.16510136856     
   207278.84594895973     
   207357.52391915393     
   207330.01734803672     
   207257.03575661499     
   207077.10446341085     
   207099.96482352805     
   207098.69789281260     
   207021.50159999059     
   206960.36469386969     
   206824.03949443498     
   206827.91018768598     
   206832.67046254026     
   206837.48099696042     
   206811.81342825267     
   206809.73008639287     
   206818.28000672115     
   206769.12244830214     
   206748.78955068922     
   206729.10647487093     
   206730.60717603896     
   206676.26332798786     
   206631.43170173420     
   206693.78662654368     
   206529.98582775344     
   206528.69032743439     
   206402.88295823053     
   206447.42363459821     
   206451.51403839327     
   206359.29536970961     
   206464.41055045044     
   206349.94944793865     
   206459.69044253347     
   206418.48134994402     
   206371.88904976175     
   206303.95735477842     
   206243.58538225264     
   206244.53358790730     
   206176.89687119747     
   206088.16417281580     
   205983.08828707834     
   206036.54891194045     
   206092.04796688232     
   206019.03433333864     
   206053.24609234280     
   206018.24917734123     
   206034.78983839572     
   206123.24060091714     
   206076.42458329973     
   205982.96273637476     
   206054.73733304409     
   206117.95947485574     
   205982.33577803703     
   205963.82892938791     
   205884.11469196610     
   205907.18443598959     
   205852.37800663334     
   205829.04871089812     
   205778.50788137034     
   205753.29480257950     
   205703.18228186652     
   205682.14667052770     
   205651.29408193828     
   205624.28144501650     
   205598.34108935524     
   205551.16773642864     
   205602.37161528584     
   205591.49208028405     
   205583.14051195170     
   205464.55877285139     
   205516.74702429574     
   205610.60200415496     
   205564.25041869091     
   205479.40466134678     
   205370.07430248125     
   205284.48068801727     
   205382.94995712684     
   205400.60275934468     
   205339.30016368083     
   205388.97631994521     
   205295.72599252703     
   205352.75006179963     
   205332.04244814537     
   205299.72315472778     
   205240.85455421949     
   205157.28673435748     
   205131.36716976753     
   205120.48692437419     
   205144.59805336667     
   205067.70546906700     
   205053.21421140403     
   204995.22310498563     
   204970.78350955038     
   204987.28975964157     
   204894.49572365667     
   204909.44349861413     
   205064.74835098223     
   205018.85481844831     
   205007.51210912652     
   204987.73388431579     
   205035.35672875628     
   204983.96216785471     
   204968.44065650401     
   204999.13370571783     
   204975.24001866000     
   204956.65647892482     
   204863.03986547209     
   204686.01459970229     
   204727.59690247473     
   204662.11341261896     
   204665.15052543997     
   204710.84168393919     
   204652.94370904201     
   204643.97546983333     
   204589.89181439247     
   204646.96377805463     
   204625.60095558708     
   204545.69996378140     
   204539.56510352154     
   204551.34974420114     
   204421.42850876736     
   204532.16325232209     
   204562.92077540013     
   204607.46619988562     
   204548.65686587727     
   204557.76100696300     
   204494.24529577937     
   204462.23435361215     
   204466.74882667221     
   204425.88499480006     
   204479.04142341876     
   204398.68161113525     
   204431.71667402572     
   204468.51333975457     
   204376.41866234693     
   204404.44756740035     
   204439.82889742850     
   204380.77554456610     
   204424.03519064325     
   204275.56522501126     
   204302.72144357776     
   204395.32037676545     
   204365.53271048950     
   204303.27054023449     
   204362.96395879955     
   204322.08437315587     
   204262.52632673815     
   204165.68062127486     
   204243.40484507955     
   204193.32688761083     
   204154.76064398995     
   204143.25248392500     
   204247.46165706610     
   204063.03250127414     
   204057.96981850374     
   204053.96416121605     
   204079.27615437214     
   204079.13886725713     
   204086.51523181435     
   204006.47018854800     
   203923.44915303844     
   203914.75949913479     
   203849.98702024308     
   203766.49891780486     
   203729.45866798676     
   203780.13823084289     
   203731.64286663578     
   203871.63981955187     
   203859.55890654743     
   203861.50761071121     
   203840.78409508645     
   203767.39446040994     
   203852.12795192466     
   203873.06679985317     
   203739.56509843777     
   203734.65612249667     
   203739.41266434544     
   203667.14155638259     
   203607.44538649853     
   203683.73745862904     
   203757.14634832143     
   203665.95641568225     
   203676.47044401342     
   203629.27149929531     
   203613.78622746698     
   203524.06012971015     
   203588.18593504414     
   203677.11858923009     
   203613.05454657853     
   203626.00770320880     
   203699.61551968980     
   203623.82863088121     
   203604.17634172810     
   203607.64909339830     
   203494.40727648081     
   203529.08422934977     
   203565.53875819599     
   203485.51144006441     
   203455.36039265536     
   203479.50191397933     
   203476.85621345826     
   203416.17794742758     
   203357.67367033640     
   203291.09593874865     
   203308.57548696661     
   203286.68275820976     
   203283.80780712250     
   203285.21786738338     
   203319.42487793072     
   203276.22355022756     
   203255.55291168822     
   203265.40067712351     
   203298.21717867418     
   203330.03607272074     
   203272.22372503439     
   203251.59827762784     
   203238.65993539177     
   203295.49527413846     
   203315.28706237383     
   203428.87852079322     
   203413.59361798241     
   203346.15640666118     
   203283.49264693819     
   203178.98894322559     
   203164.17550996493     
   203112.92333551316     
   203070.20526678409     
   202971.23341806140     
   202976.99936194878     
   202978.56664163072     
   202971.25207730537     
   202967.97963888815     
   203090.90566550978     
   203039.88749709490     
   203031.27226490839     
   203126.38047145330     
   203161.40445718612     
   203097.79490555532     
   203142.13680156594     
   203212.76366788006     
   203215.48738045606     
   203224.91062421759     
   203178.11784003983     
   203173.87672403961     
   203147.32419003805     
   203158.02388541726     
   203068.81672147024     
   203008.60030795095     
   203001.45941651645     
   202983.63174552767     
   202872.43975290994     
   202920.17716093053     
   202778.40254929318     
   202785.48620629829     
   202862.81612187205     
   202847.53761232927     
   202829.04483126837     
   202866.45987590469     
   202853.97590378803     
   202878.90582689850     
   202884.46103076884     
   202908.51098251945     
   202876.22756156625     
   202827.24560753535     
   202907.56370212708     
   202805.51602273190     
   202881.64160764968     
   202818.99650827222     
   202817.82428899209     
   202704.61259376653     
   202687.64488137877     
   202621.79716589866     
   202582.72346730734     
   202560.63020523600     
   202670.70736323000     
   202599.31620606291     
   202645.12017979464     
   202588.38285051595     
   202562.50597540033     
   202576.29823243027     
   202560.99542014548     
   202497.64887953119     
   202603.48502261986     
   202626.19600493170     
   202664.43699313997     
   202641.90112164314     
   202579.54262110125     
   202554.68032995786     
   202472.19213133180     
   202494.12048898355     
   202451.90921631307     
   202548.80662984165     
   202593.03674350894     
   202583.87962395919     
   202492.66303092678     
   202499.24098514364     
   202475.54172361473     
   202418.29575161097     
   202368.93521022121     
   202433.07491948214     
   202412.20388047473     
   202392.55825785763     
   202392.16146899725     
   202433.16681290977     
   202438.64095626850     
   202438.14895376490     
   202420.39437257295     
   202366.61710999627     
   202522.45722570296     
   202504.30136433482     
   202592.57332986602     
   202625.52046455684     
   202624.85325154592     
   202521.02773310425     
   202618.09737849675     
   202524.35842927638     
   202561.77516954916     
   202550.66461477647     
   202530.46485516737     
   202525.60811977903     
   202494.08472449437     
   202449.71353329276     
   202505.08568950678     
   202555.59279351486     
   202443.22272045369     
   202463.72874855474     
   202442.64818731236     
   202439.95039093064     
   202535.45025710014     
   202426.73700220737     
   202413.43469827092     
   202391.14871261490     
   202405.82037012672     
   202469.54003277549     
   202457.59923205629     
   202512.10230102311     
   202473.30180247809     
   202504.75124199630     
   202433.26202763504     
   202362.59291171018     
   202266.84268307607     
   202204.43702628615     
   202204.43702628615     
   202204.43702628615     
   202204.43702628615     
   202204.43702628615     
   202206.85603246052     
   202209.67578192498     
   202109.54692801193     
   202033.79678328792     
   202034.24651712243     
   202062.82780400180     
   202169.32065260730     
   202164.25371034094     
   202139.24397253280     
   202110.60822194969     
   202048.24274739460     
   202065.02832812761     
   202126.94499456102     
   202170.17936397064     
   202142.59954114322     
   202118.59093209711     
   202202.99512626420     
   202183.61511006925     
   202181.12825913943     
   202064.56575083904     
   202060.06661451783     
   201974.36439743085     
   201909.75066723675     
   201800.69399817899     
   201751.26764865773     
   201718.06272233726     
   201701.51931417407     
   201720.56444326090     
   201663.99708862169     
   201644.59860936110     
   201695.83881779248     
   201611.37744354887     
   201586.82688036666     
   201592.59335701074     
   201599.80693322633     
   201616.47759792019     
   201512.66839191364     
   201537.63969575742     
   201551.88507874540     
   201510.24223119474     
   201452.34831360940     
   201472.87388995240     
   201488.75759163045     
   201509.84790694015     
   201498.45068710687     
   201449.70874799776     
   201511.68707950282     
   201466.82877940981     
   201483.67266418025     
   201491.41922895366     
   201463.78352085158     
   201440.10938816873     
   201526.01733056648     
   201484.00240416283     
   201557.67535384442     
   201584.05516205114     
   201585.84431432182     
   201579.35218535201     
   201518.62500399901     
   201481.40707708016     
   201492.95038281055     
   201524.06142754748     
   201524.11848020088     
   201528.32427850185     
   201633.29388693353     
   201518.41735147114     
   201528.56253291375     
   201446.37256766311     
   201549.20722949973     
   201522.57612633103     
   201377.44881063831     
   201483.20001595523     
   201337.85409784774     
   201328.49467460971     
   201347.76798259970     
   201349.20235210730     
   201307.40870288850     
   201269.21250554858     
   201275.52297549392     
   201217.77538995413     
   201229.95425310775     
   201222.49017157324     
   201157.48169304946     
   201189.58039412348     
   201194.95577485691     
   201198.03595798832     
   201208.00921520329     
   201086.64743268228     
   201046.99436161778     
   201036.63976610106     
   200906.02145182423     
   200879.59150750292     
   200902.63323589999     
   200889.85674886825     
   200993.46095373249     
   200944.42699581708     
   200930.21848751119     
   200947.28996837017     
   200963.92348824628     
   201003.29952847279     
   201086.03895352417     
   201032.71449979331     
   200959.80517215794     
   200919.80947646074     
   200981.91710150350     
   200916.46446531062     
   200799.27989984071     
   200835.93028077052     
   200955.27169999489     
   201036.31532952396     
   200959.93045690760     
   200947.91498960374     
   200881.55052562588     
   200849.54136891066     
   200836.80577890360     
   200841.20236020265     
   200830.74878548918     
   200749.53800289365     
   200712.35213564642     
   200794.79064203921     
   200762.42720638521     
   200755.11248067842     
   200721.49674380329     
   200668.36356077579     
   200666.50938163759     
   200642.15297778940     
   200560.89319464169     
   200578.63250500528     
   200587.20753584034     
   200608.39017273876     
   200672.78513699234     
   200802.93293218652     
   200737.99176296662     
   200736.49647360205     
   200755.94268837821     
   200765.67331306072     
   200658.88214408251     
   200711.90099333561     
   200705.76620857994     
   200653.62022139953     
   200688.04203792848     
   200707.01400978898     
   200654.05439659083     
   200659.18613145043     
   200687.60978316754     
   200793.19879560434     
   200754.79182473660     
   200704.42292304034     
   200736.98178382061     
   200732.09631842401     
   200650.89601049040     
   200719.13802524674     
   200620.16700985469     
   200603.34227261361     
   200557.27285792993     
   200695.93665933725     
   200649.42012720526     
   200604.03164658631     
   200530.33046731225     
   200531.96202569816     
   200550.62998526634     
   200611.61773466301     
   200668.11064139527     
   200649.17503701709     
   200676.85012107703     
   200704.41979530745     
   200528.11245569438     
   200632.10170362555     
   200624.75890729600     
   200502.24062408059     
   200436.39651033902     
   200436.77122418801     
   200463.32042247563     
   200383.97413158804     
   200440.45068106032     
   200437.30563559866     
   200452.09843275929     
   200401.35305409701     
   200369.26234131478     
   200424.45688713953     
   200424.87851465837     
   200361.00863277249     
   200379.16456439666     
   200482.38720597289     
   200334.12491217215     
   200287.15822026334     
   200298.81721592869     
   200255.06815301409     
   200197.25468435421     
   200047.82472234819     
   200080.54503530340     
   200073.26530168205     
   200039.20102646181     
   200170.66454729822     
   200172.47561019650     
   200062.89807042602     
   200170.29536034013     
   200143.59586134751     
   200169.56715922590     
   200176.73031139077     
   200231.11344935384     
   200196.20695974177     
   200205.15244728056     
   200280.63087068510     
   200243.81571354880     
   200282.20300771651     
   200192.37940398749     
   200199.22494394338     
   200260.33232554936     
   200296.46795048093     
   200217.79464396089     
   200223.97974956420     
   200194.55333125649     
   200191.97164920397     
   200217.12558611258     
   200200.55373939942     
   200214.28798751527     
   200159.19135068636     
   200204.89519573696     
   200151.87337262134     
   200133.79766372428     
   200160.19130774736     
   200201.49549067271     
   200306.45636030068     
   200320.72947588156     
   200212.68828124460     
   200175.36843292616     
   200142.85717685608     
   200071.10242158576     
   200041.08367644891     
   200095.52771264876     
   200093.34759793489     
   200127.05215443909     
   200064.78169395641     
   200090.62889067704     
   200224.05564093197     
   200189.52145883717     
   200286.39879975410     
   200251.22880279642     
   200200.75854550497     
   200174.31863882663     
   200184.94189510547     
   200088.66196206695     
   200221.59687197491     
   200178.28438484197     
   200246.37231020580     
   200256.50035877776     
   200301.29738826564     
   200219.67640574678     
   200277.62589405727     
   200330.64560161412     
   200356.38455226546     
   200229.22114861029     
   200193.74649297804     
   200289.69071198785     
   200236.46943821249     
   200195.60916812718     
   200191.43074473820     
   200171.77681692643     
   200171.65853328447     
   200141.80454446899     
   200042.20133910794     
   199998.16901702271     
   200030.90250308576     
   200108.71932828051     
   200028.89685792685     
   200059.90955091568     
   199991.05405144204     
   200044.51781502672     
   200030.85473082674     
   199995.16859455369     
   199955.00267993016     
   199942.34107654315     
   200028.98680603094     
   200060.41609414789     
   200072.82965803577     
   200111.34544338062     
   200046.03408026890     
   199954.77642401360     
   200081.64879269066     
   199985.55773687499     
   200005.55014730844     
   199968.64815767793     
   199954.29270540850     
   200058.43279827014     
   200036.62134135395     
   199941.80693601293     
   199971.74952099792     
   200048.05287809236     
   200059.32629991637     
   199939.57055121218     
   199964.59153401817     
   199912.02977508883     
   199969.30115443669     
   200032.94630898800     
   200046.47994868399     
   200024.76182952209     
   199946.73355355707     
   199994.30739497094     
   200005.29922783232     
   199971.81212229357     
   200022.24803105986     
   199961.66350733995     
   199983.47535159928     
   199908.76951976650     
   199918.41421187785     
   199888.91727002698     
   199886.99592551956     
   199903.87369177261     
   199999.96631259366     
   199909.41628596844     
   199915.00768800877     
   199949.24997160488     
   199855.23032917036     
   199800.84869116844     
   199831.23845797236     
   199839.73593664233     
   199910.55576411207     
   199834.13718839877     
   199776.43056879559     
   199804.61257045719     
   199767.05535179217     
   199783.86306538378     
   199689.03196771120     
   199604.33043142088     
   199588.44040721023     
   199505.33944246714     
   199550.88007572459     
   199605.78396812369     
   199599.98687593051     
   199561.31022977055     
   199515.29504820541     
   199517.59678088038     
   199563.82125216769     
   199690.20588520743     
   199717.45215236823     
   199689.43922905726     
   199722.78264520355     
   199754.81055525492     
   199745.64753721471     
   199745.92540497528     
   199784.32447351803     
   199735.80467560692     
   199664.63668157646     
   199683.95498669363     
   199616.08296461197     
   199698.49371718473     
   199662.57032811764     
   199570.46410801134     
   199627.01576512336     
   199592.86874349054     
   199613.64940798271     
   199531.92435703881     
   199655.04619202635     
   199645.98388691962     
   199722.90177083216     
   199722.82797108183     
   199727.46391321087     
   199710.89989580703     
   199719.89859269359     
   199743.07485337192     
   199710.53262010167     
   199789.73393286523     
   199746.87180552242     
   199678.74643841997     
   199555.72798356129     
   199585.44594177883     
   199560.84518330073     
   199623.72739155256     
   199413.57593339725     
   199427.99478993414     
   199441.73110940363     
   199387.33928441521     
   199395.14920498605     
   199439.12565666364     
   199412.66914844356     
   199490.84883170019     
   199388.89562210385     
   199396.77318046699     
   199356.37301711692     
   199369.45360154033     
   199393.82387702525     
   199469.77493906202     
   199463.10410719193     
   199502.15082210585     
   199485.76079163223     
   199379.44537872620     
   199430.72153536705     
   199349.15985203200     
   199382.74058809128     
   199434.25121986144     
   199394.96452163678     
   199373.00822289841     
   199424.51789882244     
   199405.62964106392     
   199179.69766814262     
   199146.05137526189     
   199248.44076285057     
   199294.51142756321     
   199268.57291460515     
   199179.71786331487     
   199302.44407529500     
   199320.61069202569     
   199276.49354581270     
   199320.94469285864     
   199372.55633481077     
   199293.51470347689     
   199194.72500043947     
   199270.59704062570     
   199269.71800218240     
   199367.22473635923     
   199380.03165122561     
   199352.09818624565     
   199343.71156020829     
   199380.27874410441     
   199425.81112937705     
   199417.55838615866     
   199406.53364471835     
   199426.02073151557     
   199416.65777281890     
   199401.69791063337     
   199354.26099917915     
   199354.35531479350     
   199345.58814774628     
   199397.33771783396     
   199326.50709657039     
   199362.41321369793     
   199323.07087238855     
   199331.87748639644     
   199303.33255859473     
   199233.05171270322     
   199295.52596934693     
   199295.92907932331     
   199221.46964951779     
   199220.28354378336     
   199268.94500513488     
   199267.35074578342     
   199252.50018997106     
   199268.03234878005     
   199132.87488146324     
   199130.77032269380     
   199161.50214110289     
   199247.02256999054     
   199181.95519570526     
   199118.52543256900     
   199147.26820917852     
   199167.42685172279     
   199165.28835081388     
   199230.05934786540     
   199227.87538401288     
   199165.08508382563     
   199133.00977294100     
   199139.61731772436     
   199163.76843450760     
   199167.73479821903     
   199142.97442771343     
   199131.39938522479     
   199234.03408226650     
   199227.59916584965     
   199240.74690627088     
   199210.28953365504     
   199153.68742969728     
   199062.21447527627     
   199075.40317547083     
   199113.54935498285     
   199054.66900371990     
   199130.61367156456     
   199138.69940425499     
   199233.77982649603     
   199259.57116517104     
   199164.76740607017     
   199202.91015919446     
   199201.87318767110     
   199283.93583007646     
   199267.28919486978     
   199317.92573322239     
   199219.88704556966     
   199276.86264639866     
