   955265.07797413575     
   955264.16441111302     
   955341.29824629717     
   955271.30828799994     
   955229.09337240248     
   955341.95448075165     
   955292.89479096956     
   955410.28346886206     
   955380.43836810219     
   955284.10512741632     
   955392.34150947258     
   955456.53031570034     
   955435.53349367762     
   955470.81198203878     
   955403.91380675894     
   955416.04646811378     
   955323.66224004247     
   955212.08616173849     
   955160.84278163768     
   955219.32319963910     
   955228.43725727813     
   955269.19180982490     
   955331.75649204536     
   955295.31702474132     
   955220.16851990204     
   955192.11168983160     
   955164.59701450821     
   955101.27745639661     
   955115.53545500303     
   955102.94501911395     
   955134.34782313299     
   955026.66206149606     
   955081.78963107185     
   955035.11818983988     
   955053.56931686937     
   955131.52698403981     
   955283.22685776919     
   955215.12763539702     
   955231.52724184236     
   955226.36120530486     
   955107.32053605933     
   955064.66155251581     
   955050.60194880259     
   955016.41980673419     
   955101.72967862769     
   955181.67548978841     
   955078.37415291544     
   955186.70912759600     
   955121.82677450159     
   955112.05465124117     
   954921.63921568950     
   954850.42494560545     
   954817.41630578192     
   954817.19330484408     
   954869.02455383737     
   954841.57429691951     
   954808.09733727039     
   954892.17669275217     
   954892.82230300410     
   954829.26233458170     
   954739.48576656065     
   954682.04759966722     
   954693.92595071218     
   954645.07929804106     
   954639.46024914691     
   954659.83046805882     
   954700.67557976628     
   954703.56863912428     
   954810.90676337352     
   954777.25707510102     
   954756.92491421278     
   954692.37092740100     
   954761.85008099873     
   954816.02793338022     
   954739.62801240222     
   954739.98988375172     
   954668.80346191349     
   954658.63093326683     
   954575.09930278279     
   954460.77624104358     
   954474.90874847141     
   954499.62278774020     
   954509.47442764288     
   954566.84325257875     
   954560.92191139911     
   954459.19288049382     
   954466.94694244931     
   954355.92516421224     
   954422.71109080757     
   954326.10061361978     
   954185.63384151179     
   954195.88539096829     
   954241.45167647395     
   954222.53136627714     
   954117.24847352575     
   954056.29798896750     
   954051.93900662125     
   954049.16588872962     
   953998.31326300197     
   953998.86601706548     
   954030.31909235625     
   953884.85914871097     
   953885.68613833596     
   953828.23637572839     
   953905.61830289371     
   953843.81016879959     
   953899.65368509025     
   953886.72144212050     
   953869.19911932456     
   953847.06251888338     
   953959.41028529813     
   953885.41058890114     
   953909.15542758990     
   953901.81719702098     
   953849.24429600127     
   953881.13139962463     
   953858.42604289018     
   953878.92504971835     
   953787.29948791233     
   953733.67135074141     
   953866.66935496952     
   953893.40604044846     
   953892.30546005943     
   953797.75668043608     
   953718.10024215037     
   953672.85599066154     
   953746.69458569924     
   953718.49787104945     
   953702.72837791231     
   953764.07712707878     
   953708.51569577947     
   953614.75836371875     
   953661.44681214436     
   953589.17413730861     
   953627.55334157823     
   953653.14536274376     
   953686.22186936426     
   953609.94517962949     
   953610.09111441439     
   953539.55200961465     
   953518.90521922812     
   953558.91466487071     
   953594.79229255742     
   953552.02961460711     
   953487.27788347704     
   953395.41437108070     
   953390.47702026414     
   953337.67766704527     
   953256.48189601640     
   953116.52271142800     
   953112.42644693004     
   953126.59523572214     
   953151.12597458449     
   953093.07795917185     
   953149.11521232640     
   953180.45539690158     
   953211.42703455116     
   953105.95620389038     
   953171.35938331136     
   953163.26933754142     
   953135.68445644982     
   953061.06573800498     
   953103.53886898409     
   953028.01836644975     
   953019.29616385361     
   952989.47249851073     
   952982.04085957049     
   953029.83577547083     
   952947.24677922844     
   952957.02136704209     
   952944.57801149867     
   952949.46909442707     
   952917.58743000380     
   952882.09760723135     
   952887.19683470379     
   952910.43581927929     
   952873.98544535995     
   952989.58710435138     
   952968.01385897200     
   952949.98887664266     
   952952.61511655385     
   952865.87308325386     
   952891.20733865292     
   952781.73145422863     
   952794.69641716336     
   952660.82167668350     
   952619.98399817129     
   952602.20701531030     
   952448.82355436857     
   952547.92397887807     
   952578.25234855164     
   952625.30271112721     
   952570.96919561608     
   952613.45898576546     
   952631.34011578991     
   952585.43371982244     
   952636.22454914532     
   952605.27081206092     
   952665.12037632801     
   952665.94876644190     
   952643.32468384039     
   952879.81497186271     
   952891.55771780177     
   952848.96036879066     
   952824.37891424238     
   952681.81820779270     
   952613.58649928041     
   952516.30112394702     
   952574.15842611517     
   952495.01416557608     
   952472.36054597597     
   952521.74525558914     
   952541.28517029877     
   952532.21021869895     
   952543.16361667588     
   952499.38478719431     
   952556.24199563637     
   952496.03188335092     
   952438.23330493399     
   952423.88571396749     
   952384.29530082131     
   952373.49884366046     
   952335.02451142971     
   952319.27881036047     
   952392.50974768400     
   952423.04935320839     
   952381.92893604038     
   952444.73695264768     
   952596.94160738785     
   952543.04092081019     
   952599.39041141560     
   952577.65272244159     
   952596.99306015240     
   952580.47291197395     
   952531.12662227696     
   952550.76592493884     
   952516.69526954670     
   952454.55579004495     
   952496.60106457002     
   952487.72635102377     
   952509.00928140758     
   952552.12336465798     
   952517.58411651722     
   952472.67479427869     
   952475.81911901932     
   952432.96214536054     
   952442.04642278620     
   952399.44833071274     
   952359.53236677556     
   952336.13859016425     
   952300.98859259766     
   952310.03220292588     
   952310.71964385139     
   952275.96694629779     
   952241.80111162795     
   952197.37451136962     
   952101.77789299469     
   952032.12929103477     
   952031.39379906550     
   952031.08883455337     
   952024.77301648178     
   952022.93703566643     
   951976.66343238682     
   951945.97675242182     
   951826.01115236070     
   951840.46820971009     
   951876.89743648923     
   951721.57405242557     
   951788.42349557520     
   951816.00774761918     
   951901.04437529203     
   951759.77177717374     
   951704.83564334433     
   951772.26029903942     
   951811.21232804307     
   951731.66833729227     
   951720.08723718382     
   951708.79073579644     
   951643.14295748388     
   951643.14295748388     
   951630.67104064242     
   951682.97496249562     
   951778.79916999640     
   951679.09442935686     
   951685.30329263792     
   951719.76133387221     
   951796.37467549869     
   951886.42297080823     
   951904.14362980856     
   951846.36123822618     
   951753.47893182072     
   951700.34224697866     
   951716.87097140262     
   951635.67936650978     
   951668.78110643942     
   951704.81349073630     
   951679.95479002979     
   951593.53025033779     
   951598.60824755544     
   951653.90415378835     
   951622.89451368735     
   951566.74496166909     
   951623.67325264192     
   951659.98149635980     
   951673.93490309210     
   951653.76649603236     
   951691.18038779532     
   951591.73186725948     
   951535.92308390932     
   951484.49186096387     
   951380.40976287250     
   951354.13848929119     
   951314.89571090357     
   951363.75449058705     
   951391.38662416872     
   951329.48789494904     
   951265.44464577083     
   951324.71807444666     
   951326.86160499614     
   951331.07814886747     
   951331.75070867152     
   951261.90054757788     
   951210.74871535366     
   951233.85972243280     
   951170.22197618266     
   951176.36443592643     
   951265.29451290623     
   951209.39644322428     
   951280.23137007642     
   951240.57777565497     
   951206.03496199998     
   951303.25650187151     
   951258.21119974600     
   951250.02703840472     
   951094.04685790848     
   951131.48646237922     
   951116.51226699399     
   951038.06845405407     
   950978.59697770828     
   951074.23295208917     
   951171.06803803856     
   951171.33889593859     
   951193.80991949909     
   951110.01090645173     
   951108.15334078774     
   951043.81977259892     
   951164.90515052574     
   951147.03424063569     
   951186.96993074357     
   951041.70238138281     
   951154.55824302870     
   951248.68049573468     
   951303.36269559315     
   951276.23720020265     
   951218.67453851923     
   951153.35500814323     
   951039.46047701722     
   950916.79655908362     
   951051.13949004572     
   950874.72817945294     
   950810.00976372522     
   950851.94731572026     
   950741.53796656849     
   950644.42151217477     
   950687.83008548093     
   950845.10618898284     
   950873.61496206338     
   950821.20471955987     
   950678.57391773781     
   950566.44618412480     
   950687.64920178312     
   950618.31153770967     
   950729.96622187318     
   950674.00686665869     
   950705.38914836489     
   950732.84208486427     
   950751.06376057619     
   950767.96753219108     
   950699.71039938624     
   950726.13538543705     
   950644.05307671381     
   950545.09332153539     
   950539.51511811547     
   950470.08995553339     
   950485.01004085597     
   950528.45160035102     
   950483.61221910431     
   950429.44238272472     
   950336.46228828421     
   950307.90159114124     
   950414.25117087364     
   950358.85523375578     
   950313.00415966206     
   950383.23501407588     
   950425.18744613836     
   950431.88211942825     
   950622.62904663361     
   950645.97984816553     
   950571.47539652721     
   950516.39464752271     
   950576.19698702334     
   950551.65220646840     
   950551.58749398054     
   950440.49850997399     
   950445.18669439398     
   950476.82331445802     
   950415.38260718435     
   950352.40738627582     
   950349.78027783835     
   950378.52368616057     
   950285.57909708109     
   950458.38332291192     
   950446.70583420270     
   950424.52095010225     
   950404.45081821969     
   950410.99509911262     
   950409.51338853012     
   950412.24645601597     
   950374.82114838052     
   950378.75707335107     
   950441.88573008880     
   950437.88580195257     
   950403.23847636010     
   950202.00682933384     
   950258.42803101463     
   950225.02577191393     
   950263.89030696615     
   950360.45741027733     
   950264.29268924904     
   950214.09309935814     
   950205.24027748266     
   950181.63140933996     
   950042.13302911667     
   950044.07697485609     
   950060.75451581425     
   950086.45910899469     
   950072.47478941549     
   950059.95128575817     
   949928.61031454313     
   949963.52003670612     
   950013.13297190017     
   950006.51429424400     
   949966.90508492757     
   949862.22778798570     
   949840.88734173973     
   949759.18893064104     
   949826.79988718324     
   949786.37396749330     
   949798.88579889259     
   949751.57358116843     
   949712.14824876387     
   949685.09936904174     
   949709.31876749091     
   949771.36900143290     
   949767.34911001741     
   949660.81117797131     
   949573.14111928246     
   949508.03535418469     
   949590.79027231294     
   949608.79902685387     
   949648.80046622164     
   949645.89590347360     
   949645.89590347360     
   949644.20586435264     
   949507.70338672586     
   949456.41640719341     
   949547.05308723601     
   949553.22785730660     
   949500.91119601182     
   949423.12276930083     
   949399.37181951106     
   949474.03530353389     
   949404.28578466515     
   949417.14330044319     
   949466.68735974387     
   949480.19789610372     
   949442.74662456824     
   949367.42052992433     
   949367.39757857996     
   949378.95969375805     
   949344.41679179971     
   949264.99074666481     
   949233.90851253155     
   949221.70573308307     
   949169.08769542736     
   949233.04506410751     
   949114.83628410054     
   949053.57746460731     
   948982.07513136440     
   948944.64385158394     
   948846.32557488710     
   948798.53085998818     
   948792.40386456077     
   948879.27928461728     
   948897.10817587480     
   948837.22747911140     
   948879.94231185876     
   948881.90992647642     
   948869.64733404678     
   948868.95643900079     
   948855.19026265782     
   948771.68266073440     
   948727.93251823820     
   948703.33020609932     
   948691.64016966522     
   948750.25388155726     
   948706.52238818724     
   948754.82649474673     
   948738.26616971497     
   948728.18198205915     
   948570.53560350032     
   948511.70255151880     
   948570.13368940388     
   948547.20188145200     
   948630.28661766578     
   948628.85363823408     
   948438.55338984227     
   948472.87262291869     
   948415.05802403239     
   948279.59810715716     
   948265.55707579153     
   948311.45425440616     
   948315.84503067273     
   948395.69616169343     
   948408.77770494204     
   948389.38515063748     
   948370.51584166684     
   948387.61797049083     
   948333.85690135264     
   948297.26790679689     
   948323.32074216544     
   948300.81366384751     
   948295.67675154784     
   948141.97572559514     
   948201.21919086948     
   948325.30813912244     
   948255.04634782125     
   948225.23547240440     
   948310.39525671978     
   948210.83416385821     
   948219.43905003869     
   948188.80068412540     
   948158.66706355719     
   948155.79646002746     
   948096.47000886523     
   948095.06095776055     
   948069.96275248751     
   948139.17548649583     
   948223.67198241455     
   948222.92053911288     
   948185.29848895874     
   948218.08088047174     
   948164.61838054156     
   948146.65475818852     
   948087.63084610214     
   947994.59183198039     
   948037.79922744993     
   947959.89725684386     
   948007.14152394875     
   948120.95185718988     
   948082.83091676887     
   948119.41312995669     
   948043.93204247195     
   947995.09725344973     
   948012.62863366306     
   948083.78817052743     
   948112.37573222327     
   947997.63437560166     
   948124.36734482727     
   948047.75940918224     
   948045.67804210703     
   948023.27556255052     
   948049.92204997211     
   947876.93814224389     
   947929.66655589780     
   947941.24157068145     
   947895.77627419541     
   947848.91741692007     
   947762.89830956957     
   947728.97796822444     
   947769.53113615816     
   947699.33133916021     
   947716.89961865288     
   947762.84579147154     
   947751.70228079078     
   947765.02303884283     
   947717.39745104103     
   947717.27368627104     
   947777.71064389998     
   947687.32187072223     
   947693.28222527821     
   947762.95130000764     
   947717.87564352562     
   947722.34619305097     
   947716.13251479773     
   947670.43452994130     
   947602.12872990919     
   947573.38351091801     
   947553.45343038160     
   947570.04589186620     
   947548.39451467968     
   947551.44081883947     
   947566.25217050046     
   947574.63606923493     
   947556.77391843533     
   947596.40599090897     
   947613.38726175274     
   947656.51368344156     
   947625.14425173530     
   947681.19504585036     
   947609.89112662966     
   947530.55541425804     
   947425.69860848191     
   947366.48432344419     
   947366.31873988907     
   947299.44221563695     
   947249.21649156348     
   947319.47692771361     
   947282.22368110425     
   947279.46158699284     
   947195.75221691094     
   947150.91429059941     
   947208.39882410539     
   947218.24436217116     
   947064.33071158838     
   947077.50321026752     
   947081.42243920919     
   947059.48899077380     
   947019.75001931540     
   947096.30996101687     
   947163.14688665373     
   947153.19603433670     
   947039.75833587069     
   946962.58772724983     
   947006.02303967462     
   946925.02170850348     
   946978.47092569049     
   946951.87764487229     
   946942.20732135628     
   946897.84118379070     
   946888.69026236690     
   947009.64027751400     
   946997.12471921800     
   946966.08096140332     
   946980.10368169099     
   946946.98815795116     
   946966.79332925205     
   946927.27017608553     
   946911.07657846285     
   946867.99795962474     
   946918.01504794485     
   946907.94748736208     
   946830.69967817608     
   946864.28364452953     
   946863.34098884754     
   946737.06356487260     
   946707.05867065734     
   946706.04541914479     
   946633.26750400185     
   946658.96269560221     
   946648.80260509427     
   946675.35997445590     
   946606.60151678906     
   946645.39826507377     
   946610.15857641480     
   946662.69501753768     
   946684.12380701501     
   946690.49267293757     
   946700.90927743644     
   946759.67501841614     
   946826.66607020085     
   946677.76844827377     
   946785.18703021447     
   946745.87845412293     
   946821.63415335247     
   946807.83502612787     
   946742.47984034137     
   946736.24775134085     
   946770.77526016056     
   946765.59522189503     
   946758.11239242088     
   946757.42625084915     
   946688.06881903589     
   946620.55885111110     
   946684.37376512960     
   946743.27858498972     
   946781.99745359633     
   946801.24810499104     
   946789.89481796790     
   946928.66842492355     
   946768.44247658725     
   946750.51097572059     
   946757.94642341544     
   946715.51875874319     
   946658.07548524684     
   946666.73102626903     
   946714.82109684718     
   946691.50645834801     
   946660.89900815964     
   946787.06872578245     
   946778.42531845951     
   946786.25590881647     
   946771.12963587628     
   946802.38016434782     
   946901.55104295642     
   946883.21260531561     
   946847.14717059059     
   946739.64124010701     
   946819.61837571557     
   946879.94196255715     
   946781.49534219992     
   946808.64223348221     
   946852.72589378478     
   946950.88749909285     
   946936.21646444767     
   946917.49751443893     
   946966.88024339965     
   946975.39655643189     
   946958.04366200848     
   946940.10867499758     
   947001.18010382063     
   946926.87347936572     
   946968.40464672202     
   946980.15045830293     
   946968.98574546690     
   946890.32094654022     
   946871.14073017391     
   946838.49466079788     
   946846.53502016200     
   946767.32405681175     
   946740.03243929578     
   946812.73852574767     
   946762.96085128211     
   946790.96421007579     
   946820.11798967118     
   946835.91154444881     
   946718.34762338107     
   946717.70647766592     
   946740.69883153238     
   946759.78937401355     
   946805.55092895427     
   946701.17709322565     
   946644.55236516823     
   946669.65981674567     
   946584.28166265495     
   946645.55186681333     
   946561.18044262449     
   946628.13080220204     
   946648.17612900632     
   946615.76981549640     
   946687.01256920642     
   946724.11649626400     
   946689.45586265810     
   946613.38078008092     
   946606.69757515949     
   946689.78673285188     
   946773.54541941802     
   946612.33268004179     
   946703.05109593284     
   946652.24850370956     
   946572.42189893371     
   946553.95319523686     
   946577.83116147842     
   946579.92219889350     
   946559.18218265125     
   946561.61512312409     
   946539.47273773397     
   946522.97334869800     
   946482.50479730789     
   946425.67782545567     
   946421.83701675688     
   946438.75952104491     
   946490.10508398223     
   946409.32950298185     
   946313.48204388923     
   946293.60797852126     
   946328.76840535726     
   946384.55051213189     
   946335.75165873428     
   946317.57639331627     
   946291.60987339518     
   946259.61798508535     
   946190.25642811542     
   946286.15325690177     
   946265.61275156599     
   946259.78994515550     
   946191.63101681671     
   946137.11932822526     
   946077.47694112652     
   946044.93830693001     
   946118.92851673439     
   946055.53636410262     
   945966.37957768748     
   945997.49431593542     
   945981.45219097310     
   945943.74970417703     
   945962.29143246135     
   946032.96519307501     
   945985.42384104466     
   945990.15273626428     
   945989.62290321081     
   946022.59600051085     
   946083.24105386273     
   945974.98734871368     
   945931.39624544349     
   945895.20927591855     
   945893.12441243103     
   945937.47927495849     
   946004.51406977209     
   946011.32608630485     
   945948.41527313832     
   945955.94010773674     
   945924.39560729521     
   945913.56264850788     
   945940.58070564375     
   945894.68636726274     
   946002.31140801532     
   945942.45009046339     
   945973.19084110053     
   945973.40487405960     
   945907.46925703925     
   945866.32120110956     
   945819.88871040137     
   945838.73514141177     
   945819.11423482990     
   945853.07696437638     
   945785.24803500006     
   945755.26625322807     
   945675.84043337498     
   945555.71577120025     
   945575.87414497125     
   945532.38509086892     
   945567.26624924911     
   945574.47772065084     
   945539.22438585130     
   945628.77593948017     
   945705.59733046801     
   945699.17225230555     
   945518.56765429850     
   945535.90647203696     
   945469.80419558962     
   945612.55254552385     
   945668.28922830569     
   945701.20807582722     
   945727.83732962084     
   945756.14969091082     
   945682.39463219396     
   945566.31832276564     
