   205440.54414972020     
   205441.85617773331     
   205400.30015206005     
   205391.31546863072     
   205300.40272551303     
   205352.79739940577     
   205451.64232436082     
   205369.79946445720     
   205378.24054785084     
   205421.30181698050     
   205366.03759431117     
   205369.48098245767     
   205421.71591440967     
   205439.43216681617     
   205514.09906201728     
   205454.73061569661     
   205552.14226066865     
   205524.09099755052     
   205412.82613938005     
   205505.35327725351     
   205559.39308389893     
   205604.65091920868     
   205669.76301172728     
   205682.30326449132     
   205620.61911735035     
   205652.20612618528     
   205693.05577962170     
   205618.89509967918     
   205671.77278952370     
   205846.55737086025     
   205744.91621465527     
   205726.51945062078     
   205642.57074398323     
   205604.05366711059     
   205567.97757297187     
   205487.87269436274     
   205410.92510476007     
   205423.67861339147     
   205362.32706005056     
   205331.44010682381     
   205391.60597527429     
   205356.72655143071     
   205380.33703151162     
   205427.00691654382     
   205383.55414835742     
   205388.06244407260     
   205513.76203086038     
   205432.04924038710     
   205419.10451525863     
   205392.30378911475     
   205382.76994469532     
   205387.00334897335     
   205386.74552340995     
   205314.70321086032     
   205391.55551292203     
   205244.87226921751     
   205279.29643918455     
   205476.70359211511     
   205356.69578184548     
   205325.24315860434     
   205322.48486339417     
   205316.94047039640     
   205317.45295878485     
   205246.27102998231     
   205239.76191522059     
   205338.76004870760     
   205396.13099245713     
   205354.04329705620     
   205237.32794142840     
   205292.69243668523     
   205352.96259185160     
   205297.45615587579     
   205198.01914103242     
   205143.76625248912     
   205176.16230392977     
   205181.59373173866     
   205275.67258137366     
   205116.58700323524     
   205157.87654978829     
   205147.05701668208     
   205140.47652107902     
   205059.67501973471     
   205094.60503658626     
   205086.02171096357     
   205026.82463236770     
   205033.76153611354     
   205003.37206314894     
   204921.30231896252     
   204962.56932316936     
   204967.83662792220     
   204859.51442726192     
   204834.67804644990     
   204870.35021458112     
   204848.42230784099     
   204914.53563084966     
   204902.74059580208     
   204975.22324106158     
   205020.00333962802     
   205075.47124920384     
   205135.91994024557     
   205169.98958468001     
   205114.63029630942     
   205150.76713901927     
   205101.45817669408     
   205069.24628017188     
   205022.14355631697     
   205054.34532274166     
   204992.18903981821     
   204964.35715712982     
   204965.68539981727     
   204957.90636106592     
   204956.10447774798     
   204996.51524434736     
   205001.11890517382     
   204958.82114937709     
   205017.95980792760     
   205049.71006739759     
   205085.50982089218     
   205055.66558792008     
   204918.75169954958     
   204969.81871612775     
   204884.18580237773     
   204885.39252687784     
   204802.46179076200     
   204877.69925727753     
   204931.44347450216     
   204978.02367031079     
   204959.40936973825     
   204917.05879973862     
   204840.19856452258     
   204762.75027020386     
   204743.21291029744     
   204743.33528629580     
   204697.70059090888     
   204743.79081050016     
   204728.43670059193     
   204680.46683852636     
   204655.98930324314     
   204788.18053394285     
   204806.73988544851     
   204731.60875395979     
   204599.62604934920     
   204468.04375839271     
   204417.43432390195     
   204462.58636148923     
   204515.81446076446     
   204355.91258145438     
   204252.48834057784     
   204262.63314324780     
   204325.73411820535     
   204340.90675939436     
   204411.03896543314     
   204452.30252426577     
   204442.61848098182     
   204489.02984500534     
   204437.93209163751     
   204327.06780747531     
   204286.75825795598     
   204256.88532683122     
   204235.97849089871     
   204292.63770570519     
   204305.14726018161     
   204339.68786479396     
   204314.05280954778     
   204295.75887953700     
   204359.60604941580     
   204403.36790120049     
   204455.20353856991     
   204403.07572199398     
   204467.98682586954     
   204465.12134247637     
   204503.87691243968     
   204421.86235834102     
   204438.38112656237     
   204440.26682008311     
   204532.91260932182     
   204506.10963057113     
   204519.51273547712     
   204507.79214577272     
   204461.58339474842     
   204316.11188211761     
   204296.58178675320     
   204332.22835362697     
   204363.93284357502     
   204357.90346040719     
   204384.01994220988     
   204376.51619543025     
   204382.34289104666     
   204426.02604801665     
   204384.63872194340     
   204416.39240101411     
   204444.43906140153     
   204430.75376828996     
   204475.82641310574     
   204453.69507089967     
   204371.97707732400     
   204440.05742380137     
   204407.53989234197     
   204310.07391515252     
   204344.07446464078     
   204365.80692824197     
   204327.87701974896     
   204380.71893288021     
   204310.45935201662     
   204255.94353284827     
   204241.63278369015     
   204310.18844836499     
   204369.01108555301     
   204433.57336970637     
   204381.23538439584     
   204282.72861352767     
   204298.63177522662     
   204391.02993947582     
   204404.68251301293     
   204372.59666535479     
   204385.63830949986     
   204433.43132723699     
   204420.98773100378     
   204425.66831772416     
   204485.87105709064     
   204449.01217452949     
   204372.87584992021     
   204357.82466465404     
   204361.16660828656     
   204424.05550903088     
   204350.93832666150     
   204400.30852478673     
   204458.51584365239     
   204431.29043643724     
   204428.63627419050     
   204418.06683815012     
   204518.87353471454     
   204467.32570456804     
   204438.41582846624     
   204543.60170229635     
   204512.53920698570     
   204429.48487246889     
   204443.67930465753     
   204487.22498155566     
   204567.16281030633     
   204530.57008099533     
   204534.67439675968     
   204438.77240481580     
   204551.21091109022     
   204378.84963402725     
   204267.11488235765     
   204320.56084055384     
   204253.55001181233     
   204156.05223497085     
   204274.83237624395     
   204225.09566526202     
   204230.78323407008     
   204283.35620507185     
   204273.99768143834     
   204227.84140130307     
   204143.93353354323     
   204109.76018874036     
   204126.81010320820     
   204159.91056898757     
   204152.61157247232     
   204218.23247876880     
   204206.09995515467     
   204132.32613535193     
   204221.56908214319     
   204210.16473429254     
   204225.10946155750     
   204182.91079445113     
   204137.55886698150     
   204186.16189800709     
   204127.64819223381     
   204100.44085010153     
   203984.38501199448     
   204028.72450876274     
   204056.34629470701     
   204069.58084603626     
   203928.91559739190     
   203929.22893356212     
   203929.92925637832     
   203931.39841424854     
   203987.26300539105     
   203903.12420397080     
   203823.80460721548     
   203920.31908141964     
   203892.70785844474     
   203828.50299195093     
   203806.35214462734     
   203876.64106431024     
   203862.41484367856     
   203964.16965553426     
   203870.71055201834     
   203859.86182893347     
   203890.03904588538     
   203921.10434992943     
   203972.41664686074     
   203883.59752447638     
   203803.12043587508     
   203858.81544393982     
   203838.83221954296     
   203832.03703326383     
   203873.69497880214     
   203864.53980114110     
   203859.70541490195     
   203779.07428068115     
   203783.55415023034     
   203823.50184053482     
   203912.43326485669     
   203773.57433407192     
   203754.17783210281     
   203802.09298572777     
   203776.25338465729     
   203732.57038939837     
   203699.10622059918     
   203676.39694025347     
   203706.88589236198     
   203726.13662301641     
   203818.58717182680     
   203789.50945381352     
   203679.63605018693     
   203620.47708584878     
   203701.00069718514     
   203749.20639542621     
   203884.70480769750     
   203893.30172954901     
   203745.55426021930     
   203695.62116359783     
   203684.11090730800     
   203661.56554061765     
   203710.15150624904     
   203699.08215033717     
   203729.59539243719     
   203673.34957667787     
   203637.96871996182     
   203584.61079765420     
   203658.03482729610     
   203640.21636255621     
   203597.71990870283     
   203715.67792170987     
   203668.70469552337     
   203719.06462225932     
   203723.58217294110     
   203666.41080715720     
   203729.03776504839     
   203597.04069780291     
   203624.06769674388     
   203585.89411803969     
   203535.70288191861     
   203559.24844431173     
   203541.78770884353     
   203552.30905893692     
   203490.42015538781     
   203604.31842905871     
   203586.23884465999     
   203624.25319230548     
   203742.40169558243     
   203743.52528937618     
   203725.55297091839     
   203742.62336244519     
   203783.00130142516     
   203791.42478641478     
   203836.06821620796     
   203780.30433782993     
   203797.96783912927     
   203760.38524277901     
   203807.93611698414     
   203799.79177235573     
   203758.27831744842     
   203812.98402696828     
   203784.80866876608     
   203680.10395804170     
   203682.16705675100     
   203698.97795885304     
   203677.87273321135     
   203566.56840269320     
   203634.60854437016     
   203676.19759834476     
   203465.20602295487     
   203527.20904006221     
   203491.16472205927     
   203417.09606724427     
   203506.01534040348     
   203414.08617839747     
   203433.81975433059     
   203492.50363667400     
   203288.08246565246     
   203345.74452565471     
   203230.16202308168     
   203134.56446380451     
   203234.06990295075     
   203409.95875179517     
   203430.05429370090     
   203446.52394527965     
   203572.59471135985     
   203424.81506971188     
   203373.75974393587     
   203413.99844819948     
   203431.06707724920     
   203469.34152596630     
   203564.32293442398     
   203411.71653892763     
   203422.00598670277     
   203384.79527413211     
   203175.55714265461     
   203226.79406303837     
   203201.31336138179     
   203174.35497936344     
   203121.25103628746     
   203121.79874942935     
   203175.85570944456     
   203148.45901550335     
   203199.07136162312     
   203105.24891703459     
   203155.21858462234     
   203144.92293229196     
   203143.30353574030     
   203203.64755256783     
   203204.91168274675     
   203147.78968174427     
   203259.20012949005     
   203219.67614015687     
   203276.38273596301     
   203203.09322314052     
   203115.31984415074     
   203094.77739981387     
   202926.69359905581     
   203077.64844737461     
   203138.18131081428     
   203079.27452866652     
   203096.63820933498     
   203054.70158811947     
   203047.93975236206     
   203019.72264461318     
   203042.12401219970     
   203015.74267878104     
   203016.54889264976     
   202921.41032757127     
   202902.05004945042     
   202860.82763486041     
   202890.08204325111     
   202921.84709795669     
   202881.92512789194     
   202857.71734600468     
   202915.15166356391     
   202925.85968595647     
   202890.04078808596     
   202869.58486963756     
   202852.88810708412     
   202914.68147549729     
   202837.64203242474     
   202929.08705531294     
   202916.30994831800     
   202885.30561315719     
   202909.50957996113     
   202914.64439981661     
   202884.76938758724     
   202900.20981747450     
   202853.71133422607     
   202778.77445027087     
   202832.92514837059     
   202928.11611006688     
   202893.72345452083     
   202857.45368977380     
   202784.37925671617     
   202839.10820285702     
   202765.37696279617     
   202776.43893663268     
   202763.81463963908     
   202786.49425944066     
   202687.80517358592     
   202551.00799718930     
   202520.68315527259     
   202505.43224658482     
   202602.03134142561     
   202641.19823458925     
   202583.54872386361     
   202572.37628285761     
   202531.22874676704     
   202483.97691310450     
   202512.30425401017     
   202515.18295825395     
   202544.51999596530     
   202555.78789227194     
   202613.55494003530     
   202568.86120746785     
   202461.73121708690     
   202521.91171550521     
   202578.36239961776     
   202590.49318489211     
   202662.23984812558     
   202668.28453557089     
   202644.59717200379     
   202591.50435470504     
   202611.81764221645     
   202536.59370454453     
   202522.24158952455     
   202610.13205852959     
   202563.09033444925     
   202622.77681803616     
   202510.25874953982     
   202486.69669676991     
   202555.58100398874     
   202389.44793076522     
   202364.78644203683     
   202490.85901258100     
   202406.15143833365     
   202370.70849268747     
   202350.57786516458     
   202390.08627921945     
   202323.49455762346     
   202388.39645786653     
   202242.06001342155     
   202327.25322088381     
   202357.93206121557     
   202354.44759046793     
   202267.50632928414     
   202215.59083868185     
   202287.04536201688     
   202430.19301799964     
   202379.52946138571     
   202277.03657839802     
   202192.47564289146     
   202253.05696652061     
   202259.22109046672     
   202262.47844345457     
   202212.89818813611     
   202193.74173130220     
   202120.81293842741     
   202064.23068427914     
   202213.27448057360     
   202139.72434706712     
   202105.79266509329     
   202212.37531901032     
   202163.28288833750     
   202112.94142443134     
   202157.61233642593     
   202250.37963565206     
   202236.33033024534     
   202157.72610113668     
   202196.25072645006     
   202132.71554579303     
   202042.61837503855     
   202092.06514602975     
   202138.92817391432     
   202119.81229145336     
   202173.17542422563     
   202162.04912575099     
   202069.29342916427     
   202101.10819455507     
   202272.23075351940     
   202206.02007633139     
   202050.70905504539     
   202070.12388193855     
   202080.14125566732     
   202099.39701607215     
   202144.33049312429     
   202090.50862882880     
   202146.05133502797     
   202280.67841722764     
   202189.10585156633     
   202113.02136627381     
   202043.74626977075     
   202026.16706480057     
   201990.08753807665     
   201837.76120727250     
   201715.88674614689     
   201691.91496456775     
   201627.09189929915     
   201684.15908880552     
   201612.16420376557     
   201521.03033226589     
   201582.34000341099     
   201568.87380599554     
   201703.63686715669     
   201703.69122193163     
   201745.77697332355     
   201717.43240267783     
   201663.46517410188     
   201623.05715428345     
   201622.65439432621     
   201750.67177126629     
   201562.86483545543     
   201544.12632287611     
   201558.54409481026     
   201494.73541879942     
   201409.96072710416     
   201522.58322050702     
   201489.19718459222     
   201588.43644421484     
   201644.78158618504     
   201760.34350023113     
   201760.34350023113     
   201706.70510307903     
   201747.63088754783     
   201684.76711631534     
   201736.10936287142     
   201691.61929519966     
   201565.28906864728     
   201599.20955477332     
   201670.94412011409     
   201604.91555897926     
   201603.90783301508     
   201579.89980345307     
   201517.11885106764     
   201655.82749954922     
   201648.98983406567     
   201652.40238492828     
   201647.53755910680     
   201577.99086604966     
   201601.33365765904     
   201514.16364894700     
   201606.76379466511     
   201538.62195534023     
   201473.23586737469     
   201455.03867265690     
   201448.32507526351     
   201383.37451137678     
   201406.63937920591     
   201430.51890731943     
   201449.54479271852     
   201419.52042391809     
   201463.23436815539     
   201399.41671728221     
   201386.90246818148     
   201316.88813261525     
   201330.72094677421     
   201347.54264407483     
   201434.72571851645     
   201337.20799758058     
   201330.28112172760     
   201388.29084029648     
   201319.56308929471     
   201380.67751500529     
   201374.30263400465     
   201376.07418231678     
   201334.32431446930     
   201400.57737673679     
   201381.28349525089     
   201425.58666582251     
   201482.95819626100     
   201454.65407657699     
   201455.47141445189     
   201469.12236069315     
   201385.58899868940     
   201378.62155716313     
   201322.04897625145     
   201422.46548084175     
   201431.88958048786     
   201478.81767299917     
   201575.04357573943     
   201435.02734667470     
   201509.20037816634     
   201507.68681554624     
   201545.18881051475     
   201544.64823720293     
   201505.76149496087     
   201360.70204423563     
   201422.56544197141     
   201495.27172313991     
   201423.87165780680     
   201336.17345584821     
   201365.56849746208     
   201354.43709424400     
   201391.23769051128     
   201453.21925529235     
   201362.00189047106     
   201365.18878975915     
   201272.22884569952     
   201291.54008258285     
   201226.44270651281     
   201282.82935852543     
   201291.38482250017     
   201324.45719839280     
   201299.07489108318     
   201330.65843298697     
   201297.64849811408     
   201189.88541679824     
   201203.12215273530     
   201313.95080659090     
   201418.81656169434     
   201402.12454676430     
   201359.92569269883     
   201291.04441963922     
   201285.30045372667     
   201330.89615772033     
   201256.46918354894     
   201190.52916475496     
   201020.35424416550     
   200965.79063636580     
   200941.82827072928     
   200950.43673703613     
   200882.95345819808     
   200907.07065352774     
   200955.23918196326     
   200875.59196009333     
   200853.60904639497     
   200795.76011201844     
   200891.00872568478     
   200787.48542590349     
   200820.27953222708     
   200847.61655613693     
   200792.61364198523     
   200783.96546719378     
   200900.91554721887     
   200906.97561155102     
   200828.51214847912     
   200816.22363086455     
   200690.74171206268     
   200833.98565595766     
   200810.00189016623     
   200724.04263323252     
   200672.97770113754     
   200776.73360177383     
   200788.47622792755     
   200861.43453874884     
   200746.21948704243     
   200692.60557815028     
   200770.11941568865     
   200696.07180282945     
   200836.72079506735     
   200728.84473304340     
   200802.21800816426     
   200691.64972980722     
   200614.95508408587     
   200678.69762143015     
   200668.54993991676     
   200710.07757887273     
   200703.07840881465     
   200570.90095663062     
   200542.10254704129     
   200523.50219047192     
   200533.06641250351     
   200559.04640564031     
   200541.47479018284     
   200427.14454566420     
   200473.48224378214     
   200415.95093048512     
   200525.81408775310     
   200438.99886975432     
   200396.81947899939     
   200292.21227131563     
   200213.66626577938     
   200378.45039961053     
   200343.67542723924     
   200358.62028601443     
   200254.39258552712     
   200175.23673020647     
   200262.55257798082     
   200353.41224703708     
   200439.19986627426     
   200561.24399413346     
   200401.16315170497     
   200454.15839133813     
   200301.62345597488     
   200238.41920381121     
   200212.07576850787     
   200237.08859620168     
   200199.98110366130     
   200253.54999690465     
   200132.36538999958     
   200202.41507270790     
   200126.50998390286     
   200171.72743737089     
   200198.67792630065     
   200219.44418113207     
   200232.36999883968     
   200258.30016839234     
   200193.84928820620     
   200295.38963126956     
   200248.24047627920     
   200194.21734726039     
   200220.78902919978     
   200193.58801436820     
   200175.72712691705     
   200047.45283260901     
   200083.60754481397     
   200021.08710910747     
   199988.01806254472     
   199959.62500830033     
   199975.02195779007     
   200021.28127989933     
   200044.83445572582     
   200015.68937435563     
   199933.70418554745     
   199860.14278348169     
   199896.13663281628     
   199932.90783801101     
   200018.62991696730     
   200029.99161100754     
   199992.20801154140     
   200028.77947726919     
   199934.95668012905     
   199873.59919781616     
   199813.42134923881     
   199924.91382932253     
   199869.68225277480     
   199780.22266619772     
   199778.71275720026     
   199758.69903607876     
   199745.87844356702     
   199747.40238297897     
   199765.58839536624     
   199768.56611267661     
   199687.52148630252     
   199643.82569385433     
   199775.14995472113     
   199796.96169369051     
   199740.30982087401     
   199701.19731640094     
   199783.63252144054     
   199875.89463952399     
   199892.31774320008     
   199838.87734548413     
   199826.12183327388     
   199821.74002898711     
   199951.88670756196     
   200052.17798334092     
   199956.04677694885     
   199994.09119900284     
   200109.45409436664     
   200117.35448141189     
   200052.11350331467     
   200077.92611404907     
   200078.53005809945     
   199970.69451343530     
   200043.49606275518     
   200076.73061819724     
   200153.72610038921     
   200022.40869956667     
   200059.34368682504     
   199983.12762735382     
   200055.52107624119     
   200028.00814880221     
   199876.53053332010     
   199917.61954340298     
   199974.72739295763     
   199912.54562817619     
   199963.58090732410     
   200098.62088981754     
   200002.29416137608     
   199959.58775016671     
   199990.70905437157     
   199951.96674764511     
   199990.16139901214     
   200009.23653766830     
   200009.40076931677     
   200036.17909346675     
   199973.23276042935     
   200055.12482113155     
   200050.26332887332     
