   308009.08518718177     
   308009.08518718177     
   307313.40176637418     
   306594.95431463554     
   305804.89606848586     
   305122.36709984730     
   304344.42329372896     
   303743.65843167098     
   303101.25111409213     
   302289.65034226963     
   301611.45170146925     
   301004.55278739543     
   300434.07673077023     
   299820.22822735709     
   299197.22077409585     
   298612.11837868002     
   298142.80755249603     
   297678.58501709369     
   297243.99513948744     
   296745.36959957605     
   296224.29992661194     
   295737.05484521145     
   295260.47196635359     
   294812.08573097299     
   294410.42920102738     
   293990.01458056812     
   293441.32374870614     
   293137.29379331850     
   292841.72336541297     
   292414.86088783533     
   291986.47316458938     
   291596.38797593402     
   290909.81507459539     
   290421.89023371332     
   290290.00672086515     
   289998.07666034967     
   289363.74041743699     
   289158.57988945342     
   288881.11600864993     
   288458.76506434369     
   288052.51419290376     
   287734.89495590917     
   287461.84850408242     
   287179.27112973412     
   286693.82494017098     
   286339.46606166620     
   285928.12740168348     
   285612.72496184829     
   285398.35099859949     
   285053.42645324604     
   284693.94074019487     
   284143.95765908220     
   283874.83406916441     
   283524.12248000311     
   283307.07464130002     
   282967.20129776438     
   282610.55789759918     
   282387.70845748013     
   282109.93488870515     
   281873.15346326109     
   281698.41862825153     
   281351.80154246936     
   281140.91161981696     
   280747.33362123626     
   280490.80529952940     
   280245.37255539640     
   280103.13519885839     
   279852.39563555701     
   279689.53987060447     
   279398.65846359788     
   279190.24004781514     
   278912.01910535415     
   278584.69756128022     
   278264.63286681956     
   277964.21604452695     
   277650.99399084499     
   277498.64730700612     
   277334.58586424380     
   277078.60906513507     
   276805.57870115514     
   276568.03969815903     
   276262.79012488393     
   275876.54036593490     
   275612.56913055287     
   275352.07032625924     
   275018.81786004326     
   274736.84495748190     
   274522.26900647191     
   274325.68840935105     
   274019.12743011763     
   273872.53979655902     
   273799.86888115172     
   273576.96988332225     
   273307.86117492255     
   273012.23749101558     
   272763.42608566978     
   272467.76951643784     
   272283.91916983336     
   272097.30407452007     
   271794.59825128160     
   271683.71418594284     
   271537.70969394484     
   271307.74265215325     
   271098.19055439543     
   270925.80774275120     
   270720.99246012681     
   270452.07111184503     
   270197.59610483912     
   270107.74547346687     
   269858.82787366182     
   269719.34963194508     
   269500.32235427824     
   269125.47399322217     
   268925.27272019902     
   268720.79068212240     
   268573.76124391344     
   268454.03604953195     
   268275.09704623354     
   268032.63087411301     
   267747.83222476160     
   267612.70258713397     
   267453.74455793970     
   267276.07350178889     
   266957.55886681780     
   266689.98914734606     
   266731.53295789234     
   266488.99217812310     
   266131.99244288023     
   265902.85488173040     
   265853.00265543594     
   265745.32398656523     
   265534.97092152311     
   265317.15651794052     
   265302.82003259624     
   265164.29864783096     
   264909.41166956734     
   264730.99498600297     
   264662.42529247218     
   264543.73231957277     
   264297.59786502604     
   264080.32258497557     
   263879.14781229105     
   263724.74468456063     
   263609.74125245854     
   263480.93378499622     
   263281.36892566358     
   263144.47055472992     
   263033.60326485155     
   262899.70720300794     
   262681.38037846668     
   262520.38131819427     
   262302.51724841999     
   262153.75715280481     
   262088.54534470229     
   261956.31249764966     
   261760.06861596153     
   261677.58981986053     
   261509.06820602229     
   261451.85129833879     
   261206.77461384231     
   261060.60490025007     
   260954.44011518065     
   260734.10809712991     
   260568.67879838432     
   260395.49400331982     
   260190.07621779418     
   260066.12883710896     
   259916.30376361770     
   259850.06308874275     
   259710.28412284720     
   259567.12149513612     
   259519.65142348356     
   259457.88444649853     
   259206.53750837132     
   259124.57113242795     
   259012.97593357533     
   258866.91646605611     
   258659.50641416735     
   258612.07491569099     
   258472.33190454889     
   258435.09104376356     
   258393.70099210311     
   258288.22264805611     
   258208.58141306651     
   257926.39574898401     
   257804.96517390828     
   257708.63121329914     
   257540.49007564306     
   257436.11619609594     
   257246.21416091797     
   257209.53315321423     
   257038.62107421321     
   256958.80731092102     
   256958.87507117004     
   256766.26297084909     
   256732.08447435597     
   256591.75560691324     
   256502.89429559786     
   256446.34999156848     
   256351.63620237252     
   256120.51427320810     
   255913.83166202766     
   255916.36058821750     
   255869.77756845957     
   255742.32683555916     
   255715.62591720134     
   255644.57942135035     
   255436.14908460929     
   255296.75921498705     
   255180.63409410106     
   255034.10449524148     
   254915.67665590922     
   254792.40790661509     
   254724.54167430458     
   254575.44933712730     
   254436.86596826540     
   254255.91747705970     
   254106.02014485354     
   253983.02667374231     
   253835.84167183831     
   253720.45285736848     
   253613.21542610097     
   253486.94664942045     
   253476.31014137866     
   253423.19527499366     
   253275.24368716913     
   253182.28041874969     
   253061.67331959659     
   252882.78971729966     
   252833.61091010392     
   252662.10298429950     
   252530.32772113098     
   252377.83705112812     
   252298.71762253638     
   252189.94700476731     
   252069.23387997044     
   252023.41070807166     
   251955.19567892409     
   251873.26128844594     
   251772.30221928170     
   251648.96045492077     
   251564.47440366796     
   251468.61007098955     
   251416.19334544640     
   251332.00097777270     
   251179.05248740889     
   251036.57999428886     
   250986.69552561166     
   251032.17134099425     
   250935.01039156085     
   251003.00914800644     
   250824.72098484205     
   250730.64704847737     
   250601.60888741197     
   250489.91123035326     
   250541.83606898156     
   250538.47258507839     
   250468.07416061871     
   250372.34662060527     
   250271.23036209570     
   250169.34977485304     
   250023.38881196748     
   249928.66630958577     
   249856.64723351534     
   249782.26993005440     
   249547.05414568342     
   249441.07055077807     
   249417.56828289182     
   249400.45943451778     
   249225.71534002444     
   249187.24521110670     
   249124.95714730129     
   248993.59099097882     
   248831.72166486178     
   248915.62903971656     
   248755.53137113637     
   248733.07615162729     
   248629.20874939198     
   248504.34717174075     
   248506.07970347381     
   248425.48015024935     
   248432.37138151386     
   248392.13290047253     
   248178.65190523263     
   248083.46375473298     
   248082.75037177705     
   248109.81854530031     
   248125.86934555133     
   247983.30991408127     
   247945.00424322710     
   247839.44609452909     
   247859.88506098065     
   247823.89612423477     
   247779.80013262248     
   247696.34809078672     
   247642.86809088226     
   247600.39093751050     
   247533.85462536153     
   247608.14458915283     
   247262.47182504961     
   247141.95885434968     
   246980.86632738088     
   246914.26772916235     
   246782.98101875908     
   246561.91551054092     
   246534.36579270413     
   246487.57626242124     
   246321.18737121584     
   246280.41688343935     
   246126.81241331098     
   246024.80407413319     
   245988.55233546742     
   245903.40031637609     
   245876.63249469158     
   245821.03083704915     
   245688.70827744214     
   245687.29883017819     
   245659.85158507456     
   245581.90613697915     
   245548.94173499988     
   245504.41162697168     
   245450.92280510149     
   245451.56498663590     
   245504.31272107712     
   245466.21549070676     
   245424.19374438794     
   245366.94281289904     
   245409.06017653644     
   245335.34443872399     
   245146.32571523901     
   245110.11591329449     
   245046.87293543428     
   244892.86268514447     
   244908.89953153697     
   244823.85326153852     
   244722.89826808186     
   244662.76247352749     
   244598.01688898436     
   244700.17317470332     
   244491.76318587302     
   244433.42116895886     
   244434.50573694461     
   244361.64747319306     
   244357.14094144088     
   244287.64490423392     
   244155.75466029899     
   244078.99794352808     
   244125.26391980756     
   243970.45981687546     
   243950.66707878344     
   243910.65868668695     
   243812.77464738442     
   243775.70029843153     
   243629.42227070464     
   243620.91287772311     
   243457.40236105394     
   243410.35636857388     
   243367.39179526721     
   243325.72502326797     
   243208.82637677540     
   243198.87854716438     
   243198.87854716438     
   243235.92413004386     
   243252.79665594641     
   243253.76000404544     
   243252.45205586817     
   243252.98855685588     
   243251.29006812698     
   243252.52270485004     
   243252.52270485004     
   243251.99375685860     
   243250.68209334250     
   243201.40463248282     
   243174.77566591851     
   243225.60116783768     
   243051.51441993657     
   243004.90209297906     
   242893.08287256205     
   242860.74027878913     
   242725.33616849309     
   242592.83961360063     
   242402.75686513123     
   242507.55081223941     
   242433.41814844363     
   242480.46984343443     
   242410.14565979620     
   242327.02418280428     
   242217.94211892167     
   242281.03735314246     
   242255.50706062050     
   242246.95700206183     
   242311.34110837351     
   242121.05324762920     
   242072.77421756709     
   242036.01826196254     
   241910.92764515625     
   241882.46386284579     
   241983.86506557232     
   241995.07744069112     
   241856.84755296199     
   241638.48319773687     
   241651.89338188269     
   241447.84376091752     
   241373.35386233358     
   241443.15834734470     
   241513.96261867729     
   241374.10055100545     
   241285.70540474582     
   241316.43218996658     
   241258.85092671477     
   241137.07866361435     
   241115.06697420141     
   240916.79840905275     
   241000.45640624431     
   240840.09136635397     
   240865.65429235608     
   240896.75957735447     
   240798.48907248408     
   240724.64320986316     
   240655.50226452670     
   240626.88630128716     
   240623.51226189217     
   240564.78890034172     
   240460.76627695202     
   240402.48782145628     
   240203.76754310972     
   240135.04650887207     
   240246.89612996779     
   240278.44602626201     
   240156.86266992349     
   240110.80315172111     
   239979.29772171788     
   239898.59156666801     
   239840.60311924366     
   239784.42062641418     
   239737.81331126252     
   239728.68600647981     
   239576.08585970930     
   239423.11093435073     
   239363.39843153604     
   239348.62670580778     
   239274.36004656350     
   239123.17190830605     
   239065.66851133085     
   238987.79373032312     
   238969.23427764879     
   238962.69949861144     
   238818.05546763292     
   238727.72312716857     
   238736.12760034011     
   238617.61651751614     
   238522.34213414812     
   238381.00667172170     
   238464.09913281939     
   238477.81475333357     
   238306.43318135824     
   238240.89409018293     
   238200.60565450360     
   238259.43278579687     
   238172.01842389829     
   238177.03953291889     
   238153.64353781921     
   238045.87514816082     
   238094.40789720597     
   237932.70155605709     
   237925.15552461075     
   237805.38961672207     
   237766.15915016146     
   237750.48701554671     
   237706.47609084137     
   237642.09313106452     
   237745.77893907001     
   237659.67383091687     
   237504.74064009183     
   237337.77051016074     
   237349.54655362418     
   237294.82009508394     
   237297.48086615870     
   237148.44063252100     
   237106.51341675932     
   237041.68767741704     
   237021.89414759967     
   236956.85222059008     
   236913.00952541686     
   236801.08241383452     
   236732.97302007274     
   236649.96912388346     
   236654.98148148600     
   236523.96377164399     
   236538.15699247457     
   236483.96637807082     
   236446.43364209050     
   236483.28994600504     
   236497.00204526255     
   236434.48690107753     
   236338.77040948646     
   236274.81909619819     
   236200.03908053000     
   236060.38597403854     
   236064.47809009836     
   235936.77238169865     
   235854.98830247307     
   235839.98891272178     
   235830.04635382269     
   235763.06014638423     
   235755.86153679306     
   235595.63588550608     
   235642.42087589606     
   235609.64663439576     
   235668.03843574307     
   235637.26998897616     
   235611.98335500556     
   235628.40095142875     
   235555.82668454500     
   235506.88037858828     
   235453.79056992571     
   235489.38148034102     
   235354.47493091910     
   235300.80150861308     
   235194.44788329632     
   235227.81131713645     
   235234.54105739744     
   235212.32182672925     
   235204.18049350954     
   235184.24584366180     
   235090.96822485910     
   235178.12691063966     
   235171.89074328588     
   235121.95378255137     
   235043.93799740815     
   234880.17546848985     
   234882.35643855546     
   234680.57267180533     
   234607.98135981930     
   234557.66556675121     
   234317.58354977082     
   234341.37444611953     
   234275.88455906344     
   234280.98782059824     
   234199.09728820459     
   234120.46099607809     
   234031.64551938753     
   234171.10064324026     
   234144.01301517466     
   234042.56051886681     
   233902.28356522901     
   233840.13030594034     
   233749.02674444136     
   233631.09367486840     
   233648.93964546066     
   233613.28299266548     
   233453.68674142551     
   233420.38163151301     
   233409.11584055674     
   233387.48523658817     
   233358.45853098205     
   233439.20439712793     
   233458.60075510549     
   233342.49796908681     
   233355.67651880026     
   233325.51231878117     
   233273.68747028222     
   233136.55141927249     
   233113.02497568724     
   233093.03423430014     
   233051.00640715173     
   233047.15357915632     
   233041.24554528281     
   232952.10862619086     
   232989.69673235828     
   232977.01692611093     
   232920.74580952103     
   232799.25922871736     
   232705.93759977855     
   232745.07452923318     
   232818.55979863979     
   232655.90499380958     
   232598.28011767304     
   232544.76051907864     
   232562.23128002044     
   232517.57954437620     
   232314.33040746016     
   232166.72173226817     
   232058.15137686406     
   232128.05454300874     
   232131.99291243646     
   232155.19775162174     
   232097.42866530834     
   232097.26446594339     
   231963.64900021147     
   231924.84724126878     
   231878.00986768119     
   231824.44101089565     
   231745.21274455817     
   231789.00475086542     
   231760.22716045941     
   231839.33045780336     
   231779.07347257700     
   231755.73825877655     
   231630.28225290391     
   231431.69290289047     
   231539.52200978796     
   231442.30286885923     
   231338.74475371480     
   231326.30278920702     
   231349.57355915214     
   231334.12276360294     
   231309.48448988682     
   231250.38532199856     
   231205.35699869393     
   231169.40191800057     
   231152.90039768914     
   231154.26403779612     
   231153.00405330805     
   231063.62499897246     
   231007.56790555618     
   230876.62050414778     
   230855.79225252935     
   230758.96946500553     
   230663.75762794752     
   230616.34361352498     
   230677.86722938094     
   230691.77521606834     
   230685.70879763571     
   230601.91170515589     
   230568.09270248353     
   230451.34882795397     
   230371.83848551920     
   230457.57102382067     
   230392.68587006218     
   230394.92200447468     
   230331.26618263070     
   230319.94858519596     
   230175.08215925930     
   230148.75770366122     
   230172.04379024298     
   230157.79646746736     
   230050.49368324061     
   229996.48642957714     
   229948.02052064813     
   229938.60916498306     
   229849.77565028874     
   229788.22210808631     
   229807.10100037340     
   229736.53856706966     
   229667.60940504828     
   229705.84318840504     
   229718.37119713463     
   229627.10124034141     
   229546.60104571428     
   229588.85734486807     
   229523.39154112749     
   229401.00192336651     
   229403.98556992059     
   229372.34617177391     
   229293.46950624604     
   229256.01513334934     
   229247.36778518913     
   229142.15285786701     
   229124.21531301399     
   229152.62097792310     
   229180.58787766413     
   229208.37984902284     
   229178.58156583458     
   229142.02504579670     
   229036.55091109028     
   228997.45450656331     
   228904.78050327528     
   228886.23122611037     
   228989.59258198849     
   228962.86386194822     
   228937.70940122777     
   228852.70910815184     
   228863.53542931902     
   228794.56329499523     
   228652.62284335034     
   228730.82336964039     
   228653.17682060492     
   228593.92316943125     
   228725.62886011950     
   228692.75704494718     
   228661.17924605074     
   228605.57877357677     
   228535.67159789315     
   228512.26972274133     
   228423.18703829293     
   228340.68740637065     
   228284.29028876714     
   228215.53055938668     
   228225.60719651301     
   228093.12006303223     
   228121.37544145776     
   228070.34043784603     
   227966.53905992839     
   227970.62877508631     
   228015.51683785071     
   228005.59061344125     
   227891.86500876618     
   227939.57000335230     
   227929.76382012051     
   227869.93978242495     
   227844.41508749299     
   227949.27233650547     
   227824.08465083656     
   227728.05750351821     
   227653.88338154260     
   227494.41555507723     
   227454.09400438363     
   227554.97887811047     
   227606.63875357484     
   227604.87112836956     
   227599.35100499168     
   227598.80585266778     
   227542.40548224960     
   227555.50074525329     
   227360.86490492508     
   227322.16019424747     
   227326.80728578742     
   227360.00929558495     
   227296.07122852196     
   227261.68318644183     
   227280.28497548620     
   227285.68451307976     
   227264.64601464136     
   227316.68199358054     
   227315.06982027102     
   227161.40257416939     
   227074.36757404034     
   227093.23057511597     
   226978.90799738432     
   226883.61826841894     
   226964.11574294252     
   226945.81088528599     
   226830.65566126633     
   226766.99111040359     
   226678.62072175159     
   226643.03069699524     
   226627.67128367125     
   226648.67719210795     
   226616.44327202716     
   226537.02287349099     
   226437.17552191310     
   226378.47687256266     
   226391.65975811679     
   226434.42073594933     
   226406.70373871888     
   226330.13021154518     
   226276.92773205152     
   226286.55350187680     
   226313.10435449821     
   226389.52903846634     
   226344.69687410048     
   226173.56658006014     
   226070.63517169163     
   226080.83888632728     
   226026.74155288527     
   226013.28975713221     
   226053.32339504591     
   225884.71871990000     
   225970.46934283563     
   225869.02572357230     
   225737.40666062909     
   225728.36816132546     
   225672.01061439337     
   225596.56638944647     
   225526.05561665448     
   225500.05151874406     
   225566.62145040341     
   225419.57493221629     
   225385.44644485071     
   225412.18225457519     
   225391.01422742876     
   225318.83440113615     
   225272.43321812744     
   225283.57067750284     
   225151.29063099547     
   225239.07593548074     
   225213.68154351658     
   225204.25222714571     
   225217.85402204396     
   225203.78011689507     
   225249.21665755723     
   225182.87937026372     
   225063.06013010105     
   225022.01751182450     
   225029.66062517773     
   225078.86725948789     
   224935.15114080001     
   224876.74550592416     
   224797.85096642011     
   224771.09538090701     
   224722.79498700294     
   224603.59751349696     
   224723.43569162596     
   224663.56602971649     
   224611.55751015726     
   224567.79238451947     
   224625.87101880106     
   224603.78949953790     
   224481.03969363097     
   224519.25955357924     
   224503.21094245356     
   224492.69757391425     
   224425.36353979466     
   224473.04279655867     
   224438.18584615941     
   224426.12117979350     
   224422.41691176116     
   224346.44925310026     
   224364.30208463967     
   224389.90125597190     
   224495.83079710780     
   224382.33299063906     
   224349.61736842530     
   224281.41288579462     
   224273.17793794788     
   224275.65090030676     
   224162.35676767613     
   224203.00861174311     
   224329.02347814757     
   224324.55039268133     
   224374.39873130166     
   224337.33979436575     
   224367.58563796544     
   224399.07909526111     
   224366.30947886183     
   224314.50207601869     
   224284.19707841304     
   224347.36162289459     
   224389.48106809525     
   224364.61297124010     
   224402.26728881084     
   224521.32423409066     
   224527.16056419641     
   224518.95288702357     
   224444.38786619654     
   224326.79606455367     
   224349.38204862882     
   224312.48358447151     
   224358.48477418191     
   224359.75624710580     
   224288.86011791060     
   224254.03996718407     
   224227.81357052494     
   224202.96142484795     
   224248.08363430353     
   224284.26073477507     
   224259.77477822438     
