   968471.16386716301     
   968475.70097844582     
   968477.75666240440     
   968444.65820231067     
   968447.16950575716     
   968470.87263719749     
   968391.93873621745     
   968361.81558589078     
   968279.62939337746     
   968194.73320953466     
   968262.45749816147     
   968210.99764423200     
   968117.65080231149     
   968044.70005453983     
   968146.37529048300     
   968106.93720886786     
   968054.06662510755     
   968135.84543471958     
   968145.79469642800     
   968099.80399062193     
   968126.10009649908     
   968163.19477368577     
   968145.79338174965     
   968155.90619942942     
   968085.25749923231     
   968080.63235672214     
   968161.57778326340     
   968134.94178845489     
   968203.86868558545     
   968147.45274001244     
   968155.42255775863     
   968136.07254338462     
   968055.84604723623     
   968031.10555601737     
   968093.30928760720     
   968239.25644122611     
   968134.17872697127     
   968152.09063907282     
   968184.71496972966     
   968050.90306427679     
   968133.63027260383     
   968059.36890880310     
   968105.52006147476     
   968167.02745345735     
   968152.58516422857     
   968174.11312553240     
   968040.13845014642     
   967997.62793321302     
   968021.96415597619     
   967921.58826742799     
   967814.79615893262     
   967852.95113408158     
   967826.71457483422     
   967821.22672118607     
   967768.86661797331     
   967887.29471703770     
   967897.61834015779     
   967781.78602213250     
   967883.32492895902     
   967839.47584351443     
   967925.82828950591     
   967821.03630200902     
   967838.19323714473     
   967726.37629384315     
   967876.28823807684     
   967880.96119450650     
   967811.97272674087     
   967767.53282913228     
   967677.98009125050     
   967675.98214645521     
   967639.31647997850     
   967711.49831386656     
   967754.87210794527     
   967757.54146590491     
   967811.68226348027     
   967741.45588866272     
   967655.03925061529     
   967557.30430038087     
   967509.79084472824     
   967540.64545296680     
   967599.31560012547     
   967539.51582361385     
   967490.25747817638     
   967423.76115232275     
   967526.68053501006     
   967494.93873661431     
   967543.70620246523     
   967608.47609622439     
   967631.66560332954     
   967638.05923561484     
   967544.01155695459     
   967644.63010174222     
   967712.88940378069     
   967681.95923200005     
   967773.47471886897     
   967658.08628968510     
   967717.03262347658     
   967801.81450407405     
   967887.42661922949     
   967839.78468274267     
   967709.95878518920     
   967755.04731469031     
   967756.96699420747     
   967629.74823544058     
   967599.53556696535     
   967454.82150388358     
   967401.99326801300     
   967411.30473719083     
   967485.99865562632     
   967479.36681475840     
   967428.78511631093     
   967406.90374922496     
   967343.81960268773     
   967267.71391636308     
   967182.98021226143     
   967207.92045494984     
   967161.48179149290     
   967140.73953824164     
   967182.30681829911     
   967159.98033631977     
   967152.05212726537     
   967167.08667679119     
   967117.22937656543     
   967145.67719611491     
   967060.84004427353     
   967085.27360293479     
   966988.18352513656     
   967018.81401489023     
   967038.97420555318     
   967022.65978595172     
   966960.74436971382     
   966931.37049709028     
   966935.49650483264     
   966967.36585517414     
   966969.08794289338     
   966835.04566581140     
   966855.32534781459     
   966813.56613158004     
   966830.52807345020     
   966859.98995011277     
   966872.68193451257     
   966935.19625347015     
   966921.03023996472     
   966999.17117380886     
   966955.74675320345     
   967005.97821474844     
   967033.69087128050     
   966993.69345969975     
   966932.04682607378     
   966906.23036122753     
   966929.42585291155     
   966998.79733705008     
   966967.64538258186     
   966953.28266265616     
   966943.50645121816     
   966986.99289620970     
   967021.91626265715     
   966892.01760552719     
   966942.50223762216     
   966888.89925215172     
   966926.80313337734     
   966947.76829406817     
   966938.45363689528     
   966944.22812414484     
   966965.52987023920     
   966968.78606264817     
   966923.51924761129     
   966836.63129384059     
   966925.74612574861     
   966836.37844044052     
   966919.05693733785     
   966912.45466580719     
   966857.25195908966     
   966806.00960999879     
   966792.11208881449     
   966664.02261842077     
   966520.51696957322     
   966588.66779387195     
   966586.35826619971     
   966467.86182655522     
   966455.71161256637     
   966530.26084475662     
   966659.59413646266     
   966684.09812174109     
   966618.92423629086     
   966608.62341551052     
   966520.80176700489     
   966528.53699322231     
   966468.47587345005     
   966436.52289363765     
   966582.01941369346     
   966572.30526398483     
   966611.25686489558     
   966571.38694111304     
   966620.51356537174     
   966599.41295801196     
   966623.22412165592     
   966586.80302483134     
   966524.39984041953     
   966432.66673211241     
   966279.66713173781     
   966300.48176377208     
   966167.40327962046     
   966083.66732973780     
   966007.39883194724     
   966073.07543781586     
   966069.34471674729     
   966224.67762350594     
   966166.62021083455     
   966124.46869094484     
   966157.25918110786     
   966085.46749693586     
   966046.56102651812     
   966035.96108302078     
   965898.28235573054     
   965810.62012389756     
   965729.52614794648     
   965811.29741618608     
   965743.66304002854     
   965810.43416952272     
   965891.30611228477     
   965743.46819055756     
   965775.95865590707     
   965799.02983914572     
   965847.71688125888     
   965810.42748557904     
   965822.68458662054     
   965694.26558395848     
   965634.31364297436     
   965653.82036471250     
   965647.73644399573     
   965665.74300012900     
   965628.53145044227     
   965488.29308610677     
   965445.78658567567     
   965392.08741538110     
   965333.62583675818     
   965418.71005993325     
   965368.61714731914     
   965243.15731261205     
   965293.15834476915     
   965336.83420805470     
   965318.46207346965     
   965217.54278746224     
   965179.05205398006     
   965173.21795723110     
   965107.60710691463     
   964985.08818849688     
   964974.61983462493     
   964997.11132425140     
   965109.94082322298     
   965041.72615251888     
   964924.89445037663     
   965059.44033857004     
   965048.42379571905     
   965029.58634611487     
   964976.12104681542     
   964959.10163705656     
   964960.68079603428     
   964987.22107855650     
   965075.70701601682     
   965051.01695226040     
   964989.13595153543     
   964927.12607053388     
   964880.52517341427     
   964845.07950426906     
   964834.52110287279     
   964876.21849686885     
   964781.85960206075     
   964698.06101269973     
   964676.58264230401     
   964710.92601981934     
   964781.33647523716     
   964669.77273147949     
   964657.67022054817     
   964532.98223154421     
   964604.68327070994     
   964615.24947848718     
   964510.75990602153     
   964510.75990602153     
   964493.03371348872     
   964480.13695724355     
   964534.59296902607     
   964557.87211030128     
   964534.81236764404     
   964580.67687153735     
   964599.91129576066     
   964527.84298640257     
   964480.74579556170     
   964440.27493930410     
   964472.57480657171     
   964436.42629714985     
   964516.23810288403     
   964549.77040383220     
   964481.22369597468     
   964544.59365866252     
   964538.44200850313     
   964464.62978847057     
   964403.68628992920     
   964367.56145605608     
   964211.71258436074     
   964151.39827874186     
   964133.79914996761     
   964092.79515305848     
   964114.33628403640     
   963970.67384245456     
   963976.19849558221     
   963954.12136172410     
   963912.41491807927     
   963896.71304194408     
   963802.22597251297     
   963808.39847060596     
   963796.81796536641     
   963754.00750778208     
   963752.15462524106     
   963689.26670362952     
   963673.15429600829     
   963637.17146465939     
   963656.09653269453     
   963722.97166874562     
   963797.54584397376     
   963815.51004765439     
   963851.32539610716     
   963742.98244271532     
   963667.25422059232     
   963605.81165913434     
   963484.93152879621     
   963571.24704091053     
   963521.15694902907     
   963479.09082267946     
   963438.81430287741     
   963542.35673261527     
   963527.96308742592     
   963533.11652964319     
   963449.73720543133     
   963406.92615682934     
   963359.45240118797     
   963200.50657361245     
   963236.44960288471     
   963128.51337194291     
   963180.52887267212     
   963229.47034442925     
   963167.43535123731     
   963090.39426516544     
   963100.36734230025     
   963115.32913464797     
   963068.19374086685     
   963065.70526192756     
   963066.61811691290     
   963056.75833272550     
   962996.35782575002     
   963002.89481624961     
   962877.00528865494     
   962874.50122065446     
   962923.57773206139     
   962936.94823720295     
   962756.68407130230     
   962799.51367307489     
   962699.58835348766     
   962621.56525311328     
   962641.25303149852     
   962673.85918590589     
   962695.19973657257     
   962723.60954549036     
   962820.95755143126     
   962804.36557389563     
   962791.63099992985     
   962588.33919240371     
   962661.07816747343     
   962603.18699311069     
   962602.61404480354     
   962605.30313063343     
   962530.31525878981     
   962594.82053844631     
   962632.60412156116     
   962617.97845292126     
   962549.75889882492     
   962516.20155426068     
   962420.25348165096     
   962434.41273690900     
   962458.27612195071     
   962450.25280296290     
   962414.44879840221     
   962365.30195319746     
   962321.65015532495     
   962259.25615070260     
   962258.40938604425     
   962268.62310715613     
   962223.39131558861     
   962243.06108631985     
   962139.09535033500     
   962180.76003563497     
   962223.19509494526     
   962228.95817719749     
   962230.60003694938     
   962187.63093267055     
   962210.96254986862     
   962071.06705897022     
   961998.92320340616     
   961980.91519250069     
   961978.12645597185     
   961822.83409131167     
   961781.48751703883     
   961815.30232599401     
   961825.92545527348     
   961842.18031291082     
   961778.16670123802     
   961759.28767262481     
   961634.56087040249     
   961575.55024746316     
   961574.37964374886     
   961577.71333636658     
   961616.69712443429     
   961708.12903948093     
   961647.68294539815     
   961669.00102907931     
   961644.41752929112     
   961569.70538042928     
   961511.09274361585     
   961553.38282700942     
   961525.90235773136     
   961535.92793922732     
   961598.63469366648     
   961598.63469366648     
   961534.30995058292     
   961469.81084417494     
   961605.21445365157     
   961500.97894580185     
   961441.59600224451     
   961394.83454925707     
   961392.24301127426     
   961372.90196365432     
   961373.89858055883     
   961437.77920695487     
   961283.75846741733     
   961284.35595060035     
   961248.31367356936     
   961268.49161048664     
   961312.07011036773     
   961399.00488701183     
   961317.13066712103     
   961292.60187796608     
   961298.25238218426     
   961223.93016700307     
   961263.89058112958     
   961307.48784846498     
   961400.40092778066     
   961366.93760192639     
   961433.93499673426     
   961485.30180348491     
   961492.25231514615     
   961478.04851110652     
   961457.04811681563     
   961358.45595329755     
   961407.21122398542     
   961449.33719795616     
   961610.20914116944     
   961606.02875363326     
   961574.83206372277     
   961607.17324139387     
   961603.20569442597     
   961549.18765789736     
   961556.03726418409     
   961486.24110293307     
   961431.76870901592     
   961486.95608213439     
   961436.41806442593     
   961402.36473128886     
   961412.49992809142     
   961380.44166974106     
   961338.57122390985     
   961240.02573770471     
   961270.72478354943     
   961264.24722886796     
   961339.68037420139     
   961273.81332466064     
   961208.90153149178     
   961195.53208681545     
   961157.18493629922     
   961167.81420981674     
   961151.61886624759     
   961185.50102184387     
   961159.55024684896     
   961087.57336361078     
   961077.90633378504     
   960902.45501149364     
   960940.33525219641     
   961072.64049482811     
   961035.77209364332     
   961071.30702516122     
   961107.96672207105     
   960969.80355778348     
   960984.13814587938     
   961028.19163263158     
   961122.62266244262     
   961044.15770486835     
   961005.22009214200     
   961026.17279437638     
   960990.68391286465     
   961039.43458449095     
   960968.13333910471     
   960916.61079028423     
   960949.42767799261     
   961003.93249771209     
   961018.09401334892     
   961041.22945537907     
   960928.25319894776     
   960884.32357247174     
   960863.20461952069     
   960885.98953414441     
   960964.08609351912     
   960944.30559185694     
   960949.42261860089     
   960981.75980403635     
   961022.93364810152     
   960946.46591952222     
   960924.39314658323     
   961015.15699459589     
   960920.13974898052     
   960784.12234849809     
   960770.61732583796     
   960759.86912419531     
   960790.62232199789     
   960768.63858310983     
   960790.76478475623     
   960703.67006487842     
   960747.24219790613     
   960753.33959394181     
   960694.28983326023     
   960689.94516535802     
   960594.07186484337     
   960747.65601096477     
   960738.91380530014     
   960618.67164138146     
   960649.62731014390     
   960674.24504305702     
   960659.10543862008     
   960655.79752640345     
   960622.60012891016     
   960605.32227251946     
   960609.16918706568     
   960470.30735027220     
   960552.10709616193     
   960496.86990435852     
   960405.05096257979     
   960424.04647173930     
   960459.71907994815     
   960385.89767710806     
   960354.82200594537     
   960280.76120643807     
   960332.08140270598     
   960323.54391686432     
   960395.21432863921     
   960392.78822848957     
   960384.19676235854     
   960321.31456174981     
   960240.39374283631     
   960218.21578066773     
   960235.46941853687     
   960241.29538321658     
   960209.03435633087     
   960178.03168113390     
   960162.27914653905     
   960114.83013456874     
   960064.18169723614     
   960050.27232097357     
   960058.20898525405     
   959950.84035254805     
   959971.49875289854     
   960062.44051468559     
   960103.45938904700     
   960120.87030066841     
   960061.49742769194     
   960158.29614055809     
   960207.86545846891     
   960120.75976627751     
   960050.77671362623     
   960079.92629371479     
   960000.39689764369     
   959943.69443302730     
   959981.40599536512     
   959950.61823824770     
   960022.34656404227     
   960069.69227800600     
   960124.44424105424     
   960156.15742838767     
   960104.33256994630     
   959996.95036555221     
   959909.52173614444     
   959909.52173614444     
   959912.87787299650     
   959810.80988119950     
   959881.43298929615     
   959900.92202035477     
   959857.88855049934     
   959855.73774924537     
   959805.40702702210     
   959791.31077439105     
   959725.66519893764     
   959719.40605790610     
   959683.96763105120     
   959576.50769151072     
   959620.81757496169     
   959596.32173088263     
   959681.28426669328     
   959676.00396076916     
   959581.95345856901     
   959679.98934793600     
   959608.82367356808     
   959633.01395008247     
   959612.76247658965     
   959593.24776733597     
   959559.04995769472     
   959594.74629899987     
   959690.61458195664     
   959674.93231074302     
   959713.36620772351     
   959685.61730555492     
   959731.63511101494     
   959630.64880412980     
   959556.26407423394     
   959579.06005639629     
   959643.92689625628     
   959674.89725489146     
   959687.36968654697     
   959670.52507269767     
   959507.36515194119     
   959533.61578511959     
   959441.75922527502     
   959445.06388767005     
   959453.80250687106     
   959431.64900322456     
   959426.93970832496     
   959360.34034962789     
   959340.18577374856     
   959310.37236028246     
   959329.64976132219     
   959366.93055279274     
   959327.81492293067     
   959311.80955048499     
   959237.23342158215     
   959200.00999199238     
   959144.18554812006     
   959138.72670886235     
   959110.12124858436     
   959144.17270208336     
   959203.66468130355     
   959233.37738182873     
   959206.94576853164     
   959223.53345605370     
   959267.22846255742     
   959339.33410101011     
   959269.27218742517     
   959256.24912484386     
   959172.88343587553     
   959103.43781298841     
   959014.45784345875     
   958937.64194616268     
   958927.29523644049     
   958869.82520518196     
   958939.04537228658     
   958967.02801756188     
   958923.40326756740     
   958922.18402582174     
   958826.35235079611     
   958903.10644890659     
   958918.90955262387     
   958931.52704298962     
   958868.96271449467     
   958886.35560369818     
   958821.98280527699     
   958840.79322291631     
   958720.56081560289     
   958782.72503350524     
   958782.41336579225     
   958781.28177413961     
   958747.63544400991     
   958842.20308841078     
   958869.38078394951     
   958831.43744980078     
   958880.08707912138     
   958811.67550184042     
   958802.99804890540     
   958796.68516203284     
   958740.58548186126     
   958747.48882256832     
   958687.01078081154     
   958629.91920968262     
   958708.83316005976     
   958634.47505344823     
   958632.39938043628     
   958574.01045969524     
   958568.88709977712     
   958559.94840912847     
   958540.43434599624     
   958626.86564356671     
   958605.28386466089     
   958605.86988735641     
   958582.55216616474     
   958485.71151710558     
   958614.32649256638     
   958724.21650759492     
   958628.06804507365     
   958708.78015739669     
   958743.45207602077     
   958802.22781294258     
   958762.17226872582     
   958707.32715080190     
   958776.66661944950     
   958713.67499090324     
   958710.00898581010     
   958729.76799443318     
   958738.44167748874     
   958668.78298553731     
   958619.13460955338     
   958569.83010151866     
   958517.04674465186     
   958474.10236733407     
   958511.58431368798     
   958521.36083688645     
   958505.31911089655     
   958444.00297958450     
   958364.83579549927     
   958387.07750117907     
   958393.85709866101     
   958299.46278414875     
   958170.21300529409     
   958230.27460611751     
   958190.37690696260     
   958179.95314629644     
   958175.44157146593     
   958150.69714431593     
   958108.34303040674     
   958125.88324288279     
   958059.98459739366     
   958060.70304720313     
   958062.17859440099     
   958073.98082859628     
   958043.02420503425     
   958053.15410461149     
   958083.22334698925     
   958014.02949350420     
   958053.51105580828     
   957941.45508086949     
   957981.03987967910     
   957936.55612580909     
   957941.76573625335     
   958003.29969284043     
   958074.94601344119     
   958116.35286791483     
   958079.53277153056     
   957944.29567422892     
   958027.73993543524     
   957895.82535243663     
   957890.78924549080     
   957797.07819360122     
   957873.12433567061     
   957858.76532442868     
   957915.99589180457     
   957898.03600792936     
   957972.55816427257     
   957891.16504441749     
   957841.69352760899     
   957843.38535734185     
   957865.69065769948     
   957960.76739594771     
   957949.68434808345     
   957798.43113807170     
   957861.03198986268     
   957816.91433700745     
   957924.84409671940     
   957800.16584228468     
   957801.55749456258     
   957741.27882338676     
   957753.88326071855     
   957787.75612413732     
   957696.91890372382     
   957675.08346140687     
   957726.04178828443     
   957706.94765310490     
   957662.34755154361     
   957585.94411865424     
   957538.29871040664     
   957589.72529065178     
   957564.21075097669     
   957521.58882441476     
   957482.80666849087     
   957456.58827782806     
   957426.49022469716     
   957295.19262165029     
   957284.98036409391     
   957274.58991551888     
   957247.33626399329     
   957273.74161315919     
   957366.71895201935     
   957302.71084810828     
   957355.74622156774     
   957395.22222432657     
   957354.07667482854     
   957341.38422236883     
   957466.58147665870     
   957435.22506159742     
   957453.93689348537     
   957506.96786727721     
   957449.84325550811     
   957347.20504384930     
   957272.77107449027     
   957294.27620408218     
   957259.84631722013     
   957319.56897951826     
   957305.39944740967     
   957393.05511921900     
   957375.04179743817     
   957393.11806753103     
   957304.91178714612     
   957282.95823054493     
   957315.22633758548     
   957345.11553286284     
   957379.04052478564     
   957399.64185251808     
   957418.26846440311     
   957360.16704192618     
   957454.69498038024     
   957373.70766789012     
   957381.22518434457     
   957394.81382330449     
   957287.83905172872     
   957370.88122231560     
   957326.11829701927     
   957340.32506593643     
   957394.15391646861     
   957381.48448842636     
   957440.03338621662     
   957419.70864868921     
   957360.10395985434     
   957319.17969714396     
   957286.81381685170     
   957298.63020417350     
   957290.74799817870     
   957158.89321932965     
   957151.36407391552     
   957077.22567273490     
   956971.93817246496     
   957066.54553978937     
   957045.31524436711     
   957011.04038345476     
   957058.80117541912     
   957198.41113394790     
