   198163.17478681687     
   198163.22010413167     
   198149.23760132067     
   198081.84723787126     
   197954.84690607197     
   198036.83484602632     
   198019.74000579116     
   197889.58998939418     
   197968.99648455263     
   197954.39547488035     
   197915.67160977676     
   197842.32593025680     
   197811.29764261688     
   197778.95359589971     
   197767.92845158055     
   197745.79769642593     
   197860.39330135720     
   197903.90401704804     
   197858.45930459179     
   197879.09518356525     
   197857.61866209819     
   197931.88709495901     
   197986.98886590966     
   198010.66278533585     
   197915.02232133722     
   197973.34452685222     
   197985.53877202043     
   197982.97357098540     
   197964.42821643688     
   198027.15618233941     
   197981.87967970211     
   197892.97812481583     
   197900.26558908436     
   197916.45671971282     
   197861.11186152033     
   197811.88775806615     
   197889.00566682732     
   197815.24911743705     
   197750.12686380511     
   197778.03703190040     
   197813.02847503222     
   197902.30137383653     
   197972.59672921605     
   197947.21735090634     
   197895.98974777720     
   197851.06067532732     
   197837.96331659314     
   197732.65894086042     
   197778.49104733314     
   197700.46308089601     
   197683.93146970373     
   197722.66128174771     
   197667.53529615610     
   197744.00338373677     
   197744.90956440649     
   197589.49058141516     
   197510.24680260016     
   197526.83644082828     
   197468.43994416067     
   197382.68891978977     
   197352.99318452593     
   197307.29074770858     
   197310.17593620141     
   197362.59059901314     
   197494.36395409334     
   197524.99760727453     
   197591.81910810468     
   197544.45625166470     
   197536.93127174070     
   197510.40117384261     
   197601.60354025514     
   197639.90368661692     
   197563.60924903888     
   197575.83387255808     
   197495.02783327314     
   197404.31405273796     
   197372.62985953779     
   197396.10647700855     
   197380.99294326123     
   197407.66558787643     
   197438.77399528932     
   197430.06296973798     
   197491.15931508422     
   197498.27873688168     
   197470.28934274733     
   197531.81129692969     
   197375.49167978577     
   197433.06287106845     
   197369.39756344419     
   197438.88404114699     
   197418.96244934935     
   197316.81101198192     
   197232.43166562699     
   197211.82786216767     
   197271.21624936062     
   197274.38391058688     
   197267.79249891770     
   197305.92271143544     
   197333.47046279084     
   197302.18612122574     
   197241.00617707186     
   197284.38657858403     
   197151.21477685196     
   197160.64184105545     
   197185.03646904486     
   197262.73735148559     
   197164.02362462960     
   197199.74158892006     
   197022.36638939034     
   197032.45696432402     
   197073.98285336597     
   197135.23486202236     
   197083.90123086228     
   197051.04915457673     
   197134.62479621696     
   197071.34209173813     
   197094.54925053805     
   197171.42900127536     
   197142.71487783306     
   197176.55872590217     
   197166.73208303744     
   197177.93803152221     
   197112.48146031512     
   197114.22639037040     
   197191.80929489754     
   197153.36539708872     
   197112.85918484189     
   197186.30050034044     
   197134.57837125930     
   197162.44052535304     
   197218.51428008566     
   197277.05160526020     
   197252.97329757435     
   197226.12177221724     
   197159.38570212352     
   197172.11449318859     
   197095.14031640350     
   197072.48300907901     
   197028.05992503834     
   196945.72233580181     
   196993.97814814918     
   197019.47144461106     
   196972.92305359594     
   196920.45421560909     
   196891.62260480438     
   196846.16396405781     
   196821.83898037960     
   196776.85728120821     
   196778.50427633093     
   196801.18323770375     
   196869.37999944040     
   196742.49615951968     
   196754.10958073739     
   196720.10924997705     
   196708.03750336266     
   196716.79521272506     
   196654.03496501234     
   196627.62793244104     
   196602.61620633394     
   196657.85224144702     
   196561.37270045665     
   196564.54766695169     
   196500.46178099606     
   196436.83542161025     
   196515.89983881506     
   196528.55487353227     
   196549.41634568770     
   196525.32651996566     
   196606.61010566179     
   196551.09235183790     
   196548.51423975531     
   196492.70944690335     
   196585.11962291901     
   196549.36848870080     
   196465.67360508774     
   196554.43851987936     
   196554.86611299054     
   196591.07466935043     
   196557.56026750477     
   196655.64270744432     
   196702.87945340719     
   196692.74307042427     
   196669.92324509638     
   196708.14571009937     
   196721.41630867225     
   196758.85362943230     
   196707.11254460376     
   196719.79288648179     
   196712.40942635635     
   196630.28188266774     
   196710.94233718835     
   196861.11864075938     
   196815.92340472477     
   196677.17453550806     
   196742.75597406956     
   196752.99934065316     
   196811.48580897841     
   196845.55538998632     
   196855.21636349239     
   196816.26828409045     
   196796.41976876464     
   196860.69184161525     
   196894.49772023977     
   196901.60415190901     
   196860.27895631618     
   196849.15615877596     
   196917.08877431319     
   196857.41198611751     
   196840.41456601029     
   196849.34378949847     
   196968.26881442274     
   196848.02472626825     
   196920.04554960201     
   196817.25630529344     
   196836.22236796108     
   196882.71687223151     
   196937.24432164337     
   196935.61854015820     
   197004.71522737906     
   197051.13554780858     
   196968.26696926993     
   196998.23986442958     
   197006.72490356411     
   197040.75733218185     
   197001.36746104539     
   197037.10341732882     
   197085.21627666592     
   197094.82786974966     
   197104.64519993143     
   197208.10925017053     
   197054.00719942842     
   197098.44160040873     
   197034.22443087032     
   197001.52167357379     
   196957.24133171243     
   197004.65659843566     
   196935.02397710038     
   196990.85161370347     
   197004.83524801058     
   196982.75879141470     
   196996.39904333209     
   196965.42825726268     
   196914.17885335686     
   196898.94135565680     
   196902.12966960305     
   196800.36472900820     
   196825.57351190841     
   196925.18775258219     
   196830.54099826072     
   196816.79313135621     
   196875.07275975379     
   196843.17201286298     
   196844.98201887836     
   196782.35026487382     
   196775.78895869025     
   196686.10376028711     
   196715.18683515897     
   196768.72717388096     
   196878.87523439969     
   196696.77754353717     
   196715.47876049360     
   196705.78864467761     
   196764.43662804732     
   196786.38635872057     
   196820.07475123266     
   196808.23615189950     
   196857.65950202191     
   196874.46722469514     
   196836.56548763212     
   196809.24392828401     
   196741.89953757569     
   196844.26773223467     
   196811.58037315807     
   196861.95753349981     
   196859.51313600608     
   196883.01186220752     
   196839.99002326530     
   196882.58439908249     
   196844.30076733197     
   196877.98299851743     
   196876.20595004424     
   196876.20595004424     
   196875.68749347606     
   196898.36139380344     
   196709.18982049750     
   196841.50140581749     
   196801.16364631674     
   196740.65566603353     
   196684.46477547882     
   196680.89177999471     
   196741.00313900394     
   196661.51009778795     
   196784.71566926857     
   196795.41565846928     
   196708.29146451186     
   196607.59345748037     
   196713.23222668524     
   196743.41342357543     
   196917.66244444801     
   196954.64797193964     
   196932.83131827562     
   196933.41224940514     
   196951.39624959254     
   196858.60683359607     
   196861.35130250436     
   196845.04938116134     
   196877.39939829486     
   196823.19524283559     
   196834.17017016828     
   196715.41582954815     
   196635.67557501770     
   196690.37146468431     
   196745.16010664561     
   196704.70768557352     
   196770.37368962908     
   196701.02981821290     
   196759.67567732852     
   196758.38216806122     
   196728.79777485132     
   196668.06197620844     
   196710.62640135863     
   196735.15369009550     
   196566.25951360867     
   196612.77356161954     
   196484.59481325399     
   196536.56662269024     
   196543.90912254393     
   196552.77036765622     
   196567.71319170890     
   196578.67247965751     
   196579.29931303364     
   196552.24767387248     
   196588.08429096991     
   196577.14612069991     
   196611.35219331231     
   196597.79641147231     
   196479.34985965994     
   196645.75336530284     
   196632.28272681028     
   196581.66696711598     
   196532.21834285388     
   196513.17837582997     
   196569.82391521620     
   196532.74447635390     
   196524.16630607724     
   196606.54826374722     
   196632.53845226203     
   196677.70423414157     
   196442.83397197031     
   196493.60442224506     
   196440.34758101369     
   196576.33759623961     
   196669.01467849297     
   196640.99204598833     
   196703.81936749464     
   196753.42304264801     
   196740.89333611197     
   196658.29686399107     
   196567.76047497045     
   196648.24338139611     
   196661.68360411181     
   196554.07133013563     
   196621.02613333720     
   196586.03908612556     
   196608.95062434438     
   196551.58716442907     
   196473.76602470985     
   196500.50952936482     
   196475.46350773695     
   196523.34531161957     
   196536.15715741160     
   196517.46864291601     
   196549.37271709493     
   196556.41324973921     
   196639.25074867360     
   196692.66364655533     
   196663.92630400427     
   196683.57743269517     
   196698.67286938967     
   196725.26828236019     
   196650.78576689566     
   196692.07284375446     
   196590.02717251098     
   196605.80120784324     
   196564.02035843523     
   196650.69599626615     
   196596.30846078202     
   196645.81379548932     
   196658.79695956770     
   196838.36763903833     
   196817.09397416827     
   196803.06842319059     
   196905.12812845924     
   196808.75397210641     
   196919.72938619630     
   196950.57387643986     
   196928.87269274495     
   196957.45956187049     
   196936.73413311876     
   196906.40763689537     
   196881.84818689123     
   196906.95615096847     
   196959.91205731576     
   196988.25183718521     
   197082.91819411272     
   197212.98119103667     
   197188.02547341192     
   197282.95354750831     
   197329.78444882564     
   197391.07057628894     
   197360.88841477718     
   197366.19121059272     
   197356.06154122372     
   197403.38389216238     
   197206.98746647444     
   197295.01408133018     
   197287.42384495513     
   197295.17327453630     
   197355.25235123694     
   197324.21087370504     
   197242.89127258863     
   197291.22468257853     
   197397.77989173218     
   197409.14960684700     
   197435.20919574288     
   197473.68644608918     
   197538.05650398968     
   197579.29253451855     
   197680.51576730295     
   197714.31441374673     
   197772.83224785552     
   197730.38823794411     
   197786.29871103092     
   197788.41945473495     
   197884.34790371740     
   197907.87719288352     
   197893.38295789185     
   197848.00729863407     
   197919.82923275506     
   197955.66362979211     
   197947.82124623391     
   197902.88659912822     
   197936.05172584430     
   197930.33482880599     
   197862.57273698997     
   197872.27579111228     
   197865.44905975871     
   197986.45149057612     
   197967.62921878573     
   197951.72960943551     
   197939.55676767902     
   198094.58178092408     
   198209.37398677092     
   198183.24820180607     
   197993.63504165324     
   197967.41788990775     
   198033.91796595816     
   198063.81948705559     
   198088.13490611143     
   198106.94416042842     
   198196.15260361071     
   198181.45514858078     
   198233.83137687636     
   198185.04511141038     
   198269.29753310015     
   198280.58388373005     
   198241.49791914076     
   198292.39735140471     
   198349.63713972544     
   198387.64560279611     
   198378.93914121404     
   198389.12701230930     
   198467.84386119738     
   198466.21208737121     
   198438.57412266984     
   198405.37900540981     
   198427.80470672593     
   198520.02616343985     
   198637.63988963197     
   198630.37734077123     
   198602.35356444833     
   198697.92278871342     
   198783.57078608000     
   198818.74733264482     
   198788.95082088641     
   198795.85939942635     
   198766.02526027002     
   198777.38122809766     
   198784.61767140316     
   198780.67600341100     
   198667.96613733133     
   198706.23803630294     
   198784.44280517322     
   198860.18160437135     
   198902.44083178369     
   198901.19621663089     
   198849.88292922016     
   198847.78443546253     
   198851.14403928033     
   198950.07224073884     
   198812.80774666628     
   199006.86264083243     
   199135.99082706036     
   199097.97884714667     
   199075.60088313688     
   199063.14543148034     
   198912.65222027476     
   198911.73291652196     
   198958.15130111374     
   198884.83096035622     
   198892.55050621121     
   198888.73211700600     
   198950.06652264547     
   198883.38163376687     
   198903.16655979081     
   198988.38692533376     
   199011.84369487525     
   199108.42859785922     
   199148.01970829786     
   199169.33257751112     
   199058.51310296915     
   199138.44896932360     
   199203.86397306941     
   199270.38036556239     
   199233.23642813330     
   199341.85080337973     
   199461.65064382675     
   199402.60368685119     
   199487.72712098021     
   199459.65348984909     
   199535.04105250840     
   199450.71476043324     
   199489.94984382359     
   199634.98423245215     
   199585.38262709809     
   199571.79746558683     
   199541.56744619939     
   199582.59616786934     
   199662.06349186262     
   199687.85170122259     
   199688.96328000940     
   199665.75810639182     
   199632.35650915708     
   199670.45503603271     
   199580.54424206406     
   199582.98496334947     
   199523.00953748665     
   199525.19830647635     
   199524.48325132858     
   199578.00743579626     
   199627.12287771079     
   199699.25365105044     
   199779.48702651201     
   199783.64786977798     
   199778.04279275989     
   199814.59728084286     
   199875.74634472444     
   199934.70670049757     
   199925.10466332419     
   199919.17138928358     
   199959.21906588238     
   199921.64014892461     
   200002.70874589009     
   199991.02200371260     
   200034.97264298558     
   200105.79457378638     
   199974.84428451679     
   200049.09563931846     
   200126.40064992826     
   200158.08120787612     
   200213.24417510876     
   200124.31314758366     
   200292.85355014104     
   200258.61613206190     
   200342.91748200174     
   200254.80801932127     
   200470.49721852218     
   200480.28767719684     
   200450.32908361370     
   200440.14719337455     
   200526.93390136946     
   200509.67868041302     
   200458.69877865037     
   200451.44934226121     
   200569.62407686107     
   200627.43719582999     
   200600.69705902255     
   200592.94241140090     
   200511.82636568527     
   200603.38150375008     
   200646.39695465786     
   200691.00898780112     
   200572.67491836968     
   200628.02486306417     
   200662.16365023993     
   200652.04860463855     
   200697.81818193087     
   200724.21944501586     
   200691.81604762576     
   200757.30627750626     
   200662.61549329013     
   200732.92855030240     
   200771.86174064851     
   200803.35389712910     
   200791.14364105661     
   200745.66160733200     
   200776.45816020280     
   200883.32918730404     
   200835.58881657847     
   200895.37169266038     
   200877.39890300648     
   200942.95321223498     
   200861.91433071214     
   200842.63092305689     
   200776.49737687223     
   200856.16818151317     
   200884.67574158078     
   200841.44007787123     
   200837.80905846634     
   200813.20475846442     
   200802.14284081865     
   200836.61624003007     
   200886.67754074681     
   200860.77230956886     
   200855.33026449068     
   200775.82856060099     
   200766.85890126196     
   200737.69051698493     
   200824.68119730573     
   200904.89580167053     
   200994.54981702397     
   200944.54904251825     
   200999.16920181180     
   201020.79623808630     
   201006.16774436808     
   200839.43887691470     
   200786.30271454100     
   200861.77252881971     
   200999.44379263892     
   200965.65792297284     
   201110.37669661571     
   201115.61805396556     
   201178.03812329890     
   201223.65576416222     
   201254.19431967952     
   201334.51796919174     
   201388.40863326515     
   201379.30754837662     
   201258.18804910764     
   201270.52393891694     
   201201.37854442149     
   201221.47055944588     
   201205.35503434716     
   201236.76126965633     
   201257.34932287098     
   201331.75266540830     
   201325.31528559979     
   201229.91383516300     
   201220.36044510955     
   201239.59846853421     
   201302.22717150292     
   201191.11398816851     
   201248.68738371867     
   201292.34307214545     
   201300.45308459777     
   201305.49803747112     
   201339.93913212107     
   201376.17384520569     
   201436.61119460402     
   201455.03754558822     
   201557.70039990655     
   201597.93875697022     
   201595.06455868846     
   201570.34704832110     
   201596.77479311137     
   201573.90790965315     
   201529.64655143174     
   201630.55973230436     
   201679.42760518967     
   201734.91424611915     
   201690.62400107208     
   201716.27103221923     
   201708.97269545117     
   201757.12657280391     
   201733.99688012444     
   201783.27178039169     
   201804.82268711078     
   201836.44626477582     
   201817.25682700030     
   201824.74895949633     
   201966.89530227453     
   202021.19103939249     
   201967.49382810135     
   201968.43218299141     
   201975.79276554205     
   202041.28700690711     
   202146.25637543254     
   201995.80486320695     
   202097.03881046700     
   202086.55957233117     
   202075.05982505513     
   202047.47156094050     
   202085.05110543739     
   201984.81258940449     
   202051.64056602106     
   202032.02496302861     
   201918.22174295172     
   202011.53370798531     
   202038.69280575684     
   202038.18023263605     
   202029.53831446019     
   201908.21391137387     
   201944.14299100052     
   202062.70196889126     
   202103.72711020286     
   202087.31892030252     
   202080.48836657047     
   202117.41059109193     
   202263.77076616502     
   202275.63338051870     
   202271.12728602989     
   202198.66300240782     
   202183.35268485133     
   202160.47563995104     
   202244.39956114654     
   202249.88630799681     
   202184.84940639682     
   202095.15197584403     
   202074.13341337795     
   202051.07353187969     
   202060.74591644181     
   202122.13433770728     
   202009.48174665420     
   202074.97168334539     
   202063.07493005050     
   202215.34758994507     
   202113.25953686723     
   202175.07919521123     
   202179.24655776046     
   202260.10159482853     
   202266.03336962179     
   202256.18671590931     
   202221.94893724821     
   202224.53832980816     
   202276.91457702871     
   202321.84295803169     
   202355.60150122509     
   202344.86521796370     
   202435.79501196271     
   202402.55574855127     
   202476.87497977039     
   202459.74711026135     
   202445.81188679201     
   202328.09004714128     
   202414.98769262841     
   202374.57837272572     
   202483.25047421988     
   202617.12931862360     
   202573.11159810179     
   202535.43746110951     
   202554.27320542399     
   202401.20174149857     
   202534.69857302838     
   202457.83219189919     
   202604.27393964681     
   202725.29571456264     
   202651.79991010024     
   202786.01577112189     
   202853.96416493578     
   202875.49562244545     
   202952.21511475780     
   202911.12794663940     
   202691.69674914484     
   202693.23355461325     
   202629.93501099062     
   202662.86220645273     
   202554.45409943684     
   202667.14026707158     
   202611.30605177753     
   202665.64939432379     
   202678.98728085350     
   202675.87398442920     
   202626.83340914309     
   202698.52126058500     
   202697.34408467225     
   202636.45341783913     
   202678.41873078982     
   202745.68305304786     
   202705.12888599600     
   202772.59808329411     
   202827.51040398359     
   202831.97220666311     
   202876.46528559842     
   202879.17294838393     
   202784.89797634530     
   202934.39765641867     
   202993.79652163701     
   202933.24823901584     
   202852.79980549435     
   202911.27944731197     
   202882.66691395067     
   203044.80425297923     
   202940.75247824352     
   203106.76582993910     
   203123.14229495678     
   203202.60949728044     
   203151.50497298071     
   203222.71103404742     
   203284.30587651904     
   203186.21294551282     
   203248.20976508802     
   203234.33046948718     
   203361.33968690655     
   203322.00067056922     
   203404.73752117352     
   203360.69186526418     
   203491.40195606710     
   203508.28069430674     
   203464.45643262676     
   203418.72803944923     
   203526.38383246446     
   203402.71951615540     
   203503.89492226584     
   203564.57646613300     
   203648.42575754010     
   203712.16014857899     
   203743.00807511667     
   203788.94229718554     
   203812.60065932659     
   203836.02083790681     
   203873.55569064704     
   203927.67133000819     
   203913.15088563575     
   204000.18661040807     
   203925.57888782854     
   203985.01475163453     
   204016.62751681457     
   204093.77163408595     
   204078.54889311770     
   204146.05938695674     
   204198.28841941780     
   204251.56264116903     
   204293.21037668985     
   204299.89852215414     
   204392.57030102663     
   204366.50229786398     
   204476.17322229291     
   204506.04201485286     
