   207609.20687094543     
   207609.20687094543     
   207574.10349421189     
   207469.16452243214     
   207545.61732631264     
   207485.70813487418     
   207416.12468373135     
   207463.34507706144     
   207465.24434527045     
   207498.48214557313     
   207483.26477556914     
   207529.64623320469     
   207570.65063624899     
   207616.16529922030     
   207579.35676317383     
   207466.38527679967     
   207538.98345263136     
   207533.91009000229     
   207511.68890807405     
   207454.60173634539     
   207474.57443892435     
   207563.90944119115     
   207497.36204202962     
   207550.75592085396     
   207529.40095494033     
   207552.58890990182     
   207520.46031663322     
   207493.99151032238     
   207405.24234214128     
   207388.14691952255     
   207347.00585133949     
   207236.83562743969     
   207228.91667548617     
   207247.37984832915     
   207275.99832142840     
   207263.70914684862     
   207408.20465762148     
   207284.86021580713     
   207338.13798505519     
   207310.88143456561     
   207359.60097588063     
   207418.37206408972     
   207354.61008619348     
   207490.31270727731     
   207479.52156846775     
   207456.00691927076     
   207462.01276720542     
   207490.86723188206     
   207383.49722978467     
   207448.00565573474     
   207415.18311415490     
   207335.27208553773     
   207247.63707895085     
   207232.69725781007     
   207201.28563868019     
   207126.88114778604     
   207240.00984153114     
   207251.93903623396     
   207289.60422857472     
   207240.00034584306     
   207062.83696525081     
   207033.28040303822     
   207037.79134056796     
   207053.18709476650     
   207063.79899956647     
   207060.19767470544     
   207032.47747826006     
   206970.88290511354     
   207102.92676279784     
   207100.59778882939     
   207085.40436102392     
   207141.16970376688     
   207170.41445244578     
   207221.53444082214     
   207213.15896673882     
   207226.74285674290     
   207287.69058196817     
   207245.27275364351     
   207271.71019782766     
   207353.16640509735     
   207281.73263005825     
   207257.54338173650     
   207186.29471161150     
   207159.87621356902     
   207133.57729409394     
   207213.32950499817     
   207224.54827781025     
   207241.05402963524     
   207219.11087181987     
   207179.97681604547     
   207150.83771452136     
   207192.32011697101     
   207163.31218832877     
   207137.33024706328     
   207074.47030504612     
   207072.31665563444     
   207028.55262561230     
   207056.51073345172     
   206909.14125031437     
   206953.65028672985     
   206919.10856988502     
   206890.72063913706     
   206876.29623477848     
   206858.44792592456     
   206896.89084688161     
   206809.95659869444     
   206797.03381073481     
   206847.65201388884     
   206935.67284795086     
   206975.14843719505     
   207011.13908775130     
   207020.63161264412     
   207018.87231367483     
   206998.13204353594     
   206967.37595561281     
   206871.30077788068     
   206868.57921664271     
   206915.32891110826     
   206889.55797033894     
   206839.09669966437     
   206688.21259916111     
   206722.78581930400     
   206729.26850293417     
   206776.56581477649     
   206844.54575703648     
   206829.19599402839     
   206833.46964453463     
   206809.45472397530     
   206750.83438482927     
   206633.21199670562     
   206516.90824210300     
   206611.49400103593     
   206657.38167841476     
   206746.23729568205     
   206791.50060606646     
   206752.33572746083     
   206730.63178663229     
   206680.28096730262     
   206725.05898208273     
   206683.27136563719     
   206684.76474670737     
   206580.00523686016     
   206639.28358635705     
   206681.04741754255     
   206621.45756195352     
   206680.46028913083     
   206663.68285713380     
   206731.76742447587     
   206613.12281223293     
   206563.27534861927     
   206497.36146812263     
   206550.13228315895     
   206623.70390237565     
   206549.99253246342     
   206514.30669499730     
   206545.81025395088     
   206539.16286713205     
   206680.53915533202     
   206718.19620469370     
   206612.92052351043     
   206693.60295648291     
   206601.14920804655     
   206618.64919706507     
   206531.64375123524     
   206510.91438417762     
   206556.46421388027     
   206471.87124423459     
   206461.26985010668     
   206367.05382464486     
   206311.66178451572     
   206362.24489529035     
   206352.44536201222     
   206332.79077733363     
   206293.47568386205     
   206191.61873273307     
   206215.42152072425     
   206243.58973238178     
   206269.83722454120     
   206240.13524355588     
   206230.78783754332     
   206159.43466449471     
   206060.45970493674     
   206035.10061751856     
   205960.79007331480     
   206044.44161525031     
   206049.21098917289     
   206049.18800856409     
   206113.47095740787     
   206158.92963843234     
   206175.14453159354     
   206148.47325696936     
   206080.92634987133     
   206098.62279823984     
   206043.04401364538     
   206055.22445887077     
   206109.00780762124     
   206071.78559057432     
   206030.66113205411     
   206067.26701648545     
   206132.85059993601     
   206095.37403737838     
   206110.63001551738     
   206051.93965498218     
   206011.46308304081     
   206115.96503020378     
   206081.84039472727     
   206147.56539846348     
   206132.43933686512     
   206239.44208976859     
   206210.17599168190     
   206224.75548101985     
   206199.94682696447     
   206216.34501116886     
   206117.55267868144     
   206094.57732316913     
   205951.40110646034     
   205966.98984885769     
   206102.59067468712     
   206112.79611237126     
   206034.17956667530     
   206113.40727301443     
   206065.55923450235     
   205954.70580337720     
   205928.27518955272     
   206003.42580317389     
   205932.63200915506     
   205965.49172151458     
   205958.52872722878     
   205903.95012809843     
   205915.51881689139     
   205880.99209796725     
   205955.89728046383     
   205909.84422181098     
   205858.73341959371     
   205870.02306300000     
   205863.63143127252     
   205836.48843201110     
   205841.31848394425     
   205852.06828484478     
   205875.37502621766     
   205888.89021888410     
   205900.40532648569     
   205872.83560829191     
   205762.08036005765     
   205695.23627247527     
   205589.96029032971     
   205569.49322128121     
   205607.35633219755     
   205701.86320097174     
   205774.49814756715     
   205772.25451041103     
   205806.19439579218     
   205784.87803861004     
   205786.45005759707     
   205767.62264217366     
   205587.73443476684     
   205606.20995073946     
   205608.31218508180     
   205606.80380901136     
   205606.30991842932     
   205583.74326249456     
   205620.88993940139     
   205578.12010687086     
   205618.81911972779     
   205506.33640865027     
   205500.82590789534     
   205546.77880635968     
   205512.40029685921     
   205494.14011932217     
   205502.58644743753     
   205445.06207351902     
   205619.75214940580     
   205575.91368882565     
   205611.75403553317     
   205546.31141373125     
   205541.03158250969     
   205495.97866792805     
   205532.83485150328     
   205549.07540170025     
   205549.07540170025     
   205481.47732157551     
   205437.09540709472     
   205417.40954507393     
   205442.96178160544     
   205459.87287426984     
   205431.29714783415     
   205397.33976962705     
   205419.45754766191     
   205375.15757438893     
   205377.40992320131     
   205432.49907531051     
   205348.82692202952     
   205225.69861375392     
   205212.37024868804     
   205180.61467862566     
   205334.50215135165     
   205338.32865151102     
   205303.59126430354     
   205351.21655759000     
   205261.16484327882     
   205170.70580207350     
   205098.50977282322     
   205192.49209403852     
   205193.71275928241     
   205217.35892381877     
   205206.97990714773     
   205267.67956536336     
   205223.31995650154     
   205162.05387853351     
   205186.47809174765     
   205196.56851116969     
   205228.31778182572     
   205266.05315115338     
   205292.59094354892     
   205391.78326068379     
   205388.56621939808     
   205207.98027695811     
   205212.49462894286     
   205185.27781466831     
   205096.44413263991     
   205049.89792552145     
   205087.95367331742     
   205049.91436777540     
   205091.54492403584     
   205137.25306094496     
   205124.31270511149     
   205092.53122998559     
   205088.58344118614     
   205077.08243165768     
   205095.10106799236     
   205056.76848127795     
   205087.41141071520     
   205042.60036858922     
   204986.34454813573     
   205068.94724107342     
   204870.42314656495     
   204831.35919257114     
   204918.44476336820     
   204897.01795013726     
   204820.78953835994     
   204789.05173351589     
   204822.19444476263     
   204813.64113529216     
   204874.57074782142     
   205041.61940860277     
   205054.57100946538     
   205090.40054527487     
   205062.93951827267     
   204970.91944175336     
   204961.41628567807     
   204850.05353538800     
   204918.35455237422     
   204925.73318897936     
   204813.75413609692     
   204802.52851351901     
   204688.08425063372     
   204670.10639192630     
   204705.50853951200     
   204699.50959286495     
   204748.43768740917     
   204625.55747696289     
   204617.19569904212     
   204713.85352336758     
   204751.62930194603     
   204736.51309540251     
   204711.10017244087     
   204745.95252650650     
   204714.37221240660     
   204778.07242238760     
   204727.61530098011     
   204856.57444606762     
   204800.40747712506     
   204821.18410501009     
   204809.30703417410     
   204712.01215876022     
   204702.13371597242     
   204634.63020370423     
   204693.66622354783     
   204783.51668431694     
   204804.90495235319     
   204724.56906702949     
   204770.28258092314     
   204785.29313579947     
   204825.23289272794     
   204791.93188917302     
   204794.75523258778     
   204820.40413163719     
   204741.22459146910     
   204747.38288598243     
   204665.84703741272     
   204601.59018255988     
   204623.17140901662     
   204559.96986664622     
   204452.83431974842     
   204482.93491767644     
   204430.65626020866     
   204408.99159246968     
   204469.25989161019     
   204397.01963113560     
   204446.61306088883     
   204389.91723593741     
   204477.36942700023     
   204522.01077384219     
   204519.15039202024     
   204465.07223149622     
   204373.70429591392     
   204307.17697901218     
   204324.84587605292     
   204334.56632042516     
   204340.58203148190     
   204298.39414164438     
   204282.21473833953     
   204287.84344459575     
   204261.31240727170     
   204235.73078827694     
   204299.41674369550     
   204219.47997811303     
   204272.31835662969     
   204308.22652266832     
   204210.47309531798     
   204171.30677632309     
   204144.80785053884     
   204144.10836678842     
   204182.07121566270     
   204211.04689755864     
   204087.51015030028     
   204221.46334487508     
   204210.30833276486     
   204238.92308688510     
   204313.62544947196     
   204251.89396903841     
   204224.92486246751     
   204259.95860606324     
   204338.65614268446     
   204223.25970214832     
   204265.56522463262     
   204325.11898732249     
   204306.81297700186     
   204373.10684655115     
   204265.32359903571     
   204120.28274262889     
   204154.66822270045     
   204150.80708084765     
   204162.32113126788     
   204199.76164796975     
   204322.32797680373     
   204290.65285374917     
   204301.12169209533     
   204229.72700453125     
   204272.27566471699     
   204259.21396046854     
   204257.67588857439     
   204235.89182123591     
   204228.20758712196     
   204236.46871584895     
   204129.17276678880     
   204138.43642789969     
   204109.54429263127     
   204109.31560775932     
   204036.92233229682     
   204157.76949666670     
   204173.13393054539     
   204092.11165543072     
   204134.00311763724     
   204169.42914200728     
   204160.73679092375     
   204208.71311380225     
   204224.43061480994     
   204433.60404880228     
   204338.68790235836     
   204417.78795054680     
   204382.24173406075     
   204315.77946660982     
   204261.16408465721     
   204258.55767421031     
   204310.38101575733     
   204268.36942967540     
   204304.40641173464     
   204364.59587428372     
   204271.49284385639     
   204279.93404779589     
   204283.97343853523     
   204301.22991890245     
   204272.29924709524     
   204249.27564828485     
   204187.51764912662     
   204092.52395520025     
   203974.59819057825     
   204057.16379488734     
   204080.21832993903     
   204008.40223973946     
   203985.78773330231     
   203977.69062810190     
   203978.79810414705     
   203869.32732229502     
   203849.26022355160     
   203783.09760589353     
   203855.21388214800     
   203907.14688754192     
   203900.78220900366     
   203852.19070403016     
   203807.33842069111     
   203862.69740227947     
   203858.64396464240     
   204013.59827084842     
   203952.80668462047     
   203855.31513594638     
   203760.19654292904     
   203805.48086476649     
   203676.44405419426     
   203705.34797653861     
   203812.22558864538     
   203837.94966581583     
   203811.03820774789     
   203799.54738360122     
   203743.03397979771     
   203737.42545624744     
   203732.73784998141     
   203756.34587464688     
   203625.35917638699     
   203534.27074519213     
   203601.31182839890     
   203685.05343834724     
   203643.51308179175     
   203696.78901768176     
   203720.71410272730     
   203641.01337961163     
   203688.45854353780     
   203734.13407204291     
   203804.23699342224     
   203756.85106654951     
   203795.96861188344     
   203814.69190703795     
   203749.81371136493     
   203739.24854994402     
   203769.36169616249     
   203730.68060944855     
   203760.70569971061     
   203763.04559410160     
   203713.54936603730     
   203645.75420798481     
   203589.26873116521     
   203625.46625925816     
   203669.99626648915     
   203634.12867486017     
   203573.01426312292     
   203555.23668462475     
   203430.50540952297     
   203488.38094291394     
   203493.34131979628     
   203524.75074655176     
   203613.82091353845     
   203714.07462569763     
   203690.65285673045     
   203677.36683258016     
   203684.26855433953     
   203684.32053438696     
   203690.00843188280     
   203802.30785899897     
   203800.02354059048     
   203811.42091852176     
   203825.79848633753     
   203735.77756618991     
   203786.75242554463     
   203786.08556358976     
   203754.13444172975     
   203666.96174929134     
   203707.61763618918     
   203729.58863165221     
   203715.64621430836     
   203497.30333844840     
   203405.95085127867     
   203476.78635073995     
   203497.77603585165     
   203466.90476330521     
   203420.00660540260     
   203514.47960266331     
   203484.32901531574     
   203554.28459316876     
   203571.15069733982     
   203505.45997992359     
   203491.91326258946     
   203554.66096689468     
   203638.43836447410     
   203564.71646880597     
   203642.12513386743     
   203554.36851255345     
   203565.78484510054     
   203614.11935815660     
   203535.95627965085     
   203427.42331699983     
   203419.40502104315     
   203492.56462581651     
   203538.16515914971     
   203492.83613939065     
   203405.27051668981     
   203461.43745858880     
   203516.47454052145     
   203462.05721791604     
   203344.11021540503     
   203342.66723211957     
   203352.84971094108     
   203313.34584979509     
   203376.34491610763     
   203359.42051807602     
   203447.85176116461     
   203331.16458677570     
   203389.15674499009     
   203451.90520207741     
   203400.28106157939     
   203470.88416218536     
   203408.89528774662     
   203309.87622647753     
   203293.35969106661     
   203359.46561471224     
   203331.87517679622     
   203362.31613661395     
   203331.50325020481     
   203357.05680948653     
   203337.42476084523     
   203337.79571851753     
   203402.33301636379     
   203363.50140390574     
   203296.37533518279     
   203250.76738669272     
   203331.95089280739     
   203273.17581514982     
   203307.20952086762     
   203293.23959709995     
   203283.90383705913     
   203199.34750542391     
   203214.63453551443     
   203216.52129482012     
   203238.94020923082     
   203273.24167118943     
   203226.37692807172     
   203211.14079421249     
   203274.37515993637     
   203326.40853081321     
   203282.16836631668     
   203311.56119186166     
   203390.00727770961     
   203351.26349626487     
   203261.23332783871     
   203324.07091405982     
   203300.54570156441     
   203344.99044516197     
   203377.62035117345     
   203316.49833071308     
   203266.08188413584     
   203254.08365975152     
   203334.01200961953     
   203204.30355851052     
   203318.44197663918     
   203206.98336917942     
   203193.83653064631     
   203142.77409035453     
   203211.37373382060     
   203302.25044127458     
   203305.27020336312     
   203284.68245587806     
   203312.68265587167     
   203293.60226195870     
   203297.54170967740     
   203294.62377228079     
   203274.06104076895     
   203158.25192351104     
   203136.83084902930     
   203148.88253395056     
   203120.45309249952     
   203083.44037715573     
   203098.96841744820     
   203073.89196844064     
   203139.34241931196     
   203162.72098562185     
   203237.77153170810     
   203289.41772888324     
   203339.73814307357     
   203251.17110930884     
   203239.44595054409     
   203376.64649505075     
   203393.00375500479     
   203347.70156100224     
   203388.39714235673     
   203408.40223985005     
   203311.46644231956     
   203284.53464316035     
   203425.49992124990     
   203312.17668110924     
   203322.46801670943     
   203307.53781791765     
   203256.91674810517     
   203211.19380450121     
   203158.66055257191     
   203138.56978443149     
   203269.07419770976     
   203220.29541800707     
   203158.10039341118     
   203038.40700405496     
   203104.59355212949     
   203106.13498484780     
   203100.43452776270     
   203084.27426104480     
   203136.72834952516     
   203123.74599346280     
   203125.52737005026     
   203140.89118450478     
   203257.03847606113     
   203293.69004527296     
   203280.99023593793     
   203269.90013192440     
   203224.73422777531     
   203200.03761041080     
   203267.49866632160     
   203183.53943280288     
   203264.35195400234     
   203288.20546351656     
   203243.92109721474     
   203275.25526748988     
   203282.54073319188     
   203189.99491418348     
   203212.14779692679     
   203200.64805838311     
   203152.69798354144     
   203132.91020209785     
   203056.18702178833     
   203063.47181672088     
   203008.44988684772     
   202934.51177855252     
   203029.38303937140     
   203025.63072187552     
   202903.84089972425     
   202878.91306203761     
   202861.80199448083     
   202968.37343081093     
   202858.20590974111     
   202863.57948670737     
   202824.84502771893     
   202870.07414784384     
   202857.82420763827     
   202823.76279982651     
   202858.85443424739     
   202840.47477370093     
   202872.89011076745     
   202845.90812477798     
   202843.78051371741     
   202797.36794011632     
   202756.56935461750     
   202634.66763844376     
   202612.89039871155     
   202683.50872312288     
   202749.73079521948     
   202852.08477483381     
   202798.96619077204     
   202813.69212025916     
   202889.58534054205     
   202857.66605748175     
   202825.05092378927     
   202802.79064104188     
   202772.73967618876     
   202727.87882099347     
   202708.86060218627     
   202812.65025124612     
   202778.40046259877     
   202880.33368009655     
   202892.30782963059     
   202773.79909916481     
   202741.60503027186     
   202653.86695691495     
   202691.11527007347     
   202667.90471432990     
   202699.16924447758     
   202679.90774091173     
   202659.87233266124     
   202607.76107079920     
   202631.52744620593     
   202640.54465491252     
   202649.75478406664     
   202615.22052916160     
   202657.78770427839     
   202702.86054054854     
   202660.98030322275     
   202691.32218575879     
   202649.94357712101     
   202526.88031605017     
   202558.75388839821     
   202547.63307774108     
   202566.95279923978     
   202683.96704559345     
   202608.91188920231     
   202676.97012303886     
   202624.68307665552     
   202625.78700544836     
   202755.39851312351     
   202713.64282481468     
   202595.69670189903     
   202550.88465226057     
   202485.72840790034     
   202449.64586868742     
   202502.07733734598     
   202444.05865731961     
   202517.74813699475     
   202459.67194973008     
   202474.84867388252     
   202538.88442026195     
   202477.87023294755     
   202469.18701870195     
   202449.55634868078     
   202472.41314024915     
   202516.95980243024     
   202548.80841385855     
   202659.47235678681     
   202738.00006044787     
   202676.49362334097     
   202592.31468673976     
   202576.09945357678     
   202530.09213603003     
   202549.78374451841     
   202479.61218521802     
   202385.09105751693     
   202309.36380526327     
   202303.86346215807     
   202297.03945401337     
   202198.66324630848     
   202274.86788834218     
   202351.41261574981     
   202340.59959185740     
   202335.75162359234     
   202273.28014862502     
   202183.97034773475     
   202163.12044903854     
   202192.39164831894     
   202170.65205688469     
   202209.12343493546     
   202282.51786010174     
   202232.46304333743     
   202278.89261771090     
   202330.63837194548     
   202296.65716142874     
   202276.31570790545     
   202309.33528683305     
   202298.40040630486     
   202255.76995196793     
   202315.17334885281     
   202392.16223543146     
   202374.11091340979     
   202305.44718921566     
   202360.79971878068     
