   920353.04447498417     
   920353.04447498417     
   920308.32390045642     
   920237.14027024584     
   920119.40271436027     
   920077.06165532267     
   920179.03594114981     
   920012.58108515455     
   920083.76922467211     
   920039.46735560929     
   920102.58198463370     
   920156.38341004855     
   920048.91900215403     
   920011.39542312827     
   919967.53784706013     
   919886.38039314793     
   919865.76985912863     
   919915.75580067770     
   919931.31207004818     
   919808.73340736993     
   919900.99739902315     
   919939.69755089842     
   919936.40854005655     
   919975.94302599854     
   919902.29059308569     
   919913.87703035411     
   919931.71818755427     
   919900.34270799521     
   919913.12159511633     
   919941.02847613255     
   919859.15261180163     
   919940.53032985993     
   920014.24928490678     
   920030.12859282747     
   919953.94723160844     
   919812.35376967373     
   919788.71888393327     
   919837.91348246962     
   919853.55928412848     
   919811.87464920001     
   919808.76254085451     
   919852.49371269613     
   919924.13146788266     
   919908.03555682534     
   919864.10979715828     
   919828.10555994627     
   919766.02600047772     
   919761.71562927938     
   919809.93682431499     
   919621.92179368774     
   919471.01476910792     
   919597.87618987460     
   919652.17329846031     
   919579.62010000891     
   919589.24296636519     
   919705.66078224510     
   919715.30437799636     
   919724.01988542813     
   919744.60861933371     
   919923.53027885791     
   919900.27937472169     
   919888.64521717606     
   919944.86959314311     
   919935.84661455429     
   919856.41192451760     
   919894.90519644285     
   919905.09491132316     
   919886.57007864991     
   919903.67641653505     
   919930.03157520096     
   919861.48003709072     
   919822.60261995788     
   919843.97929932922     
   919782.76820119575     
   919777.22212761466     
   919848.30352388020     
   919857.32547906041     
   919832.89654241002     
   919831.74022388738     
   919882.25142772298     
   919924.79166270816     
   919842.18525370467     
   919814.50955559115     
   919817.19092091278     
   919800.88695297809     
   919819.06456100533     
   919719.94520270475     
   919692.76585143537     
   919607.93241678993     
   919724.87625896407     
   919787.48818499153     
   919782.18538062647     
   919831.57459758397     
   919758.91861475911     
   919779.89839599014     
   919896.81707465590     
   919873.98874446761     
   919874.98130961391     
   919816.03032313625     
   919857.82752804994     
   919784.72371854284     
   919696.45618417079     
   919744.99561094865     
   919656.00956986158     
   919692.32017698628     
   919689.07891000120     
   919673.63689058763     
   919720.04621751385     
   919758.88339773845     
   919652.95868169621     
   919694.89569182869     
   919593.39403758990     
   919625.78796048264     
   919678.06157389958     
   919728.36790310394     
   919714.25345715787     
   919780.82546360150     
   919784.57569982822     
   919752.06284111121     
   919835.56427623366     
   919881.74791064369     
   919788.12118681055     
   919770.07619228633     
   919732.93792531569     
   919685.16818999080     
   919493.06338426692     
   919680.33379755053     
   919736.14317355759     
   919539.31877144310     
   919499.80122866272     
   919546.77989849611     
   919593.79564412823     
   919584.90083406074     
   919454.29898014618     
   919442.41762724204     
   919386.93308770750     
   919332.83766851446     
   919309.93435224495     
   919334.01745516644     
   919386.46985987865     
   919391.90784561192     
   919311.78900132037     
   919309.92415007355     
   919293.95780998771     
   919267.95918647235     
   919263.06783051963     
   919233.82709468633     
   919247.46513346932     
   919161.21065000002     
   919105.20823809435     
   919140.26500533009     
   919117.00141407107     
   919124.16288234794     
   919094.74458763201     
   919184.74049416662     
   919213.59114675899     
   919140.03002731735     
   919096.39734807110     
   919097.49593842181     
   919084.08712782233     
   918981.34381526813     
   919009.45018468588     
   918932.82085836993     
   918906.59590725484     
   919009.27703732159     
   919056.01537194219     
   918988.75680945558     
   919018.18155405275     
   919147.44050411729     
   919157.00074934098     
   919161.56575513305     
   919081.13661015639     
   919050.40941452677     
   919039.16362770542     
   919001.21479208686     
   918958.87383157120     
   918988.48950505699     
   918967.56130495179     
   919096.23178841535     
   919080.70901887130     
   919062.21633033932     
   919072.72986577486     
   919107.17222245433     
   919098.91409202863     
   919182.91209782171     
   919281.69101940701     
   919310.65099835314     
   919273.89421593305     
   919215.22419003909     
   919178.53207125561     
   919288.51570319885     
   919257.26498430769     
   919268.39932573645     
   919296.63024912879     
   919160.44519245287     
   919063.46999345825     
   919146.78776351642     
   919003.98932742560     
   919062.58480746776     
   919047.81575564377     
   919067.55988666799     
   919086.20191122300     
   919152.21520266717     
   919107.71734330570     
   919026.53777858964     
   919066.93562936888     
   919004.16477008210     
   918892.89331601840     
   918810.41649804648     
   918853.54774156073     
   918904.77305380162     
   918974.63887464919     
   918936.72081731993     
   918963.75357472547     
   919080.01615448052     
   919081.12352655351     
   918976.35827275796     
   919000.78200118209     
   918844.39944264805     
   918852.33204514242     
   918759.64515828167     
   918835.89995823544     
   918792.02742186189     
   918762.70022829494     
   918793.96637706319     
   918870.27982197597     
   918796.96050934494     
   918817.97573954577     
   918779.59149841452     
   918745.53218141233     
   918758.83438672510     
   918759.81636115315     
   918911.15652818244     
   918868.71039723628     
   918890.59305103298     
   918765.16126116272     
   918765.72488905734     
   918776.94817724545     
   918684.08696993301     
   918651.35354485188     
   918740.07106839819     
   918682.11209573445     
   918744.21477192000     
   918723.33833242394     
   918734.20037391118     
   918751.94277833810     
   918771.33487994713     
   918830.89661250322     
   918810.94600786013     
   918786.44683153147     
   918688.50305025827     
   918678.75193341391     
   918723.50812648132     
   918717.84417862725     
   918700.42434791743     
   918800.49898218946     
   918733.19834382692     
   918675.16066541767     
   918639.57105875842     
   918617.67308657512     
   918662.45005606930     
   918565.47631256480     
   918614.78365478560     
   918585.68695441168     
   918576.16002912866     
   918628.33739721763     
   918692.97006116365     
   918672.07030269480     
   918726.32199192047     
   918714.96171467530     
   918565.18762134318     
   918475.40580760955     
   918419.11304464517     
   918485.87263524672     
   918380.52611630352     
   918396.34928668907     
   918380.70171924739     
   918371.13595771906     
   918453.92235551134     
   918488.19266238972     
   918494.59023140289     
   918495.84483455075     
   918571.44180443347     
   918535.24740602646     
   918520.77920706000     
   918426.95201801113     
   918446.34712878172     
   918466.24317684781     
   918370.83712103602     
   918305.53960139910     
   918258.14463746431     
   918250.93514267472     
   918253.41569318133     
   918204.58250649483     
   918247.87362955033     
   918198.71836162859     
   918288.76415779139     
   918200.13821338059     
   918216.27075735957     
   918271.98206441733     
   918362.38169612526     
   918408.45797619363     
   918292.80431091064     
   918234.45617319923     
   918237.40572933957     
   918197.98629942094     
   918203.57702412119     
   918237.39256098901     
   918350.83382260066     
   918260.38659848052     
   918226.46514557383     
   918132.56200106023     
   918073.26458233956     
   918126.45570502849     
   918161.88407384581     
   918165.48093717801     
   918177.96031865443     
   918145.74670061644     
   918249.75377414667     
   918187.88330430922     
   918184.83275543631     
   918143.51230732433     
   918033.39044225030     
   918019.61815474310     
   918033.79580294085     
   917993.59214007098     
   918095.87394381070     
   918027.44233360142     
   917975.75501092768     
   917928.75493709918     
   917888.73811544594     
   918006.73894246807     
   917999.63884138386     
   917777.58283789561     
   917727.07131110865     
   917753.05883143516     
   917790.91848031315     
   917710.66577981098     
   917651.89272538875     
   917694.79472943489     
   917685.91163073992     
   917795.80091530888     
   917783.02888856584     
   917781.79977217445     
   917752.75753710698     
   917782.73948028381     
   917808.18091232737     
   917776.61810367333     
   917776.08252724353     
   917872.62298653566     
   917863.90229402191     
   917959.31843499281     
   917947.50899436814     
   918010.61151749885     
   917962.35157625843     
   917889.54220692441     
   917834.26871832937     
   917906.30434032460     
   917892.69935190282     
   917866.80117578059     
   917888.41512644477     
   917819.19155778561     
   917810.24968082551     
   917820.78663088812     
   917801.38157279440     
   917793.25300917169     
   917729.40312647226     
   917695.07837468956     
   917669.01580015279     
   917673.30076229374     
   917741.04126352363     
   917725.86539114057     
   917647.64276219776     
   917707.73148047493     
   917722.14394010883     
   917720.72391497926     
   917690.70166981418     
   917644.50734095043     
   917732.57707792975     
   917626.58818640909     
   917555.38381929696     
   917561.05859638925     
   917453.38639195659     
   917476.24506309361     
   917477.25222331577     
   917472.75277233799     
   917489.89445341693     
   917534.43093622429     
   917534.58179626847     
   917534.53758262529     
   917534.30794865289     
   917533.44707474066     
   917533.69678054797     
   917500.16081676236     
   917489.19393620838     
   917488.69501927972     
   917408.22715702385     
   917377.55100918922     
   917417.64917191165     
   917401.74526177405     
   917437.08749025827     
   917421.62115050724     
   917414.39467148285     
   917400.10096233827     
   917402.87417202222     
   917338.73448678304     
   917375.61105448392     
   917335.34926154697     
   917333.35125898023     
   917409.16210357007     
   917465.98585947079     
   917374.77793705591     
   917414.96929538657     
   917430.15404847066     
   917327.46786217415     
   917388.00323052972     
   917377.45946441183     
   917502.31939055852     
   917484.33593329694     
   917411.72376658395     
   917421.41184430348     
   917471.22347791225     
   917404.45198721788     
   917369.41521902371     
   917360.93235192436     
   917253.17295761697     
   917197.28245731420     
   917182.91214741673     
   917225.71158587700     
   917206.80136147712     
   917159.52580029843     
   917107.33851213672     
   917007.59108032170     
   916942.71953543881     
   916983.60516572231     
   916949.53924909886     
   917030.50195280998     
   917013.72295009682     
   916977.70118335041     
   916915.48088941036     
   916839.62246628792     
   916787.99358959473     
   916735.08008652332     
   916746.69931601279     
   916753.48580196989     
   916784.19193106587     
   916780.16460903082     
   916731.70575335389     
   916598.98800261680     
   916656.63714386779     
   916823.26479140040     
   916768.93624505692     
   916684.13332702126     
   916701.15475812345     
   916758.46241438622     
   916760.53261620575     
   916838.71844584506     
   916773.61704808287     
   916767.36077986087     
   916804.52711794793     
   916708.72429379565     
   916720.01941083034     
   916656.54847146873     
   916679.05958295695     
   916737.73754323379     
   916636.79811740492     
   916593.54532905901     
   916538.89870616922     
   916495.26450601860     
   916559.42463003623     
   916593.30663754093     
   916570.37470678426     
   916577.20463619183     
   916639.38318716537     
   916451.46200186980     
   916539.84717882529     
   916519.87687669694     
   916600.76760213845     
   916516.07760147145     
   916559.69080683542     
   916622.09997410409     
   916605.27362212236     
   916598.14341891953     
   916627.17862416955     
   916579.64792406454     
   916605.34263103292     
   916748.34981193300     
   916674.62798905920     
   916587.25783485011     
   916599.21736579156     
   916565.71453900519     
   916425.97064365202     
   916557.50358601147     
   916558.75512491178     
   916613.34170834429     
   916691.76875299728     
   916585.38379708282     
   916550.13941924833     
   916502.64450181148     
   916575.63449455891     
   916657.13734810776     
   916500.81383110560     
   916527.84231931635     
   916569.56497524341     
   916504.43642731232     
   916428.33123474231     
   916441.98100911209     
   916458.43608753488     
   916490.73176901159     
   916360.27903576999     
   916307.93923533719     
   916274.83320244763     
   916360.13150902546     
   916400.68459521723     
   916344.97727082262     
   916400.27928688040     
   916366.59252053103     
   916384.87530864251     
   916332.53912984673     
   916202.70172764559     
   916084.36699715583     
   916044.95684988401     
   916082.35498204664     
   916128.77281372156     
   916060.88953840500     
   915984.39850752382     
   916069.49693590344     
   916079.81892857957     
   916115.12155013194     
   916125.36527792085     
   916187.46337415534     
   916122.21883823571     
   916032.12380134244     
   916023.96892757365     
   916126.31422596960     
   915997.37057475571     
   916019.97591175290     
   916197.31106184376     
   916109.68910348916     
   916031.65138611803     
   916064.35991967225     
   916117.30376507016     
   916204.32637675735     
   916188.78609581164     
   916096.32466324780     
   916092.40907296631     
   916082.82522740553     
   916012.52396855678     
   915907.15005693270     
   915918.00082433422     
   915939.60221631476     
   915965.44463626714     
   915847.92730068893     
   915884.67597496684     
   915902.33857223333     
   915812.45494978654     
   915749.56995600963     
   915732.93950168625     
   915655.36459187442     
   915583.18384956964     
   915685.74492550711     
   915579.04390906100     
   915604.93627757276     
   915608.14396151481     
   915524.86320881790     
   915530.83759095042     
   915578.27171575313     
   915441.19140914350     
   915496.80805638013     
   915525.37418798939     
   915541.95185601525     
   915530.63850359316     
   915483.52510102792     
   915550.82197528204     
   915498.68992688658     
   915332.39708162763     
   915294.41233381163     
   915345.60345269460     
   915271.83059994958     
   915257.09629036253     
   915179.24249821040     
   915239.30925987067     
   915157.05240434257     
   915156.95556349377     
   915106.57547271706     
   915028.81107847695     
   914980.12456498097     
   915062.83964873909     
   914926.13083446957     
   914881.47280754580     
   914836.50510913553     
   914783.51668687048     
   914692.96785255161     
   914739.08113349101     
   914539.30146890087     
   914557.10095485579     
   914641.01465213636     
   914600.40846683912     
   914644.36484547274     
   914728.05628150632     
   914738.71803561714     
   914836.23464568215     
   914785.55343886721     
   914814.07698364498     
   914813.22339294257     
   914807.99737859087     
   914703.54938741238     
   914835.55707884708     
   914724.39355184743     
   914715.02773025748     
   914574.96889940591     
   914420.72883256874     
   914502.39883968746     
   914567.99458980130     
   914498.11441793339     
   914520.56458655465     
   914440.18264982838     
   914354.50061694463     
   914334.15654979507     
   914376.69355926884     
   914382.78111323505     
   914363.18076408643     
   914388.03380249860     
   914344.63489284541     
   914362.20467785234     
   914366.15320665960     
   914337.50337977789     
   914312.26299337158     
   914368.73725001840     
   914295.41757636040     
   914294.69984286826     
   914235.88231182692     
   914228.25032387674     
   914141.14672497578     
   914056.96807161230     
   914129.92002208333     
   914077.01635707822     
   914053.89766436222     
   914005.80203113274     
   913930.64164240437     
   913937.92368864850     
   913862.04344375746     
   913803.25765270740     
   913924.69932689727     
   913834.98831445549     
   913846.50395350216     
   913942.38164599112     
   913858.94317285146     
   913885.61150384776     
   913820.11933274264     
   913865.53235594777     
   913794.91204902867     
   913788.85219186137     
   913760.60471287754     
   913810.69100460270     
   913701.32816782419     
   913723.93066930911     
   913612.07889664627     
   913622.54103784426     
   913615.64280442405     
   913591.60932290519     
   913606.16881382815     
   913615.69518110738     
   913552.61418548331     
   913586.20947684126     
   913655.01138106361     
   913634.17938017007     
   913667.21245259047     
   913619.54937189247     
   913710.73725389561     
   913602.23992538045     
   913688.53586063127     
   913701.46238105511     
   913639.40837995498     
   913628.11432768055     
   913549.77636796294     
   913459.80035008420     
   913483.16346349940     
   913436.78123256727     
   913464.24343537982     
   913503.34768526035     
   913488.76496985485     
   913368.06680344103     
   913329.19754257670     
   913335.81915549305     
   913342.42163781752     
   913382.03761080606     
   913363.18938816548     
   913312.75042027270     
   913252.95764830196     
   913178.13197080209     
   913083.71968340944     
   913196.13098601403     
   913179.95819696819     
   913229.70984729612     
   913148.19491445529     
   913110.38221197226     
   913170.97132449597     
   913124.65791377204     
   913140.25229489687     
   913101.52905785549     
   913066.94112492097     
   912963.77406261128     
   912997.35060826747     
   912976.48505643860     
   912955.77895550628     
   912942.00779985345     
   912794.66040115792     
   912852.16875830700     
   912775.60264744610     
   912768.76904059155     
   912801.63529918541     
   912844.29735466209     
   912894.22094072134     
   912854.18116856215     
   912789.19758875982     
   912788.05117381248     
   912703.59242624592     
   912761.25610165228     
   912736.58966532408     
   912680.66456489521     
   912771.94424808875     
   912789.21606503031     
   912768.31034535263     
   912772.11394836789     
   912730.36498355644     
   912701.16612465749     
   912609.88406770234     
   912520.60121368454     
   912448.07603469270     
   912514.65345481166     
   912518.56489267573     
   912417.21005446254     
   912539.86403204256     
   912507.27037387108     
   912468.19781683630     
   912488.99925577047     
   912426.93491242570     
   912439.93244716653     
   912390.08710715617     
   912304.85005428339     
   912364.00350340828     
   912317.52598567260     
   912340.34430668328     
   912302.00157371431     
   912303.60351020121     
   912267.38742675178     
   912196.54695610621     
   912101.65389714018     
   912035.10975512164     
   912032.79524787329     
   911989.65402212937     
   911929.56967546651     
   911932.34867642040     
   911942.60415354290     
   911979.19055914716     
   911850.47298825474     
   911868.71008231945     
   911873.82170347043     
   911878.44389750878     
   911836.58253871184     
   911794.05489495420     
   911714.21546779468     
   911721.77608344832     
   911725.25579316099     
   911828.70945134934     
   911741.82713284250     
   911736.03810482507     
   911719.75794317562     
   911707.41672467696     
   911738.40489174228     
   911776.24597781966     
   911808.34322465735     
   911717.40164706251     
   911633.92078734783     
   911644.30942509219     
   911548.84920425992     
   911631.11590899096     
   911420.93452779180     
   911442.92244436417     
   911278.76171813661     
   911181.06594309956     
   911158.82389223040     
   911280.38641539030     
   911231.54411648156     
   911138.91002290393     
   911067.68614503823     
   911033.68946428376     
   911018.02094168437     
   911050.69197294582     
   910936.94170563854     
   910916.86193328991     
   910870.62386512524     
   910924.07171103382     
   910880.21834079782     
   910869.60175331880     
   910899.56415764429     
   910949.43684691784     
   910903.03615393385     
   910931.33840005775     
   910894.95048602007     
   910951.62700378452     
   911019.90340719977     
   910971.86171603331     
   910949.48365792003     
   910934.76339357113     
   910748.54194802139     
   910787.69408335793     
   910821.32441275741     
   910797.45757779817     
   910727.60922675731     
   910729.22659763228     
   910697.24349831219     
   910704.95558548695     
   910629.79973767803     
   910623.45364594157     
   910747.06324372219     
   910664.33089140046     
   910659.30778725969     
   910547.73898347316     
   910674.38124862639     
   910687.75469693763     
   910648.49677274469     
   910680.55435742985     
   910566.02721000719     
   910599.57022431900     
   910640.69996296766     
   910614.88534121262     
   910548.04619619518     
   910399.72791471682     
   910435.05156908778     
   910415.70216359245     
   910414.33211804880     
   910466.89054568228     
   910490.06628612673     
   910439.15329471964     
   910441.82491727266     
   910421.30327968369     
   910454.54686552112     
   910494.92793676967     
   910433.84694378125     
   910428.91303926695     
   910344.32387556741     
   910320.72898438340     
   910386.76941237599     
   910401.29671111214     
   910247.87273260579     
   910271.30014596425     
