   916908.34016910661     
   916908.34016910661     
   916994.83055736544     
   916961.45593975671     
   916906.32578742888     
   916882.92171150062     
   916837.14804681134     
   916868.75378845178     
   916839.79316378315     
   916860.43411075487     
   916882.84585161693     
   916972.09169015836     
   916870.32924548106     
   916779.30764752289     
   916822.91299023863     
   916775.93713415333     
   916820.84821919294     
   916851.11476484442     
   916749.17439549649     
   916677.54222843132     
   916683.51824017521     
   916731.19817048300     
   916701.43452445208     
   916769.94947166147     
   916827.14007997524     
   916923.27216953249     
   916869.09467652394     
   916751.35595345602     
   916668.76909431291     
   916549.98418914725     
   916575.98681648343     
   916539.78385489364     
   916539.07041884016     
   916484.83886495454     
   916585.13296934089     
   916641.29631613754     
   916631.23341538303     
   916602.49664845958     
   916649.95407294214     
   916517.93970105541     
   916483.49768776307     
   916457.63669437845     
   916369.77409237321     
   916508.86498804286     
   916450.07081358379     
   916452.13869272382     
   916521.83005844348     
   916515.97409418435     
   916567.01023490715     
   916510.27530898689     
   916562.13461218204     
   916495.33204032481     
   916549.46409607923     
   916513.45092848572     
   916495.28818978602     
   916509.74543654511     
   916549.35074686364     
   916660.09297653241     
   916687.45860796294     
   916708.33078822016     
   916657.94762302702     
   916495.50604187418     
   916492.97511152341     
   916489.13658563432     
   916469.73306685477     
   916506.02456549136     
   916471.58149261249     
   916336.29309361929     
   916331.48576422583     
   916368.35306908668     
   916320.55696869758     
   916430.50704351044     
   916418.88018153259     
   916334.42917482904     
   916333.98809342156     
   916350.41919136082     
   916327.00430417899     
   916289.58626442507     
   916377.60547589965     
   916411.82626778854     
   916433.61376727559     
   916436.83806016273     
   916365.71928880818     
   916330.17139916960     
   916254.52636114787     
   916272.03998835350     
   916178.74552663835     
   916233.31408785679     
   916259.83378298429     
   916255.99168621562     
   916271.79477354465     
   916252.47607357905     
   916345.46238866693     
   916387.25830118207     
   916393.37765017850     
   916368.92517489684     
   916252.29898259812     
   916188.11345938290     
   916297.65384969744     
   916327.79300639778     
   916302.09039922559     
   916293.93573949381     
   916254.48997072538     
   916232.53403999819     
   916208.04692360817     
   916179.00539048179     
   916201.24404482171     
   916287.13698694773     
   916249.47015688557     
   916330.24714089592     
   916288.43381214852     
   916196.66975851881     
   916228.04805608862     
   916266.61016023043     
   916144.57998817600     
   916109.48175314779     
   916134.10859685007     
   916227.98820247734     
   916283.82733900729     
   916247.82958791172     
   916255.07721674943     
   916220.73566531134     
   916266.65252123983     
   916313.27936440986     
   916256.32841513294     
   916220.88715590071     
   916286.34951182897     
   916211.44213044771     
   916160.73073396739     
   916099.90354097099     
   916122.43652625231     
   916193.63554250379     
   916167.67267004191     
   916220.38469226798     
   916242.95622461697     
   916207.01341516082     
   916095.88904121297     
   916102.92726246663     
   916046.23788731033     
   916070.52344302938     
   916051.54196329543     
   916040.42143578338     
   916005.23592800833     
   916035.60337930918     
   916035.20770403615     
   915936.99052654754     
   915820.85245336930     
   915693.20857183810     
   915762.16182314453     
   915870.36983178614     
   915898.43936853623     
   915855.84203792724     
   915816.96883548668     
   915797.80009119445     
   915689.77699459251     
   915715.99616011290     
   915666.33588303777     
   915710.67673036340     
   915761.97247932584     
   915715.55614942766     
   915695.54577585403     
   915539.15452237951     
   915622.87970560754     
   915608.05490443704     
   915625.96555260743     
   915696.49152596807     
   915728.98962947947     
   915733.85272698198     
   915660.54179120820     
   915647.38935354806     
   915594.53120988386     
   915606.55171613139     
   915577.59081750514     
   915594.24693658412     
   915627.31530027930     
   915748.30271876347     
   915638.20974952204     
   915679.38831837883     
   915677.29036541178     
   915579.65818684490     
   915658.87076365959     
   915679.58923951315     
   915665.74807363516     
   915652.92197978613     
   915575.28604349808     
   915611.79368606955     
   915573.01104793395     
   915602.18321833818     
   915660.05400088266     
   915628.19059471192     
   915691.01617894426     
   915726.81033653207     
   915722.03047132352     
   915660.34007916902     
   915693.78767472494     
   915735.43884907395     
   915713.38915851759     
   915615.27491928684     
   915746.77825424308     
   915738.30217448715     
   915625.15554440941     
   915544.22696601192     
   915629.13308827020     
   915607.40971989883     
   915605.06600045157     
   915568.55407563585     
   915440.88610385149     
   915498.60161967028     
   915609.16226634767     
   915540.06184289034     
   915656.24634987046     
   915667.22659871052     
   915667.23666770442     
   915757.59783878701     
   915710.38562186202     
   915588.89671891090     
   915696.06287320331     
   915647.20363993105     
   915637.93282063503     
   915584.18586972961     
   915464.41541590937     
   915538.30048690608     
   915419.05199070228     
   915462.90732042876     
   915440.88260850159     
   915508.56010045379     
   915512.72939366545     
   915578.43668794795     
   915601.90446738643     
   915593.33239210944     
   915600.35458176944     
   915607.31309808104     
   915621.06874671590     
   915564.22919694870     
   915496.79894911940     
   915487.10724577552     
   915487.98783718597     
   915536.09533406491     
   915537.74087036867     
   915545.06140810484     
   915514.28162278165     
   915500.61854969629     
   915484.08618107694     
   915644.62450959778     
   915561.73823968915     
   915519.40227386355     
   915462.72250578774     
   915421.30000949441     
   915500.17698323145     
   915502.65870358644     
   915492.93743446842     
   915509.45333961153     
   915566.93271831889     
   915463.37079851120     
   915511.35117673595     
   915498.82758328400     
   915452.53269453940     
   915462.18361532164     
   915483.57394322369     
   915413.53302480991     
   915360.63486477768     
   915448.48438856832     
   915394.16163814312     
   915437.57844927115     
   915370.09461051191     
   915380.66861257236     
   915423.38467043673     
   915464.69848639378     
   915347.83694405563     
   915417.11584326962     
   915438.97937964310     
   915370.44283467659     
   915376.21836375596     
   915293.89835532662     
   915208.63290450664     
   915158.52694211539     
   915152.40566578752     
   915216.68440630205     
   915218.55952164100     
   915192.37257923360     
   915267.41439232999     
   915172.50327743916     
   915202.95053659356     
   915204.64916976076     
   915143.37684208911     
   915084.68653321371     
   915161.05872580910     
   915172.49935952143     
   915023.22010361415     
   915042.36297261389     
   915068.96722026961     
   915093.19689612719     
   915115.84461845201     
   915089.37784180767     
   915039.88590624975     
   915129.14804333181     
   915089.39415687323     
   915116.92786068795     
   915115.68051131070     
   915039.88356475974     
   914954.15739726182     
   914963.35088659765     
   914963.35088659765     
   914937.83189860091     
   914984.80960916146     
   914947.77583050041     
   915037.73326874524     
   915173.82999576826     
   915080.99047958571     
   915070.35870784556     
   915075.59343673952     
   915069.75539425120     
   915060.26291301451     
   915049.83556019922     
   914988.92338447354     
   914928.68463429762     
   914868.18036850472     
   914837.84247776470     
   914799.06747364765     
   914764.97845541628     
   914877.87511705642     
   914828.20172805712     
   914758.08276677260     
   914781.90011351393     
   914748.57064992352     
   914779.42686409235     
   914736.81686561403     
   914705.47420911957     
   914826.59650362586     
   914839.62895574362     
   914853.10647361528     
   914834.12630091980     
   914844.30950186145     
   914814.97686262894     
   914723.72099556599     
   914831.74225869821     
   914968.17053741601     
   914955.80500085186     
   914874.25863800629     
   914925.28914592066     
   914944.44906152051     
   914994.68044354685     
   914942.94872115401     
   914953.17460703244     
   915026.06177876284     
   914889.46737901703     
   914954.97220042674     
   914890.71149093122     
   914871.28211528796     
   914831.31364846765     
   914953.60322903504     
   914866.55587486620     
   914883.93053205777     
   914796.94289319264     
   914797.42094894627     
   914742.45341522142     
   914826.70875738352     
   914779.41685146862     
   914768.97619064630     
   914662.94728267437     
   914678.07841209893     
   914733.66602528514     
   914755.58310654841     
   914745.92044117360     
   914748.28895603400     
   914741.06628796167     
   914789.36969219404     
   914755.14167816192     
   914729.65979266854     
   914781.52012252656     
   914950.93518470379     
   914959.24552221573     
   914885.69518088026     
   914940.13825536822     
   914862.23047093418     
   914813.99525724608     
   914724.16489554872     
   914618.13460524322     
   914590.70634732675     
   914647.78047477000     
   914593.98452245630     
   914549.82867774379     
   914614.24511829170     
   914612.58279465185     
   914562.26121305197     
   914460.53599478316     
   914409.97294949286     
   914335.71177749219     
   914277.68515633687     
   914237.50450520404     
   914119.04993384203     
   914152.57799981651     
   914213.98494405905     
   914246.50460185134     
   914354.08811757877     
   914218.16966245067     
   914249.02363738348     
   914217.22775520477     
   914259.67088298406     
   914229.45674099226     
   914282.27818624408     
   914254.58447074075     
   914173.01797284395     
   914123.56613132020     
   914018.36361225741     
   914009.57765355357     
   913991.41667758406     
   914022.48148298066     
   914039.79239089822     
   913940.92702913436     
   913817.45543510059     
   913894.66853587283     
   913894.42836408643     
   914020.95627398929     
   914095.29964109720     
   914006.14805226657     
   913963.77575305710     
   913939.30714208272     
   913962.01734838728     
   913949.65598626772     
   913965.32339913782     
   914021.54849639093     
   914012.54290123703     
   914042.54015523428     
   914072.58063154598     
   914013.40517328796     
   914135.93799117405     
   914048.18227257533     
   914137.94127119821     
   914090.41901362862     
   914084.28560141125     
   914041.45396797045     
   913914.66986490425     
   913976.67317838571     
   913895.63488504046     
   913901.76214314171     
   913922.05194501602     
   913913.48494305240     
   914042.21069428965     
   913982.01180282061     
   913888.27559255110     
   913890.34082416189     
   913903.56857011560     
   913989.18271244748     
   913948.73818617116     
   913966.85678283661     
   913854.63302639115     
   913847.64954742172     
   913764.34348532988     
   913685.83744710416     
   913697.61008786759     
   913735.59158695140     
   913824.79534428346     
   913710.29758375860     
   913733.10513715504     
   913556.98711490072     
   913480.72748949146     
   913419.80130717438     
   913560.30864873377     
   913466.09812215401     
   913476.98558977479     
   913614.10890521365     
   913686.98371869442     
   913673.29735940008     
   913696.76748223579     
   913671.23155989312     
   913661.82060787117     
   913732.71030056069     
   913708.96053212869     
   913619.96110095060     
   913604.51308871561     
   913546.37264740421     
   913624.43215563754     
   913635.70956438256     
   913586.21403950558     
   913671.19436957536     
   913726.12765075627     
   913730.07256970869     
   913719.78949853138     
   913827.27089146886     
   913555.76867942244     
   913456.06888569810     
   913442.06935394951     
   913466.00722034718     
   913589.88577926706     
   913473.56285911077     
   913491.08156312665     
   913508.98757232132     
   913495.94710158731     
   913399.16875384538     
   913364.56171820546     
   913409.13790840143     
   913344.32773019280     
   913281.66717176128     
   913200.71400547458     
   913228.41054839513     
   913205.14363257797     
   913307.03396720521     
   913268.84361955046     
   913266.50410625152     
   913218.92943119723     
   913253.20458967821     
   913225.07981537736     
   913211.98024995113     
   913234.19725672225     
   913203.26401239447     
   913218.70747923316     
   913236.83709704026     
   913182.31350346270     
   913110.32992948289     
   913133.65460375871     
   913133.50447512476     
   913022.24227726727     
   913028.93697989115     
   913031.35246692412     
   912984.25206668174     
   912975.82008399325     
   912994.81367563643     
   913066.88151635334     
   913072.31495532009     
   912964.41026608890     
   912992.64237474662     
   912943.73399599735     
   913023.49333289743     
   913029.91049499123     
   913047.37352722092     
   912927.00387080142     
   912992.13356833917     
   912957.48842824937     
   912897.61908097821     
   912887.59689699474     
   912888.12600187398     
   912929.37471007486     
   912919.81065281515     
   912917.32548784185     
   912959.23486586905     
   912972.71532235865     
   912883.88004348206     
   912849.16856969765     
   912815.69327333954     
   912816.78476691945     
   912842.10062035313     
   912799.50061893289     
   912850.05677706085     
   912846.51704805205     
   912857.50619592029     
   912870.08914599544     
   912853.30682037817     
   912774.80694942630     
   912805.52665393730     
   912896.93214883644     
   912824.55911641719     
   912742.25548984972     
   912656.93595743086     
   912624.01144958276     
   912589.30742102524     
   912594.93378291291     
   912722.97928743181     
   912703.85771094623     
   912581.45552126039     
   912589.36652818788     
   912636.72040870111     
   912616.81990887690     
   912729.47601545509     
   912757.14573458803     
   912696.62922117056     
   912736.79109063896     
   912789.59069383238     
   912820.18539015716     
   912813.51887152030     
   912775.23765717400     
   912770.82871649857     
   912754.39121369866     
   912730.36944405152     
   912699.87129898928     
   912683.15468890313     
   912675.03114948061     
   912653.02935672482     
   912672.35069574637     
   912639.62392155326     
   912599.80017216445     
   912585.93355982238     
   912541.15937979857     
   912536.27855430078     
   912517.26946326555     
   912506.52287228685     
   912574.04340032162     
   912521.24117031717     
   912552.56161090266     
   912562.73489405354     
   912612.12713735562     
   912573.94801345852     
   912662.72169667645     
   912688.06637466396     
   912566.62503929308     
   912477.52728636679     
   912591.20462302060     
   912558.35272352758     
   912531.11708377826     
   912480.05215055996     
   912465.80635835766     
   912469.60351859871     
   912451.26106221136     
   912389.67156837066     
   912423.54297254572     
   912453.68497171497     
   912438.24328907894     
   912469.95103612368     
   912484.26456398913     
   912411.67608680762     
   912313.19494276389     
   912269.03242983099     
   912231.89916061249     
   912306.81195074727     
   912329.35910899844     
   912328.96450081025     
   912253.20113860175     
   912275.43428553978     
   912251.93045596452     
   912278.33735244581     
   912269.27581074613     
   912196.02940655395     
   912216.48142659746     
   912274.40200141876     
   912279.92060886545     
   912308.36404591636     
   912372.03150981769     
   912372.77752841834     
   912264.58934906800     
   912163.53890741861     
   912130.56466146070     
   912201.05017689057     
   912257.97237250081     
   912253.23366653547     
   912173.69819672569     
   912066.18253032118     
   912083.18891476560     
   912037.60672101914     
   912083.17177075078     
   912009.52568302175     
   911906.19961556408     
   911849.85855976096     
   911767.44678141456     
   911702.45696941577     
   911725.98599041789     
   911716.79007930239     
   911720.11292241071     
   911656.26554887230     
   911652.73956942686     
   911601.39460494090     
   911600.99422214099     
   911724.65253781248     
   911678.98443396611     
   911810.68127767544     
   911743.27342561958     
   911672.47502131504     
   911592.68056281889     
   911604.03516240162     
   911577.85513628460     
   911560.97566583834     
   911572.47003125318     
   911669.84217422723     
   911510.58588769636     
   911523.00691217254     
   911415.80198720016     
   911432.20000593923     
   911344.35671687825     
   911313.26039391092     
   911238.63932715973     
   911170.66700904327     
   911176.54189241538     
   911123.73749058344     
   911204.40812513686     
   911254.81878164411     
   911039.59973530099     
   910982.78211487539     
   910922.48466493527     
   910916.89569143229     
   910924.05218809540     
   910908.13109246397     
   910947.74664926948     
   910997.27632665366     
   910946.19620621938     
   910950.33117652813     
   910991.79348853428     
   910996.67251399253     
   911013.76201085804     
   910888.00818729948     
   910870.40387460566     
   910864.94937727647     
   910917.24254308816     
   910987.75143258972     
   910881.53106095293     
   910880.15416535386     
   910912.52218672459     
   911051.71932258562     
   910974.63152445422     
   910983.03609522048     
   910873.45672858425     
   910923.90478417370     
   910787.61442154250     
   910765.87189045933     
   910740.35776074464     
   910780.65621887625     
   910808.52434543020     
   910797.23859142815     
   910854.78869259672     
   910900.02692880796     
   910864.71100955957     
   910819.38346526131     
   910792.80806869175     
   910842.48398478283     
   910800.70144446753     
   910955.35545965331     
   910975.44015149714     
   910930.92329166923     
   910827.20463792025     
   910784.72658408491     
   910835.96355648490     
   910769.82707770204     
   910778.89493498742     
   910837.65782703960     
   910892.13959505374     
   910799.51240205579     
   910862.30513684079     
   910858.80697867996     
   910780.02165457048     
   910716.71829957026     
   910578.50702100131     
   910576.18482641492     
   910459.39307000220     
   910501.09478276782     
   910426.09754956921     
   910479.03229153564     
   910483.66794722993     
   910411.20945263479     
   910313.63324608700     
   910196.46381452901     
   910225.40541123133     
   910202.72821153875     
   910088.20701372519     
   910121.15679485910     
   910166.34507402394     
   910161.46293690184     
   910257.49280641391     
   910265.48584825662     
   910311.60263081978     
   910220.45723478636     
   910176.59016633825     
   910241.27251211251     
   910167.30038492987     
   910156.31196418242     
   910225.55723060365     
   910169.30006635876     
   910136.75240027835     
   910175.78319674660     
   910187.66910905554     
   910193.80104091461     
   910155.49747732235     
   909982.54731731513     
   910001.93138898967     
   909987.54583626112     
   910015.48075699992     
   910022.14616137138     
   910012.40691371262     
   910009.93842543277     
   909990.27254018618     
   910023.76797268144     
   910051.69341829920     
   909957.57998920802     
   909918.32457754505     
   909927.34772417345     
   909877.98247644689     
   909755.16569750383     
   909863.08705690794     
   909916.71448887838     
   909831.96032315295     
   909802.47116412851     
   909858.60385667579     
   909938.60773947975     
   909928.88284410583     
   909879.01416756376     
   909792.37906515610     
   909840.70573422243     
   909867.38712694170     
   909867.89909728535     
   909771.41362107394     
   909750.82471833378     
   909822.34582082415     
   909778.63988637214     
   909707.41120579734     
   909837.16024441551     
   909750.98096144421     
   909852.70683560905     
   909819.64740622300     
   909756.93753166066     
   909720.92689970892     
   909557.51663850294     
   909580.74400684412     
   909598.98622872971     
   909560.91143454495     
   909442.99558293656     
   909451.43084375339     
   909455.78917412274     
   909484.68635301781     
   909512.84547711315     
   909507.52803105232     
   909499.49580318329     
   909596.46722768992     
   909565.33891136525     
   909542.01763719704     
   909576.36033122987     
   909551.23520142434     
   909601.40705278970     
   909556.02999063418     
   909606.16981896851     
   909683.40016795066     
   909621.52964505821     
   909664.90769156360     
   909583.56658135203     
   909536.04518289154     
   909542.78214209480     
   909576.24883638427     
   909360.70056392974     
   909461.96725592681     
   909486.90045936953     
   909486.23538223421     
   909437.61106061155     
   909610.39103663003     
   909576.82901648618     
   909601.05562700215     
   909643.31827081495     
   909515.81400980684     
   909592.71650420548     
   909675.48060280667     
   909572.15900929249     
   909532.50762501487     
   909611.41844921804     
   909572.06981591159     
   909622.97908288660     
   909650.93015654816     
   909609.94134538784     
   909628.44041151169     
   909643.10306263878     
   909674.25285301043     
   909653.70470055670     
   909756.40001506044     
   909794.77764855279     
