   952080.77154232236     
   952080.77154232236     
   952072.10980948294     
   952062.70980546507     
   952061.49123535829     
   952086.71507111308     
   952107.34375400480     
   952060.81700520625     
   951995.44846318080     
   951944.87871060893     
   951909.60571329272     
   951850.68043655902     
   951861.90220387559     
   951811.90215461759     
   951822.27452666883     
   951747.59410713217     
   951812.59202035470     
   951841.43855134596     
   951879.79482695973     
   951966.12802289042     
   951972.24678557413     
   952052.73869073810     
   952055.14117981552     
   952102.09520701715     
   952046.10773413361     
   951948.03210619790     
   951998.90397599409     
   952022.40939900058     
   952113.17445954413     
   952144.32546035689     
   952235.88299798325     
   952249.57697982143     
   952313.79236166587     
   952403.13408939878     
   952309.79488165269     
   952194.91696219600     
   952247.11273996369     
   952243.20770892384     
   952205.20999382879     
   952149.76844610053     
   952102.13412526308     
   952087.30999233876     
   952177.15993903426     
   952135.33208709594     
   952057.04751586646     
   952100.77818939066     
   952063.66130071413     
   952032.05236649094     
   952036.07597510924     
   952030.20631757099     
   952008.33185040439     
   952124.47183395806     
   952236.70564310509     
   952302.22952276072     
   952160.45441267348     
   952169.74613664602     
   952243.32874715584     
   952237.09225281223     
   952197.88658452756     
   952245.46332536987     
   952209.73899347032     
   952051.11790760630     
   952083.69355006772     
   952061.35257190652     
   952079.06150675681     
   952054.76280629693     
   952172.13428070617     
   952188.58819415339     
   952146.67663564591     
   952183.27735879621     
   952156.01542956498     
   952160.33487253333     
   952200.05745749269     
   952174.31878469430     
   952012.02203322994     
   952074.74208587734     
   952048.08639328612     
   951982.77356393379     
   951888.40453049133     
   951959.81029400660     
   952030.57982409000     
   951993.64974389190     
   951995.16167285421     
   952015.36017366371     
   951992.39196830895     
   951916.93205614411     
   951954.49711665837     
   951990.57054348045     
   952008.78462650545     
   951893.06979232293     
   951826.88175054418     
   951817.00793928502     
   951836.19552997057     
   951776.49509433494     
   951750.66523242078     
   951888.56538718950     
   951861.85240823636     
   951861.25664068479     
   951781.86987942155     
   951689.12359195703     
   951814.40042399988     
   951915.12061689340     
   951842.43646860321     
   951778.31641695916     
   951736.39371636114     
   951645.69463827251     
   951728.45132433972     
   951692.79639997229     
   951735.47898604604     
   951705.57535493933     
   951643.96012145153     
   951593.98583687528     
   951594.23088514735     
   951530.15801209095     
   951548.36810953578     
   951598.16333075310     
   951569.35714617383     
   951544.24268040736     
   951604.23621587490     
   951516.61331744981     
   951438.49488124705     
   951436.37475149659     
   951483.39084288350     
   951466.74098895758     
   951503.79797148542     
   951518.00240269187     
   951460.94414588099     
   951498.45855197648     
   951497.17954998300     
   951521.21177118632     
   951582.18054118135     
   951624.18740897824     
   951561.25039644691     
   951524.82734848070     
   951602.34855434450     
   951634.72041861783     
   951718.84289150801     
   951741.20769647229     
   951652.80041837506     
   951589.94336516864     
   951627.28297265747     
   951732.81463162950     
   951777.67970760551     
   951787.78618296992     
   951784.31868144940     
   951683.42053895455     
   951649.24102507241     
   951543.28332012671     
   951547.19913044840     
   951612.66693667462     
   951583.30733597162     
   951590.83363113308     
   951557.26452584704     
   951650.22196461703     
   951658.13618705748     
   951700.29247298779     
   951641.00847944233     
   951620.03887264361     
   951612.41492290760     
   951492.44207292469     
   951514.78664208611     
   951532.72834913980     
   951456.69184641296     
   951397.57311151724     
   951454.28113171074     
   951463.19533826457     
   951482.96038991003     
   951520.71148016059     
   951384.21693585149     
   951327.55340931681     
   951407.60856780061     
   951312.39046641358     
   951334.53815512673     
   951310.87672216969     
   951294.70884140418     
   951251.04464382085     
   951252.43779631134     
   951283.08819845982     
   951319.87600437296     
   951359.85536357691     
   951368.34092533938     
   951367.01318526780     
   951387.54416109994     
   951345.60955452174     
   951324.81471022964     
   951265.59158776025     
   951239.12616585009     
   951283.74610553065     
   951209.22102085256     
   951216.04425601242     
   951209.28706281364     
   951181.28431794024     
   951300.77208020072     
   951225.84569623158     
   951166.97132751055     
   951134.91388554266     
   951107.38315720146     
   951106.55542368523     
   950916.39885211387     
   951001.27542469709     
   950941.87628808746     
   951100.70748102758     
   951109.07626784267     
   951234.32806809677     
   951143.94427812775     
   951074.10025473207     
   951105.92633814854     
   951043.36101229466     
   951033.76858540170     
   951016.63397285016     
   951079.26440148032     
   951140.84838268941     
   951204.75026817608     
   951213.86313599162     
   951162.96205851960     
   951168.85737350374     
   951221.63516177668     
   951193.60186085780     
   951240.12144499610     
   951165.47071244230     
   951206.63497160713     
   951153.55787166127     
   951120.74030825903     
   951140.56562933198     
   951134.90429199697     
   951037.80777320394     
   951087.09855457849     
   951032.93422955822     
   951083.04652342771     
   951112.84557937528     
   951144.18176872854     
   951153.77929622948     
   951095.68799055438     
   951063.59610258252     
   951070.90208892745     
   951153.30028848851     
   951143.25442029303     
   951158.94570700347     
   951181.93109074328     
   951089.35264276597     
   951114.24689232802     
   951087.80716118147     
   951139.61059441604     
   951034.97864675324     
   951088.51766135951     
   951120.44193854579     
   951164.14951123414     
   951200.68122571625     
   951260.61898673477     
   951314.63343859289     
   951272.05384921434     
   951271.71139544016     
   951217.09313554119     
   951227.92138049984     
   951215.21867975744     
   951188.86058376136     
   951194.32549887069     
   951100.52602463495     
   951083.91110767226     
   951168.94477851596     
   951125.98926732363     
   951063.33791602019     
   951158.97805410740     
   951110.54055608122     
   951152.56562498561     
   951016.38126498798     
   951009.59991749679     
   950963.98986635765     
   951044.22667099955     
   950973.14800386317     
   950885.78205318714     
   950878.56145967182     
   950894.98682316300     
   950938.92215274728     
   950825.63275670691     
   950828.38192267984     
   950915.33918035391     
   950954.26705318061     
   950906.31573684106     
   950890.01562365913     
   950865.50482348725     
   950997.04799125739     
   950965.42613268713     
   950930.67944737826     
   950865.86688923091     
   950808.55337207625     
   950833.02397290315     
   950699.83888880641     
   950703.50825604203     
   950727.44295878930     
   950711.31229660276     
   950641.39164246793     
   950504.30995742243     
   950584.11363653303     
   950609.38177986885     
   950621.38926694926     
   950718.32452953246     
   950735.50727594818     
   950714.67386003537     
   950695.20771118160     
   950681.85241337516     
   950742.69968471699     
   950664.82117086253     
   950640.80431049108     
   950695.89230464713     
   950776.45065754338     
   950746.78757757985     
   950742.86123959301     
   950782.15839978179     
   950845.09407131968     
   950793.93776303437     
   950711.71944808972     
   950739.86882191629     
   950726.25902290875     
   950663.89092777646     
   950679.30644620862     
   950631.82566005585     
   950611.23775411176     
   950573.12959286326     
   950588.78287622333     
   950693.70755729871     
   950805.02127745445     
   950861.74156124145     
   950887.12023880554     
   950696.63089007046     
   950701.02491886390     
   950695.40004750947     
   950687.75949214364     
   950640.68459405284     
   950660.07649403648     
   950717.29603991413     
   950690.89707218634     
   950772.01267816056     
   950823.92416631884     
   950875.80771361722     
   950816.37130825361     
   950838.91980233474     
   950877.42358110636     
   950870.17945758591     
   950869.82398838724     
   950897.36162036785     
   950859.26313887537     
   950774.08760158205     
   950748.13072108559     
   950659.40025722829     
   950659.62311095872     
   950659.62311095872     
   950720.77669106191     
   950822.32648851187     
   950815.59390001348     
   950800.82749557134     
   950846.30711340602     
   950867.44067363255     
   950773.87465166615     
   950930.96945871587     
   950865.03731757670     
   950791.61766548525     
   950833.72032357450     
   950777.55313574232     
   950742.13816886093     
   950830.79626182991     
   950686.08907168254     
   950527.37856185623     
   950522.56711457495     
   950525.15832186118     
   950542.33636272745     
   950501.49749751703     
   950478.13650524046     
   950483.64650096092     
   950575.89270644775     
   950584.80310706107     
   950597.01975893904     
   950483.44409825699     
   950477.76955220709     
   950436.80868985446     
   950411.35516779334     
   950344.43940646842     
   950308.55603928585     
   950322.57575109228     
   950209.74435304129     
   950223.14627002156     
   950214.78957142914     
   950188.43299615290     
   950180.78540856007     
   950176.91725114163     
   950101.51455505902     
   950048.77165470249     
   949965.56194391486     
   949931.33655182307     
   949948.31240604527     
   949995.55088927317     
   949993.73482010281     
   949963.20663225441     
   950072.53655682225     
   949995.96967102331     
   949924.73413649085     
   949988.28716448264     
   949829.58210391516     
   949851.21595726267     
   949867.72932324198     
   949929.25957323238     
   949953.08705418813     
   949976.87581061525     
   949912.09774406080     
   949920.01727581723     
   949978.71280087309     
   950045.23286775977     
   950085.41306515282     
   950123.38783431205     
   950224.72721423930     
   950220.07408207445     
   950276.53138464899     
   950225.24491929240     
   950188.46594899194     
   950071.51596055680     
   949984.40600564540     
   949926.59940768580     
   949934.26630440645     
   949979.61355047126     
   949918.03936806018     
   949973.92729565862     
   949900.18420039467     
   950068.84792134468     
   950034.34965637198     
   949969.02080040064     
   949836.66328274668     
   949787.68775977287     
   949757.70015195536     
   949689.43350624782     
   949724.90949046460     
   949725.19911487773     
   949766.85966701130     
   949743.13221420883     
   949689.13329572533     
   949712.47794998437     
   949702.82749562070     
   949601.77712495241     
   949582.99070547975     
   949556.37723891565     
   949648.94668812433     
   949622.14761966548     
   949630.63414729608     
   949632.82744323334     
   949716.64949798991     
   949590.60730777774     
   949491.70591218327     
   949588.89814194432     
   949645.92585347616     
   949545.39152872155     
   949522.60403336072     
   949544.98511773953     
   949560.86997415789     
   949589.53930593887     
   949556.20486652013     
   949532.30891428958     
   949556.63629803201     
   949560.28545197146     
   949587.38858666434     
   949532.20692859450     
   949474.18700361461     
   949485.79483691452     
   949421.58929664514     
   949550.70494000497     
   949576.66645435221     
   949529.75582275109     
   949481.71350690792     
   949489.60303184297     
   949413.82582740637     
   949434.68377889530     
   949459.55640339432     
   949454.43835535645     
   949457.84193039662     
   949353.14790938422     
   949432.50950920291     
   949315.68127915077     
   949346.53698127880     
   949284.36678794236     
   949262.22516183846     
   949234.17740295886     
   949176.67166777363     
   949165.30856324907     
   949181.68388911989     
   949281.31327090622     
   949380.92502126249     
   949347.68807097350     
   949384.32277536031     
   949292.75801594986     
   949335.17482807045     
   949347.15065963648     
   949278.69537174341     
   949280.33097545989     
   949274.19859069376     
   949324.25682106684     
   949281.78626756254     
   949217.00970959745     
   949212.84407283482     
   949256.19660747680     
   949257.00922604685     
   949286.47307174385     
   949203.26372431603     
   949146.37179069303     
   949070.10505142622     
   949138.10995517869     
   949115.76124848693     
   949179.61232962727     
   949151.50723409327     
   949152.74401489785     
   949139.18152760132     
   949019.69642395573     
   948932.59715764376     
   948984.75316116691     
   948912.32428568276     
   948983.26466468163     
   949060.40601429250     
   948988.95225085958     
   948891.04692697129     
   948983.68381790619     
   948959.58035036712     
   948958.66947490198     
   948949.88922971196     
   948982.86915849010     
   948877.27587666095     
   948916.16286650288     
   948889.21038341743     
   948816.72296608787     
   948818.49548376084     
   948749.79335140227     
   948758.42300882831     
   948707.93615609198     
   948771.88513550023     
   948882.02820823016     
   948924.95513729216     
   948737.32295761665     
   948753.33585021039     
   948677.22235621139     
   948711.56626267766     
   948761.56286024710     
   948752.92305623891     
   948664.06636304897     
   948626.02658954659     
   948734.94385350531     
   948638.81380867527     
   948600.68972644210     
   948567.76401587995     
   948616.14980629098     
   948722.23306907341     
   948753.59211866383     
   948809.48725776421     
   948742.84060660494     
   948821.07869058533     
   948907.57587793970     
   948927.42365545442     
   948922.69654213917     
   948894.04920392914     
   948772.05283324502     
   948730.18005649699     
   948706.14575641870     
   948734.02914122376     
   948617.25395183638     
   948581.76516784646     
   948619.56761326606     
   948698.10150896688     
   948723.43521666015     
   948663.13752006099     
   948759.93805838178     
   948750.01735176484     
   948657.55843556346     
   948647.36195935751     
   948611.03715860180     
   948550.43373415340     
   948621.72809608304     
   948583.39415137738     
   948499.15005191346     
   948422.19017449650     
   948388.13798106031     
   948391.53172091907     
   948416.85866609239     
   948380.07112956257     
   948297.33481942036     
   948328.52991091122     
   948338.76251212694     
   948403.01262874494     
   948264.12641170749     
   948223.39743252262     
   948255.13185965584     
   948102.74987533793     
   948039.73647392471     
   948015.95089037740     
   948106.09640990442     
   947940.02879475860     
   947990.81541773677     
   948027.96065415232     
   948030.84778867988     
   947927.17624546157     
   948010.02128467010     
   947946.55870764318     
   947851.80523017608     
   947800.46959607117     
   947905.30627418042     
   947936.32626257325     
   947900.66621485690     
   947872.91322916211     
   948009.46816118923     
   947962.82020965987     
   947930.45042129699     
   947922.86529703846     
   947961.07708192873     
   947899.77752750355     
   947804.29044084379     
   947811.20985872718     
   947888.87038321828     
   947659.80809122114     
   947685.68658497476     
   947810.83191529079     
   947764.23573866335     
   947836.21805070865     
   947913.90687954228     
   947852.20763287018     
   947839.58088070841     
   947846.83625902585     
   947770.71523603622     
   947745.77481737651     
   947777.26722138550     
   947838.03728461859     
   947850.13893138326     
   947917.85460417601     
   947964.19049849012     
   948038.36440795159     
   947937.94727662380     
   947935.21255400812     
   947825.57400365034     
   947923.95072788221     
   947891.55521179375     
   947928.73682425916     
   947894.41837522795     
   947922.22853912704     
   947946.14877190068     
   947857.35877689987     
   947799.40242834529     
   947773.30376273091     
   947652.63341221074     
   947599.89284950122     
   947621.14538490144     
   947632.29655853880     
   947662.94415731065     
   947489.28454219573     
   947499.67496876174     
   947516.71923835494     
   947469.16386117949     
   947516.24384777760     
   947432.40682669345     
   947363.04189297848     
   947441.47109163925     
   947554.90181100706     
   947588.42301845516     
   947530.19641623832     
   947573.03478870157     
   947465.51238144957     
   947581.36641261168     
   947450.64425507246     
   947462.25770173944     
   947385.37167417537     
   947362.87130118406     
   947289.92030701041     
   947247.48531416699     
   947284.32296226441     
   947376.77871965338     
   947354.27429595066     
   947463.98379804846     
   947516.93955034262     
   947637.61603110388     
   947653.99228892906     
   947632.71436933347     
   947611.73581050406     
   947611.45623517642     
   947651.79343173583     
   947614.65176363639     
   947574.97724896250     
   947504.12944424874     
   947494.91567755700     
   947524.89263774664     
   947511.27187960339     
   947466.17501336616     
   947412.72526582528     
   947391.18329623225     
   947340.38305247540     
   947408.31789524481     
   947384.97211593518     
   947328.29058208072     
   947353.01435662806     
   947398.73669069493     
   947418.45692817122     
   947455.18141439033     
   947402.83593260520     
   947381.44733337930     
   947399.04251003673     
   947304.13426267472     
   947301.72016395209     
   947284.25503825757     
   947248.71129701030     
   947276.37683138647     
   947191.60479214287     
   947192.59606928471     
   947156.45859385107     
   947074.16745000693     
   947083.00168034970     
   946956.93236393447     
   947021.80556517222     
   946954.56734042172     
   946971.82424208941     
   946913.79372256214     
   946963.17765421933     
   947011.57872031291     
   947048.03850407165     
   947016.04986457515     
   946961.55720462278     
   946963.98068212613     
   946893.07354768645     
   946796.57595228974     
   946825.38763614628     
   946922.05216022453     
   946935.58419827407     
   946876.80232218502     
   946908.59932892234     
   946933.12164442916     
   947005.49703405879     
   947109.88570885127     
   947138.17876201228     
   947125.74778425333     
   947096.79729323508     
   947089.49502688309     
   947093.59525562508     
   947046.15506114566     
   947174.89288583817     
   947142.68643254985     
   947215.28554823145     
   947118.19924889761     
   947093.33539726224     
   947103.51816335088     
   947045.68816350889     
   947020.04983822012     
   947007.26245759078     
   947054.50385256915     
   946934.97547236911     
   947020.41005908605     
   946948.49745927274     
   946853.39349338191     
   946854.83092834009     
   946827.57491238113     
   946830.82942383830     
   946769.14643286529     
   946902.96819621092     
   946857.91589165747     
   946823.92986519507     
   946802.64742416574     
   946743.93444344588     
   946711.94381825579     
   946700.49872006220     
   946733.53338069352     
   946780.30079149245     
   946798.52256361011     
   946728.92423107277     
   946769.10020428570     
   946689.37629145756     
   946539.96229888033     
   946506.52328631387     
   946456.75647763931     
   946481.18768687302     
   946442.12226934452     
   946388.00834361510     
   946519.04055127816     
   946539.54395412351     
   946501.20599365293     
   946561.33612274635     
   946582.36619022710     
   946568.38372816716     
   946494.10099976975     
   946472.41823356296     
   946455.15212281828     
   946390.25664732337     
   946393.27190445061     
   946427.38771708647     
   946410.60187217477     
   946441.53043185431     
   946322.76342201303     
   946331.47795858642     
   946361.38628584647     
   946281.61098281457     
   946205.15733288776     
   946126.26292002841     
   946044.88128123223     
   946016.12318834965     
   946040.15780626552     
   946101.49853124353     
   946132.17340577766     
   946078.22208627372     
   946042.46264760627     
   945981.98721195199     
   946005.64384997357     
   945989.90707115910     
   946023.20784612361     
   946002.84854073951     
   945976.99769384810     
   945884.40110460611     
   945884.16562609270     
   945906.00608234550     
   945922.20137383637     
   945939.63718424272     
   945873.70509628905     
   945816.00603444967     
   945844.33806271316     
   945814.95659601083     
   945963.73433900706     
   945902.32519039058     
   945982.68931616854     
   946001.61632511148     
   945939.41736421827     
   945923.17945614480     
   945917.78092444222     
   945995.52682164765     
   945918.03032284405     
   945888.94409783278     
   945835.76165843196     
   945797.06878482655     
   945804.51730187004     
   945783.31915292656     
   945725.00375977473     
   945780.96973507886     
   945679.05298051366     
   945691.76821036160     
   945764.34344031627     
   945664.71030158317     
   945752.20091171528     
   945815.53292123147     
   945808.93894033902     
   945804.53721614869     
   945797.40992259118     
   945729.47998756508     
   945693.87583714910     
   945592.03279332200     
   945561.22587444505     
   945542.25411984243     
   945593.82988299290     
   945775.15127755294     
   945720.86295573111     
   945747.16152968386     
   945821.84872096276     
   945782.84284826403     
