   964514.30806830525     
   964509.00749566033     
   964452.25826486037     
   964382.42958145984     
   964416.30422249739     
   964388.04822107847     
   964382.17597033491     
   964449.45232743130     
   964421.27127670695     
   964388.01717987622     
   964399.36461039807     
   964399.50852882711     
   964399.08855776105     
   964363.80232172285     
   964435.20851572696     
   964467.57981742278     
   964431.72405437485     
   964406.38161144953     
   964404.14368680946     
   964510.23490869894     
   964511.16875702073     
   964614.90042267938     
   964494.83738150133     
   964443.65498287743     
   964343.82747917902     
   964311.21677790768     
   964281.08819956321     
   964333.34613912320     
   964341.86133293936     
   964356.56324397202     
   964301.91458876769     
   964222.34084018262     
   964222.38679402485     
   964206.53319824615     
   964313.06334732869     
   964296.42265144514     
   964194.71431145235     
   964248.02273252420     
   964200.91689519410     
   964233.01446227403     
   964155.62827971927     
   964179.69860150653     
   964079.11771047232     
   964120.53766836680     
   964121.91964975442     
   964052.47570271348     
   964070.99478262512     
   964032.48725926143     
   964131.06010128651     
   964046.83917579800     
   964115.55888409913     
   964171.21191004757     
   964134.02216919744     
   964046.40419055964     
   964022.75949039357     
   964104.56898226170     
   964144.56073957495     
   964135.47338860075     
   964096.29931784456     
   964136.68746709370     
   964079.04156492755     
   963987.52344045311     
   963961.02614265471     
   963945.99050973135     
   963927.09320771298     
   963937.06952889136     
   963957.55291725113     
   964014.38326052355     
   964049.36953356036     
   963987.82810025360     
   964020.05647045851     
   964105.04380205378     
   964176.68134283251     
   964245.25426628208     
   964236.35428114596     
   964262.60332672601     
   964172.16574134631     
   964192.41280474083     
   964247.83673052257     
   964202.55197734048     
   964209.37338249991     
   964314.13106764434     
   964338.82601777092     
   964371.73053555854     
   964468.16878517217     
   964408.48350476671     
   964355.18878283037     
   964372.30133547785     
   964332.57739187765     
   964303.23108909791     
   964293.93949198409     
   964357.35086222750     
   964296.90933594247     
   964204.89954925026     
   964159.72988327825     
   964156.25747836602     
   964052.47141509329     
   964036.44347387599     
   963933.15744533110     
   963936.76121799590     
   963916.26627288142     
   963928.54907503177     
   963885.32839198003     
   963883.26332545863     
   964023.42397277290     
   963962.83863044833     
   964006.49809402577     
   964035.35371825262     
   963990.46793231589     
   963929.48190510541     
   963959.20992323535     
   964036.53997260856     
   964094.81056229665     
   964021.00509083655     
   963941.16810496303     
   963892.32996613090     
   963834.53696742468     
   963752.87093880319     
   963905.09544618311     
   963938.47843488306     
   964003.72693696059     
   964004.47222537128     
   964006.98672671430     
   964005.87545542093     
   963976.85664438526     
   963917.00736212567     
   963859.40542761050     
   963822.51643135131     
   963804.87294823024     
   963898.74289958074     
   963760.56401145877     
   963723.97555411584     
   963749.50090042502     
   963761.72636585368     
   963780.47644259967     
   963739.94875699782     
   963804.28305789537     
   963792.45983571850     
   963828.63725899998     
   963892.33441417885     
   963905.26713035908     
   963939.08370750526     
   963955.45138203772     
   963956.82513781451     
   964001.44585516129     
   963974.93197872385     
   963876.51408167265     
   963928.29154972627     
   963962.51972047205     
   963981.47397032683     
   963885.66094075423     
   963863.46769026865     
   963890.32767389156     
   963969.92333422077     
   963897.43309914868     
   963997.44882925134     
   963996.78871599922     
   964060.88267962809     
   964067.54950291337     
   963947.25076095725     
   963932.25834612979     
   963895.94723270833     
   963914.68404477194     
   963896.70944750006     
   963860.18669800390     
   963883.60287079134     
   963960.60581025982     
   963904.95593710127     
   963840.64673878998     
   963763.57533821394     
   963854.91059420840     
   963799.92040009971     
   963857.80670007062     
   963920.82198316103     
   963826.18804356223     
   963826.18804356223     
   963826.18804356223     
   963822.79936027352     
   963873.09709469415     
   963934.07737699943     
   963963.89206101117     
   964039.94351681997     
   964042.17731869116     
   964106.52213436854     
   963858.26629549591     
   963843.91241642297     
   963872.95225679711     
   963799.65235857572     
   963784.26371477765     
   963776.14171329164     
   963716.98602218810     
   963730.90971900546     
   963682.30163301167     
   963629.96384634834     
   963633.40871960938     
   963628.25243555999     
   963679.60269378917     
   963737.80782360199     
   963780.87554542709     
   963740.78932872391     
   963690.28014360799     
   963600.22408022673     
   963664.51114450919     
   963677.62841661891     
   963636.86528252147     
   963564.66476030694     
   963527.76394906512     
   963560.82087394444     
   963476.88373765489     
   963434.43848486210     
   963411.37516731594     
   963409.24948875071     
   963442.35335709935     
   963474.38725990953     
   963578.88417300617     
   963454.70980011183     
   963460.60564815695     
   963547.45808758540     
   963405.23481528019     
   963446.52016499790     
   963338.09079941863     
   963241.69804751652     
   963227.38289436477     
   963330.10998199170     
   963373.03003518574     
   963272.99642240244     
   963239.09248014074     
   963337.74885594437     
   963234.30126933544     
   963360.06268001546     
   963382.77584325382     
   963236.86975045130     
   963154.78782053001     
   963143.23647595721     
   963226.43537033827     
   963175.75412587950     
   963191.76990822633     
   963150.98783187079     
   963157.84777070617     
   963082.07047348807     
   963203.98606500286     
   963138.29628272343     
   963164.84549109149     
   963218.94839191053     
   963241.50157899654     
   963277.81956193363     
   963240.26449365669     
   963345.87679710239     
   963334.72960562597     
   963368.32509535539     
   963415.19965483621     
   963461.31821344269     
   963476.41825206333     
   963490.68453165423     
   963526.36077684734     
   963448.60886163940     
   963459.25629360904     
   963362.86808739195     
   963277.46016454278     
   963182.13156495045     
   963296.37922437908     
   963265.86378304276     
   963307.63272737374     
   963258.94512848847     
   963276.79690001300     
   963361.76101501228     
   963374.57560765021     
   963342.69240189996     
   963326.17722663702     
   963326.78793932358     
   963296.29166184855     
   963321.57846299722     
   963268.97704597982     
   963277.83625614399     
   963355.69795785123     
   963287.46024610847     
   963314.92714386212     
   963156.46362475283     
   963305.64297823107     
   963258.10942129011     
   963242.17682263732     
   963265.77096179593     
   963184.61063140968     
   963293.72837987228     
   963357.47744137328     
   963287.73137020634     
   963346.27753806557     
   963354.19140723767     
   963406.61941159249     
   963476.89483455964     
   963454.70293635048     
   963528.54520261125     
   963557.84509738116     
   963522.40072096395     
   963427.63573228370     
   963500.03953364503     
   963500.22748966445     
   963549.23421471252     
   963537.81575966894     
   963530.29883741867     
   963518.67383031151     
   963532.23153616802     
   963638.69387724041     
   963605.91243943525     
   963536.06348563859     
   963631.68059065286     
   963538.61615311296     
   963517.48307345633     
   963522.75585946161     
   963715.32602086011     
   963666.00548840372     
   963640.10650534718     
   963562.71707247803     
   963664.54269068909     
   963532.88834127935     
   963573.41944939306     
   963568.78215022280     
   963634.31753094762     
   963776.52779176424     
   963684.69608996529     
   963692.88720535650     
   963656.67383359105     
   963665.17810904572     
   963664.21805104939     
   963741.80600370222     
   963676.75170057139     
   963628.36946646124     
   963672.05598179740     
   963756.62711866002     
   963834.78879431076     
   963829.48646521289     
   963793.05067477562     
   963844.36082952179     
   963833.05720424640     
   963731.76754653116     
   963841.00716961629     
   963860.10413397453     
   963861.13856238243     
   963785.11123270483     
   963766.28180006379     
   963746.54307769903     
   963683.94340242434     
   963662.24971893698     
   963460.08064059075     
   963487.92076862848     
   963434.51381010027     
   963345.39470674691     
   963331.60171130474     
   963290.60590458591     
   963371.53922165872     
   963279.38989362353     
   963371.75153894816     
   963349.26855595887     
   963418.09559019178     
   963399.29733501514     
   963467.97911539406     
   963376.22495601396     
   963447.00726177392     
   963422.47496986936     
   963423.55727841565     
   963395.18711939384     
   963369.08885829314     
   963488.74729139451     
   963396.94571463868     
   963376.49358289805     
   963403.72897518636     
   963406.88007409754     
   963355.89249866887     
   963418.66704885766     
   963462.39721112745     
   963446.92070850451     
   963485.42367706855     
   963424.82039429666     
   963425.17847678647     
   963542.73112239328     
   963642.74320879532     
   963649.06744153798     
   963636.04125844548     
   963591.66252506641     
   963524.89250455808     
   963562.59140449972     
   963598.50428077648     
   963537.19279444613     
   963521.98362898617     
   963524.82096002239     
   963564.17116951966     
   963509.13839066564     
   963480.74624800927     
   963454.47781493922     
   963592.80304136663     
   963616.56673662970     
   963761.48063148151     
   963736.29135469534     
   963795.69730029104     
   963905.38739807205     
   963938.66277565784     
   963965.32426498528     
   963999.54025380791     
   963939.46450329584     
   964024.43210010533     
   964006.45911865192     
   964115.90343391965     
   964110.92096412147     
   963999.44189293100     
   963879.61609553406     
   963956.80040988815     
   964012.02643135318     
   963894.57802954339     
   963999.56853547366     
   963973.08463679231     
   963972.48508664453     
   964003.53791426832     
   964041.61016010714     
   964002.85199691693     
   963882.74180396239     
   963990.68546777940     
   963983.10477311700     
   963881.63902015821     
   963836.47708660457     
   963850.54078434268     
   963889.97372849728     
   963741.54955627769     
   963714.64694202575     
   963730.34066012211     
   963816.18848389213     
   963846.92407546088     
   963955.80755663104     
   963922.23567011522     
   963870.90406585031     
   963995.91966418410     
   963994.78228077956     
   963930.54542813764     
   963885.88021835918     
   963935.44967658073     
   964022.08567252930     
   963937.66092475760     
   963857.42691110459     
   963903.09374571033     
   963824.58079890336     
   963690.83372203633     
   963676.59255102265     
   963715.76816624322     
   963741.91814681899     
   963774.40342853172     
   963705.92172806954     
   963705.48097431497     
   963669.78916115104     
   963699.30321969558     
   963798.61738475633     
   963794.60615642113     
   963730.17283740849     
   963714.16703814524     
   963738.92787230620     
   963785.90843994543     
   963720.34712919558     
   963738.81836142018     
   963745.47995353478     
   963766.16098064580     
   963642.73036429414     
   963615.08569761051     
   963608.80761598272     
   963601.85164128151     
   963589.00813698745     
   963604.09567577904     
   963582.51080242323     
   963622.02166934998     
   963531.50005303067     
   963515.23956889648     
   963501.37522417598     
   963400.29231928324     
   963445.33125283231     
   963469.39871947118     
   963378.88859627082     
   963352.86323232006     
   963340.01793845161     
   963381.04805801413     
   963271.33746140706     
   963248.62236619240     
   963217.68424761831     
   963145.28417076601     
   963207.27429898747     
   963236.92980372964     
   963287.46956109721     
   963284.98585180938     
   963314.47328241542     
   963405.33288751787     
   963255.61483580200     
   963363.26196654595     
   963372.74693035614     
   963410.76214479038     
   963328.55681336857     
   963282.25685853360     
   963268.78802935756     
   963334.56241903373     
   963307.94826246344     
   963379.63432572386     
   963392.33571965981     
   963339.15269135893     
   963286.31999826501     
   963433.67797921365     
   963274.29748886626     
   963351.95436848479     
   963328.34029139753     
   963233.18192985537     
   963141.09071946121     
   963092.25531361660     
   963001.18430236878     
   963077.11420514551     
   963053.02559259324     
   962944.29360130918     
   962896.59224525024     
   962872.15706155449     
   962881.04487127473     
   962878.32011023769     
   962999.85888471478     
   963074.12908426824     
   963076.64380770072     
   962997.80182978255     
   963112.82470235531     
   963066.37694943277     
   962929.13237694441     
   962815.84093739884     
   962876.86483245017     
   962987.93564587377     
   962930.28918356355     
   962896.98777594604     
   962948.68816184928     
   962928.09430926212     
   963028.79384833865     
   963076.14294885844     
   962941.88608712470     
   962881.95856831654     
   962907.95487260795     
   962859.83154013904     
   962883.35932105954     
   962823.05115339800     
   962786.92293464986     
   962813.29117078369     
   962902.80676167191     
   962966.73204581928     
   963098.52981833834     
   963105.99421004800     
   963016.15435966779     
   963003.87520560215     
   962999.90223321947     
   963058.57143450656     
   963089.48159208091     
   963090.41668967577     
   963151.27839670493     
   963148.33597373520     
   963059.01774749090     
   963111.07975937647     
   963190.26956823596     
   963189.70349644881     
   963147.50764861784     
   963081.88658667868     
   963129.53612341848     
   963022.37663797301     
   963113.98417574645     
   963069.66797601304     
   963144.79674111016     
   963127.58313813200     
   963107.58327058295     
   963061.39379075903     
   963039.63012535917     
   963029.47742773837     
   963033.18254061660     
   963083.59372245497     
   963089.71459097718     
   962963.43754014838     
   962945.77221488080     
   963006.24670100864     
   963038.95292689209     
   962904.47963104211     
   962963.85582827579     
   962971.05963153043     
   963118.47123375535     
   963106.29028893274     
   962991.75990306749     
   962925.49413235916     
   962866.38377938361     
   962855.06373492256     
   962810.27759223641     
   962826.85413200245     
   962832.57947940566     
   962800.34570430126     
   962823.11971995526     
   962875.47585473885     
   962834.52597537625     
   962771.40667587996     
   962869.50596542750     
   962802.99181187712     
   962891.70618214784     
   962759.36514686921     
   962750.64947197912     
   962928.59094569646     
   962857.71303510433     
   962780.45428802655     
   962749.93201195984     
   962672.83202865429     
   962707.62061757257     
   962693.85841945873     
   962710.12782888301     
   962734.02204941469     
   962671.31459901517     
   962807.30664748291     
   962879.84696951939     
   962745.46207890636     
   962698.15989728761     
   962713.72150081245     
   962757.21383102110     
   962643.03104805597     
   962736.97200762283     
   962732.93210351933     
   962681.03708826785     
   962723.19325656816     
   962626.58304023335     
   962551.28800876788     
   962524.61974813906     
   962429.28517120751     
   962528.85003202420     
   962479.84913184040     
   962486.68454299180     
   962410.16157404147     
   962416.12667445384     
   962584.11420286843     
   962633.69594571530     
   962438.31570023554     
   962385.58631956589     
   962363.44745511655     
   962408.47140239435     
   962517.29808752949     
   962593.02432265505     
   962647.13829372975     
   962515.10062411404     
   962547.58740907372     
   962523.32227716991     
   962579.87603874155     
   962526.84807708592     
   962462.89583547495     
   962421.37112599320     
   962385.18135525391     
   962414.20993713860     
   962387.09943003394     
   962438.60808473732     
   962364.28931690159     
   962329.87479344918     
   962336.46889353427     
   962310.49620512722     
   962390.02547415684     
   962338.39242391847     
   962372.87451763544     
   962376.65749265754     
   962420.09848751943     
   962410.76444596914     
   962451.59751795873     
   962295.34916735278     
   962290.86647415080     
   962234.03651327710     
   962253.73127666104     
   962155.22569244169     
   962205.84894806205     
   962248.10716244276     
   962370.73753234185     
   962405.70170729957     
   962354.83991227834     
   962299.50934047659     
   962312.77388987166     
   962211.04665368202     
   962176.94914207794     
   962171.14166242233     
   962153.66802343121     
   962139.88832382753     
   962101.47647773265     
   962137.09717700758     
   962143.28670708230     
   962268.93823871296     
   962259.92483191646     
   962346.89915654610     
   962290.42043423036     
   962291.59141223435     
   962302.54097308579     
   962230.06357977854     
   962314.09805454349     
   962267.73374927370     
   962401.49124014145     
   962491.19210802403     
   962569.95351093542     
   962524.01228354860     
   962534.33990285511     
   962523.10530973517     
   962593.82064051053     
   962490.64709738619     
   962502.69452087255     
   962469.60119464993     
   962499.50201802980     
   962576.78876260214     
   962567.54041844071     
   962536.01801971684     
   962615.57796530961     
   962502.13277203275     
   962546.84274635918     
   962634.40826728148     
   962569.94927163492     
   962609.50394284795     
   962670.74329924700     
   962713.54784720379     
   962652.27053021314     
   962663.56119051378     
   962591.57927361561     
   962642.64368626801     
   962673.96771629597     
   962777.20162264060     
   962715.83638764231     
   962734.81340687443     
   962628.78231079155     
   962602.08779359818     
   962502.90850757004     
   962635.89969432983     
   962734.88234618830     
   962837.84824255598     
   962748.04416390485     
   962774.28557586542     
   962740.69279892195     
   962818.19838594773     
   962860.00020557549     
   962769.40801364207     
   962793.88650892663     
   962918.31674291112     
   962957.82193092688     
   963032.78025770746     
   963066.14162327209     
   963026.07932661916     
   963021.17658820387     
   963047.49431914603     
   963004.19803918293     
   962972.13725526910     
   963036.37096528115     
   963053.92438117461     
   963092.11132595793     
   962981.10018321197     
   962923.57948678441     
   962951.21618279710     
   962876.19709245523     
   962976.42254567216     
   963012.50411462842     
   962955.71909384476     
   963004.96738975740     
   962949.74884501728     
   962963.44834305008     
   962929.78060903528     
   962956.00026834069     
   962858.05492121470     
   962875.86697343795     
   962966.54695440456     
   963018.80132157577     
   962921.43220820930     
   962848.50655772747     
   962865.31168951362     
   962833.08788108442     
   962754.85292148462     
   962812.13596407953     
   962819.83524166921     
   962866.03458997188     
   962886.35907287383     
   962877.81318173639     
   962894.85284757765     
   962844.28646759957     
   962814.20721986587     
   962832.66568361176     
   962793.69274174480     
   962873.42998941417     
   962844.03623398684     
   962867.04423758900     
   962940.64094762853     
   963062.75765551277     
   963040.15448606934     
   963043.64482484537     
   963014.17922509753     
   962956.02113113424     
   962999.70679479372     
   962966.76190074708     
   963032.56873042148     
   963051.38379150128     
   963052.27046239551     
   963096.95540500700     
   963019.73816096876     
   962928.49524024548     
   962895.34081416053     
   962836.06050437549     
   962835.99771471776     
   962905.98598938866     
   963029.05628401588     
   963161.65818638622     
   963114.77227643807     
   963046.01592204417     
   963032.92094090360     
   963077.68299327500     
   963006.84603876260     
   963014.69269907579     
   963024.15636390005     
   963053.82377068372     
   963073.72645464889     
   963016.47004309203     
   963038.28204225271     
   963015.61936422682     
   962963.06127343152     
   963073.91946195974     
   962990.93711999489     
   962986.71697183477     
   962914.51031724829     
   962938.25921432860     
   962899.71862347890     
   962986.69919749571     
   963036.42946041212     
   963004.79909126880     
   962948.79210399673     
   962878.49825729046     
   962916.08159386623     
   962982.71733494289     
   962999.46358707291     
   962861.71663102414     
   962859.93703322962     
   962934.92561114847     
   963021.91798761440     
   963063.64296742459     
   963024.86629821104     
   962971.29856204835     
   962988.56635871856     
   962975.66052067408     
   963001.01191738003     
   963089.35431885021     
   963028.98035971611     
   963073.38185901777     
   963129.30277631257     
   963194.83510616515     
   963111.15746854199     
   963157.59747994703     
   963038.81456695590     
   963086.32556623244     
   963118.74020928273     
   963083.43180364487     
   963124.62492494367     
   963179.98914363317     
   963205.91552244022     
   963159.66729347303     
   963075.36873137229     
   963160.45324913331     
