   207313.84838307157     
   207313.84838307157     
   207215.61418505717     
   207033.72319844444     
   207126.45102136035     
   207061.71430952361     
   206975.10599275638     
   206975.79347215939     
   206932.92929075856     
   206975.91752406934     
   206948.02907600260     
   206980.51483969472     
   206836.90439165014     
   206861.59709109389     
   206785.11489595062     
   206703.67792845730     
   206687.00549493634     
   206718.55776862209     
   206678.09722563793     
   206672.86387038240     
   206651.93439356808     
   206679.29153201357     
   206546.26899967957     
   206461.21002406857     
   206534.84030023238     
   206411.59473364844     
   206382.04444941485     
   206401.02633451912     
   206285.38635981901     
   206318.18825399157     
   206251.42800698694     
   206184.59845297082     
   206070.84743854875     
   206147.75470094476     
   206157.93412907739     
   206273.78665381650     
   206223.50734960660     
   206359.58376631944     
   206243.06916096088     
   206266.29347770577     
   206105.80240353168     
   206049.78609388543     
   206114.20174408090     
   206255.69543509500     
   206185.69499339382     
   206137.94706786206     
   206118.10439848850     
   206120.42506602852     
   206034.97165190446     
   206099.57146197782     
   206042.47897847713     
   205976.02252558581     
   206031.80246106407     
   205945.62529629076     
   205843.66762650054     
   205872.96253536135     
   205800.46840035587     
   205749.42225973203     
   205837.25496297315     
   205807.72382271790     
   205886.07038773646     
   205698.75519756009     
   205609.88445877348     
   205564.45206068223     
   205493.67678367303     
   205482.68216379939     
   205420.35108218048     
   205417.89162347972     
   205355.92669909255     
   205295.68478608943     
   205316.96604804235     
   205351.67795363182     
   205381.91610711080     
   205324.91489277329     
   205361.73101999122     
   205357.85618456447     
   205291.87845989116     
   205258.96728260870     
   205261.10360859436     
   205339.46913861402     
   205292.37299010111     
   205249.21071060537     
   205304.26313892091     
   205316.29461310833     
   205204.06863845812     
   205155.98655806476     
   205122.76012341832     
   205030.53064715650     
   205056.48065552794     
   204962.76790547612     
   204964.10610582694     
   204952.98066625843     
   204876.69206136334     
   204927.78759422654     
   204872.61127494747     
   204901.13874998235     
   204894.16100131493     
   204963.45955438958     
   205001.01827294190     
   204869.17596758669     
   204898.97362551224     
   204905.19525362563     
   204934.97419587988     
   204927.83507404776     
   204904.05362668075     
   204841.88810645981     
   204830.77886307210     
   204828.70790285867     
   204779.23499489899     
   204840.17969734711     
   204827.31798307487     
   204917.94002157680     
   204879.90396683433     
   204853.47124001395     
   204798.40810778367     
   204756.93519774172     
   204812.68153108496     
   204769.47237722960     
   204667.08116441319     
   204695.04503754259     
   204646.44158823497     
   204599.30785032327     
   204500.99105771957     
   204474.47812114964     
   204412.86315017866     
   204417.44925070167     
   204336.17239951508     
   204377.30444246848     
   204358.11787600085     
   204398.15538611411     
   204317.79154705774     
   204314.42795516140     
   204188.36995714295     
   204192.78530701372     
   204088.28132316790     
   204020.74832384536     
   203997.96785849769     
   203993.30224430285     
   203945.29366943592     
   203912.12899275977     
   203920.57447857058     
   203984.24944648324     
   203906.74697205459     
   203904.48483095819     
   203892.87355878393     
   203915.44764720285     
   203803.08109135774     
   203846.52752545587     
   203899.37771330643     
   203888.98831781771     
   203808.70414857747     
   203773.44517508295     
   203709.94219111104     
   203649.69311315686     
   203625.94979004734     
   203658.37665201150     
   203609.10423641390     
   203655.55075163548     
   203556.38643471646     
   203544.77780370071     
   203523.81385815077     
   203447.40732714377     
   203451.32779530561     
   203428.87527006344     
   203456.34321601666     
   203361.26336993274     
   203357.77930776478     
   203349.13269064823     
   203409.02357830579     
   203362.40501771873     
   203282.42857351096     
   203389.87560711100     
   203357.56538843285     
   203365.83749947959     
   203245.79527683713     
   203278.21470196126     
   203332.78219151590     
   203362.16328434736     
   203270.85296779656     
   203334.46918234130     
   203270.71352949311     
   203212.54108485539     
   203234.64439174105     
   203315.94086908133     
   203236.92179219847     
   203387.29902905162     
   203378.66779931149     
   203364.09367648355     
   203269.52427432037     
   203255.09402398596     
   203312.43056081847     
   203419.07117651336     
   203350.37358448416     
   203279.89947849934     
   203205.08752556800     
   203277.39133724466     
   203325.48011608442     
   203189.40812899172     
   203136.34686632530     
   203251.54386340978     
   203177.26900711886     
   203269.64732497022     
   203219.36708444936     
   203147.97607016072     
   203040.38833474700     
   203088.17309942507     
   203051.26751819567     
   203023.00124122083     
   203016.12610948193     
   203013.99773341167     
   203093.57625475054     
   203053.25988783353     
   203003.41837880295     
   203020.65693588275     
   203045.60066398920     
   202996.83982213883     
   203040.73508785732     
   202934.17045700375     
   202912.04264692334     
   202910.60141882181     
   202902.83939644921     
   202970.15964724490     
   202903.97862009861     
   202889.03664822385     
   202902.45066690893     
   202904.88658909290     
   202919.46034973304     
   202884.56655286366     
   202705.57416615516     
   202788.37461926229     
   202801.74765561410     
   202898.52572331199     
   202943.01364727248     
   202831.57459068086     
   202788.08695222365     
   202772.22316523606     
   202737.50877660530     
   202682.40377222348     
   202666.51281810371     
   202659.57257013343     
   202630.40343080269     
   202694.49141211173     
   202644.51718907466     
   202599.91002101990     
   202542.83842624092     
   202662.41127414277     
   202611.45415598177     
   202612.44875383365     
   202599.75224771316     
   202689.06502375245     
   202700.74549390867     
   202705.66768608367     
   202621.72640636732     
   202642.64028477159     
   202657.51042844853     
   202691.93735160737     
   202668.29018883960     
   202719.84927977991     
   202698.20638495384     
   202676.09106388723     
   202660.62374321473     
   202653.25321797287     
   202579.04422554708     
   202617.39301368414     
   202648.49508159296     
   202594.08199279380     
   202598.84943179981     
   202508.88850089911     
   202547.59948145042     
   202493.49656714455     
   202469.57394430749     
   202429.84042234151     
   202412.18342464473     
   202393.95098575985     
   202387.85793221823     
   202439.00079565216     
   202495.19494052639     
   202369.16128555808     
   202363.42033592303     
   202247.76336716858     
   202277.39368642156     
   202165.29810254398     
   202195.44876038269     
   202190.55188437851     
   202205.44509709594     
   202310.13246732176     
   202267.30782968062     
   202286.47738930510     
   202287.25626376885     
   202274.15613229867     
   202261.75198035236     
   202298.20791817439     
   202298.30783174402     
   202209.65141288695     
   202190.64712094492     
   202223.88530294184     
   202249.05393534747     
   202144.11454220687     
   202144.31032590091     
   202124.04741723672     
   202058.59563891444     
   202015.64544870524     
   201983.33686772839     
   202031.38324496199     
   202007.64196469591     
   202014.41862115180     
   202015.97835686465     
   202072.55415960681     
   202006.91308450571     
   202117.48148412112     
   202078.42594795657     
   202034.58718643268     
   202101.80076398631     
   202105.27537796035     
   202178.38869741742     
   202125.89112262608     
   202038.49832568996     
   202054.16385797592     
   201925.75084686288     
   201980.17313633725     
   202009.78107539285     
   202024.75461340084     
   201955.27356088147     
   201897.37521553683     
   201936.03796747563     
   201935.47113109546     
   201897.11392956279     
   201901.24427795090     
   201890.97216124658     
   201866.44496421458     
   201781.98407096803     
   201843.75941740695     
   201827.31521729499     
   201735.48979427817     
   201690.17186395789     
   201758.91352078054     
   201735.29103192623     
   201770.64005051207     
   201744.14237496088     
   201671.74133293296     
   201620.10056469464     
   201637.57343181773     
   201696.43036034968     
   201647.09591572447     
   201583.57829141209     
   201594.76858337419     
   201660.10055362646     
   201671.79892276815     
   201601.52192923194     
   201527.23325801990     
   201525.61116642211     
   201436.65363094473     
   201522.52328950522     
   201490.54223740773     
   201474.36695040882     
   201624.16949078394     
   201548.45382557804     
   201584.01487184767     
   201516.51087009491     
   201499.13540372334     
   201555.80219665443     
   201459.38398921053     
   201587.86773169646     
   201472.98345251763     
   201467.74587534781     
   201543.35662417440     
   201508.86073140023     
   201622.74876459828     
   201598.64641997439     
   201484.91354502016     
   201442.24757777978     
   201515.64475518701     
   201549.80569171984     
   201537.43131840893     
   201538.52238048750     
   201485.43120502323     
   201325.63314731111     
   201266.39609048318     
   201314.48772925272     
   201309.61509489981     
   201463.17000012239     
   201489.45778938598     
   201523.04070084807     
   201472.71354800285     
   201519.06304320414     
   201510.79022040975     
   201532.50859329614     
   201615.99280393904     
   201576.86743902307     
   201536.13475391982     
   201528.34004658723     
   201454.09996647161     
   201437.26119390345     
   201470.31769044467     
   201449.47679667582     
   201546.89092525639     
   201422.37000001999     
   201365.84451787721     
   201423.18567873456     
   201364.35332402843     
   201361.34200780178     
   201429.13832974172     
   201459.38145322195     
   201337.54966218636     
   201391.93108235867     
   201386.87670889415     
   201307.79325049411     
   201302.45865941636     
   201216.98512293960     
   201254.62223279694     
   201256.52946384039     
   201359.09861299861     
   201336.73450616302     
   201368.77497130109     
   201412.46517491195     
   201355.26308285547     
   201401.61643922882     
   201501.40309861163     
   201485.28764661434     
   201490.09807939539     
   201514.17446335335     
   201532.98984418329     
   201506.84243275123     
   201572.02586595927     
   201607.70023088960     
   201605.36019007937     
   201508.50779767468     
   201519.56684323569     
   201420.62747102964     
   201361.39764384509     
   201284.03846113750     
   201240.10885603781     
   201292.31141153083     
   201270.21441290897     
   201259.60406252608     
   201355.50223608650     
   201258.82320528958     
   201243.14024212692     
   201280.13031257602     
   201233.49852592134     
   201150.60329894724     
   201307.06334627426     
   201310.22121806606     
   201220.67093274769     
   201216.75595035194     
   201164.12822269378     
   201085.51547986566     
   201115.81814054176     
   201197.18517937575     
   201163.64033443009     
   201164.12048821556     
   201140.58020702706     
   201088.49140180837     
   201100.71136678365     
   201093.87980829299     
   200992.93983502331     
   200977.54002863626     
   201037.34677047163     
   201050.49692059241     
   201128.50271304534     
   201145.81420577038     
   201130.21561855191     
   201048.39517057862     
   201050.55557736449     
   201056.08232284142     
   201025.03979238786     
   201022.75427263731     
   201001.21259028386     
   200934.39654765101     
   200789.23402548829     
   200865.51174536749     
   200944.43127463385     
   200891.66726640108     
   200840.14362858492     
   200854.24845006430     
   200854.77920138562     
   200878.27214470768     
   200950.52074845976     
   201017.61047873760     
   201003.33352154389     
   200871.74757448080     
   200937.54527519603     
   200950.98921352561     
   201032.16449635354     
   201070.38705114619     
   201132.44147377097     
   201176.37290592492     
   201098.52063119059     
   201007.83185493722     
   200907.42505697289     
   201053.99043709933     
   201092.80358263673     
   201025.58988893760     
   200996.56104225470     
   200939.16683662089     
   200910.82824506648     
   200866.88952056118     
   200956.52963165738     
   200976.38862246278     
   201009.11604452890     
   200975.06206344173     
   200929.14438281269     
   200873.16264698672     
   201001.78132687759     
   201020.91227436133     
   201071.22838643444     
   201220.85694969489     
   201101.63971620565     
   201071.64212286141     
   201031.15287588697     
   200979.90536559874     
   200947.41322500460     
   200900.83407859129     
   200994.17084487388     
   200952.72708833305     
   200792.34779556523     
   200811.86964160760     
   200780.33455785384     
   200803.00593509569     
   200814.13649987246     
   200819.36298638734     
   200838.12002486363     
   200854.54177018622     
   200812.35932073547     
   200755.07647285218     
   200801.49031120329     
   200629.77034915448     
   200599.82876671551     
   200603.28250872309     
   200578.78963602986     
   200646.74657067165     
   200526.54477936638     
   200498.25097626098     
   200357.95795758907     
   200328.29478515257     
   200252.88277514925     
   200422.51921506666     
   200406.35027681477     
   200360.83089372035     
   200260.18215606734     
   200185.46080339898     
   200161.95655463822     
   200219.06954825428     
   200270.48524399794     
   200188.60777277502     
   200227.50563557254     
   200144.23081780085     
   200183.41800484905     
   200098.37578088627     
   200146.14221219221     
   200067.56225697295     
   200130.19994150591     
   200135.16713782639     
   200235.56047434339     
   200300.90611608283     
   200384.88732053261     
   200359.40675438632     
   200404.29172362591     
   200454.45545895575     
   200349.87241846634     
   200321.00815447627     
   200260.94424269415     
   200239.35888644838     
   200089.21062495108     
   200224.10289712963     
   200245.05609336984     
   200304.53169425283     
   200277.37016510571     
   200257.69020329061     
   200315.33360777027     
   200315.25656781250     
   200375.46108795109     
   200296.44160992437     
   200208.84481236478     
   200147.65728275009     
   200263.00089248634     
   200308.76657319482     
   200332.10228728456     
   200286.79533362167     
   200253.74841616553     
   200247.19198629636     
   200299.68646795853     
   200164.27456085864     
   200147.14489744784     
   200201.93306068471     
   200124.83775568625     
   200133.27162719614     
   200229.36864992208     
   200219.08707452269     
   200167.87296580835     
   200192.28842826284     
   200293.43161483007     
   200340.83689275823     
   200175.25366852045     
   200145.90988783896     
   200134.60037449445     
   200090.90788822586     
   200102.70533966291     
   200051.69301701192     
   200198.49421872472     
   200305.89547689667     
   200344.40409493231     
   200170.68829870317     
   200133.76520699487     
   200194.46088530257     
   200275.24950346281     
   200229.84854608832     
   200264.28752920011     
   200231.20324608567     
   200352.99687203940     
   200367.05514764477     
   200294.73431115440     
   200252.11025798891     
   200240.20234990533     
   200292.08977101778     
   200188.08457599583     
   200340.83852651861     
   200349.59330394174     
   200373.66904285990     
   200188.51533870900     
   200183.48281787831     
   200150.08034183094     
   200049.68613895774     
   200115.36940251000     
   200090.60242539769     
   200119.13263812001     
   200082.83029651729     
   200166.18655589712     
   200164.48518901301     
   200057.93923203039     
   200069.42672646567     
   200038.21019952916     
   200082.52960528963     
   200110.09962198167     
   200090.51252606139     
   200008.58288775926     
   200056.86103636178     
   199916.75330623193     
   200025.77099761344     
   199983.94644845033     
   200076.70514331592     
   200099.45314715177     
   200122.72751482215     
   200079.20568431707     
   200142.20302409338     
   200148.01783393137     
   200181.22857031506     
   200127.67566126527     
   200115.06752980180     
   200112.90517366148     
   199977.28102359860     
   199971.91798860033     
   199988.22226482697     
   199977.81373019537     
   200030.61037885840     
   200042.97211295753     
   200029.46600389722     
   200095.87269146345     
   200057.08586366614     
   200045.96628014318     
   200068.70082877541     
   199983.58132334688     
   200030.32224884923     
   200082.99618363142     
   200092.83964160853     
   200182.80324906795     
   200149.97830360988     
   200148.04575727496     
   200198.16227608974     
   200216.69181711547     
   200164.33206205055     
   200087.29542114254     
   200193.28853379277     
   200229.16059568548     
   200264.68128779801     
   200237.36435311966     
   200310.48357033150     
   200296.11349307658     
   200351.94664617346     
   200288.52385183299     
   200185.62520709285     
   200285.73401074624     
   200184.17905563209     
   200296.19527806825     
   200213.96248540291     
   200136.94264330860     
   200168.85205096364     
   200246.30940183482     
   200204.72527807197     
   200171.83177508193     
   200086.83089201423     
   200264.94526303041     
   200281.08701831126     
   200343.16130512691     
   200311.60458572098     
   200246.96289029063     
   200344.01278978371     
   200263.80360440264     
   200294.82612520939     
   200294.88948888209     
   200334.71887887825     
   200303.45855731278     
   200313.90208906971     
   200238.79363893648     
   200213.49305768873     
   200085.24613771908     
   200005.93339190367     
   200003.16513947863     
   200062.38017619026     
   200150.92761649913     
   200090.66108265528     
   200014.57025377607     
   200061.47352469858     
   200009.54274764095     
   200066.94038611214     
   199989.65975624844     
   200089.07141805475     
   200155.70212419308     
   200081.75639348759     
   200189.82389142338     
   200151.03224340803     
   200108.93369926306     
   200109.27681170459     
   200112.94823354689     
   200168.82416973851     
   200113.14217716426     
   200165.99737633154     
   200051.29146551056     
   200035.29710727310     
   200025.83970672986     
   199960.54179107724     
   199925.20413138616     
   199978.96069559196     
   199838.41154185720     
   199792.01180178582     
   199840.18752096826     
   199887.51237989235     
   199849.93370574492     
   199917.25424346339     
   199877.53025719066     
   199977.43201841466     
   199942.97788651544     
   200015.56314068782     
   200002.57448202700     
   200008.09394448527     
   200041.88435170904     
   200032.22034542781     
   199986.23083530652     
   200051.55648043810     
   199982.22074822220     
   200002.87833437740     
   199935.53595839330     
   199868.30643229684     
   199890.11397017248     
   199892.06230314361     
   199820.05873607096     
   199896.14225832676     
   199948.83377038981     
   199878.36933139418     
   199889.72405756931     
   199867.47953722885     
   199882.88691603445     
   199952.63090523903     
   199919.63224643361     
   199912.36882198323     
   199908.33143163173     
   199915.87475468579     
   199999.81845050849     
   199989.37443142830     
   199888.22793511942     
   199852.72555402925     
   199916.88844434166     
   199966.80139708461     
   200016.30686132942     
   200055.84735886301     
   200013.87630016729     
   199962.68867870071     
   200150.50689260749     
   200070.91770806845     
   200026.54813920491     
   199958.11713501497     
   199912.44221922671     
   199849.14096214966     
   199985.14355280739     
   199903.20527665666     
   199935.01993386197     
   199981.87297137268     
   199951.03064017248     
   200027.39752185205     
   200005.88375018397     
   199971.74611045539     
   199929.89875766245     
   199899.07496961407     
   199919.32492608158     
   199930.25577321922     
   199934.38815587026     
   199952.60354655641     
   199862.80204132310     
   199965.68553638773     
   199912.25655262941     
   199923.04389826694     
   199953.71361466212     
   200012.24366959318     
   200017.88968419452     
   200033.81533568684     
   200016.67217217200     
   200111.56228567995     
   200106.62471916847     
   200076.23612477668     
   200116.20899375633     
   200220.02813121257     
   200104.33862735197     
   199983.65420083932     
   200023.63518589275     
   200131.60140262652     
   200088.18832453821     
   200069.03940412786     
   200046.20396826393     
   200169.82408762185     
   200119.17334668856     
   200135.69867750796     
   200123.92772897650     
   200137.34804388476     
   199961.89726588028     
   199993.79976142163     
   199979.21755048199     
   199958.58624282019     
   199847.88417701982     
   199880.10439884872     
   199950.95021303723     
   199917.00553519308     
   200025.39708645889     
   199951.11408834008     
   199924.11247322834     
   199966.67537317224     
   199969.88447030770     
   200078.33041069296     
   200044.21373879898     
   200060.27885948075     
   200185.56442234589     
   200250.35460660161     
   200188.23025417759     
   200174.00933742890     
   200289.71362724499     
   200291.58306399206     
   200305.62351246647     
   200274.71281349729     
   200276.77066058695     
