   203616.46675010090     
   203618.75580856006     
   203737.35653602122     
   203722.32250811724     
   203684.85078705286     
   203755.10715500326     
   203764.30540219229     
   203827.02510482122     
   203863.87046671982     
   203774.37964413516     
   203851.93113006192     
   203838.95520940676     
   203895.03399553685     
   203933.90908206833     
   203935.89648130626     
   203931.85716717548     
   203917.96721003452     
   203997.69525190716     
   203957.09565519859     
   204033.11787580609     
   203989.65808335404     
   203977.55835788301     
   203921.27213615357     
   203940.73470147993     
   203910.71292695680     
   203933.78452490128     
   203950.02902580137     
   203934.59081782406     
   203868.99321671648     
   203819.91639804293     
   203799.11987373707     
   203839.40672931535     
   203911.53362403862     
   203924.95450978444     
   203920.90333261690     
   203902.47091882717     
   203902.55513120425     
   203830.92797655397     
   203901.06421416643     
   203866.49633237690     
   203941.67176181148     
   203984.97928079785     
   203888.48631467763     
   203865.66000147723     
   203972.44426205530     
   203989.37771814413     
   204046.79261198209     
   204073.07924895844     
   204083.69553109171     
   204148.02101712432     
   204122.06678499805     
   204032.27342693706     
   204052.10310643350     
   204026.72485932623     
   203907.33422996767     
   203922.30892236024     
   204001.72138902298     
   204002.38913083333     
   204083.09084861033     
   204086.73837202479     
   204037.99049859602     
   204080.08342433642     
   204001.74274511146     
   204016.22358362441     
   204048.43990333905     
   204045.74228809570     
   204040.49846621242     
   204082.17607792973     
   204066.83559557577     
   203951.95812848277     
   203948.20599834851     
   203962.59162277970     
   203922.44063750427     
   203905.34126654681     
   203998.22716797833     
   203959.32895400556     
   203903.36715856916     
   203902.19460428855     
   204039.65598659625     
   204012.00600358649     
   204116.22863065806     
   204172.20349144476     
   204271.46226199408     
   204280.19667392649     
   204265.80583841796     
   204214.09862746816     
   204274.07102491148     
   204141.40260087454     
   204223.59947154683     
   204273.85929243307     
   204235.01304459182     
   204145.09408550611     
   204118.58781046333     
   204122.56645052572     
   204156.70682183560     
   204194.17147792265     
   204277.32617814271     
   204254.16007396829     
   204210.40969359403     
   204143.23281021329     
   204179.92713628197     
   204298.48814752678     
   204209.41794031046     
   204274.58347742606     
   204305.45030967117     
   204309.29666991220     
   204242.53178216433     
   204357.09359203751     
   204323.96782242297     
   204349.78690883008     
   204318.02921899041     
   204363.70061988966     
   204309.45294080945     
   204267.81427856447     
   204325.25271428429     
   204372.80691823992     
   204434.88815648539     
   204490.70688956830     
   204502.10169110468     
   204541.40731723644     
   204528.47489569351     
   204537.60524875025     
   204540.93587602855     
   204504.43293396494     
   204391.66133339066     
   204369.53894655022     
   204380.68091320599     
   204341.78454900335     
   204266.91058067424     
   204249.47634974399     
   204342.80738503597     
   204431.93256394056     
   204465.66538231398     
   204487.97287270977     
   204530.86467594505     
   204555.78009590559     
   204584.49549506820     
   204645.93810524969     
   204717.11866872429     
   204621.07065476515     
   204547.62656614423     
   204407.00633769872     
   204373.84798510352     
   204488.46612017939     
   204420.56504430325     
   204338.63020127540     
   204380.60212423457     
   204369.15264561790     
   204380.32591700126     
   204387.69595400261     
   204486.64783210430     
   204519.17991850790     
   204437.49858232238     
   204421.79314247530     
   204377.21831628424     
   204317.09409183578     
   204326.87925961416     
   204309.75852376901     
   204411.14472855855     
   204340.64496273248     
   204395.72334218380     
   204446.45050480013     
   204338.72220057994     
   204404.81860504625     
   204450.41300374802     
   204425.47968481143     
   204530.75656919586     
   204429.27443061056     
   204411.77458420789     
   204376.30919625604     
   204459.29079410274     
   204485.16354242116     
   204518.08197785579     
   204431.34796371803     
   204505.65677199140     
   204490.78312101687     
   204453.65551786916     
   204483.00559484714     
   204413.59875227444     
   204410.68149523699     
   204423.44668264771     
   204513.01604285836     
   204491.65531764188     
   204538.24932897536     
   204601.95485011663     
   204677.10609704212     
   204643.09508445527     
   204740.45099378182     
   204697.61223432244     
   204602.10322895064     
   204600.48848160435     
   204580.49627818755     
   204596.93488821850     
   204660.76518555995     
   204593.03672218235     
   204425.13934405375     
   204406.33486645317     
   204338.96798260961     
   204381.29203238501     
   204361.01121917705     
   204538.70529221775     
   204572.52275008344     
   204527.15292669614     
   204721.87615480088     
   204748.20992353960     
   204792.43512260698     
   204648.61086408101     
   204653.59137422661     
   204645.33813640111     
   204664.58367776236     
   204521.73273738110     
   204534.36759733353     
   204560.41535167457     
   204555.10944107053     
   204576.48666218226     
   204579.38059514755     
   204528.84503511275     
   204584.20202781432     
   204639.22158456920     
   204620.18736762603     
   204582.23259181847     
   204643.07268320068     
   204647.15024207093     
   204634.74418826378     
   204591.17677444592     
   204701.84079655158     
   204706.85447383960     
   204733.59536092740     
   204643.58892208361     
   204694.02198456789     
   204629.84250764080     
   204724.28032141703     
   204666.22630321173     
   204629.32446518654     
   204598.87466316111     
   204636.00629180978     
   204613.42740026087     
   204695.02736096297     
   204727.06261107826     
   204663.49714885533     
   204499.83480026797     
   204525.74895693987     
   204657.99318013285     
   204620.68862412896     
   204579.28411541722     
   204551.71230670897     
   204569.91587337319     
   204641.97454810416     
   204588.04613818537     
   204514.02748553993     
   204514.02645860551     
   204461.21814409943     
   204447.04310322434     
   204544.43607413027     
   204484.59903128148     
   204535.81299091765     
   204494.10966412709     
   204475.80869522021     
   204475.80869522021     
   204473.72749716783     
   204483.49731945910     
   204449.96165845849     
   204514.87151478534     
   204479.54231409045     
   204376.83007702444     
   204205.64238604176     
   204204.50108484365     
   204272.97933855781     
   204317.28054083016     
   204355.99729334604     
   204309.12860644393     
   204258.08897339684     
   204254.97063085189     
   204252.77556430030     
   204290.62933564067     
   204307.06645652512     
   204264.36215308285     
   204373.84530324049     
   204427.54407686801     
   204428.14282662948     
   204386.25604712978     
   204347.87410407694     
   204306.51156777301     
   204292.42759312436     
   204403.34752180870     
   204547.18394839598     
   204430.11463801688     
   204279.92565833716     
   204390.48943229241     
   204414.47933222243     
   204501.52532254226     
   204403.11535018068     
   204373.83761250338     
   204375.38794094021     
   204386.30564337535     
   204379.39338867515     
   204389.98403833603     
   204399.71864424410     
   204450.07025063635     
   204439.57686399514     
   204391.63507100270     
   204307.12825418182     
   204374.78949925533     
   204356.61917065168     
   204362.81330330268     
   204366.56307344389     
   204333.99033551826     
   204234.92583638724     
   204315.09246848995     
   204379.78056273444     
   204329.42323406192     
   204377.65977392840     
   204315.35799632527     
   204345.35150927366     
   204347.76209769724     
   204392.51886349570     
   204324.83872334418     
   204496.91856135917     
   204519.08215184254     
   204455.56597632950     
   204464.26983726860     
   204525.90711710905     
   204624.93408991405     
   204586.64967037758     
   204592.22824343748     
   204559.37789175601     
   204514.64017863077     
   204518.44623485481     
   204505.92099199872     
   204607.51707592001     
   204597.28262754012     
   204548.23278246180     
   204376.57519051721     
   204466.71786781511     
   204465.48073134632     
   204451.89699155552     
   204492.28059382967     
   204486.00617711127     
   204433.00394818929     
   204582.17782155733     
   204557.88477529879     
   204540.95478189696     
   204488.44494681773     
   204506.84785624052     
   204464.65223651848     
   204418.77964365500     
   204444.46618957981     
   204428.16438063953     
   204449.48358450859     
   204451.52912377042     
   204439.69674628947     
   204432.44072168102     
   204542.20130916795     
   204545.76197462130     
   204381.49688696134     
   204398.73164878352     
   204413.42292977468     
   204496.73368052774     
   204528.73032773970     
   204500.64407408840     
   204434.87786416069     
   204332.58861395463     
   204434.93588436415     
   204404.26239420625     
   204383.47616230301     
   204359.98567774147     
   204469.80216064316     
   204441.19064418174     
   204409.54055348440     
   204325.90515057390     
   204305.18526429235     
   204351.49206805805     
   204293.11475281231     
   204265.14779107910     
   204324.29902234077     
   204433.51510343162     
   204442.93107985909     
   204473.32030307356     
   204364.62750517775     
   204445.10594062717     
   204575.79944784287     
   204474.30226604798     
   204461.19406358796     
   204481.24655688854     
   204462.72347872375     
   204443.78938382532     
   204366.77927633081     
   204472.17459546705     
   204317.77866383674     
   204378.57881229787     
   204389.14406527905     
   204322.45009388271     
   204296.58394249930     
   204271.24347276328     
   204355.56652437215     
   204309.10977656842     
   204332.93641719554     
   204358.82926210135     
   204276.37884352368     
   204406.94431330118     
   204309.38030062371     
   204267.39876143131     
   204357.67349744358     
   204296.01660656129     
   204191.45267574463     
   204205.68434828339     
   204158.86770231626     
   204223.98231548368     
   204228.66837747896     
   204208.18674712043     
   204164.09813932324     
   204116.25237282139     
   204056.12334525894     
   204128.56610908371     
   204210.31392954590     
   204194.12954123769     
   204166.34340145678     
   204180.93733615126     
   204251.70061145985     
   204240.83817510476     
   204144.66221908585     
   204171.22962386149     
   204110.50880852024     
   204081.40734992921     
   204077.46073228077     
   204108.83860517031     
   204229.23902719209     
   204133.85317557267     
   204171.00519975659     
   204131.62383448784     
   204154.29863444989     
   204129.69544166006     
   204171.19941492303     
   204068.89034392370     
   204093.41541459222     
   204137.80380822287     
   204161.54392667513     
   204144.79963371175     
   204129.25047773580     
   204213.55619706787     
   204292.37114680596     
   204322.42125843049     
   204308.92268621369     
   204328.40492211035     
   204245.69718217524     
   204252.15975077750     
   204199.85834500979     
   204269.42060403671     
   204286.52901271431     
   204311.57581492758     
   204304.60524738758     
   204259.02862224425     
   204278.03435763411     
   204234.20872576835     
   204280.09428065861     
   204317.80112712397     
   204345.69288189491     
   204280.73451644185     
   204347.95263681267     
   204246.45816466387     
   204213.11326748729     
   204203.88890344702     
   204164.82815613973     
   204116.75428846318     
   204081.22137951144     
   204172.40208026717     
   204126.98438464897     
   204129.96504958833     
   204059.54877241113     
   204143.87101751217     
   204150.50582640929     
   204244.12934656889     
   204358.87186272588     
   204322.07602309159     
   204177.33471700724     
   204142.47846120215     
   204134.80711619073     
   204127.70086909572     
   204106.91981024953     
   204118.09192747873     
   204153.52348376671     
   204090.67676212004     
   204093.30280390984     
   204088.85081693239     
   204085.15201597364     
   204141.29666775969     
   204091.54696747585     
   204124.71884677329     
   204132.93778141952     
   204240.37903989636     
   204172.08927992944     
   204126.75648813698     
   204205.38053531715     
   204176.20052787391     
   204193.34160968359     
   204176.45332565552     
   204085.06353977666     
   203972.10784893981     
   203956.01380349396     
   203987.82677100031     
   203968.84502993533     
   203837.15403001732     
   203905.22041572130     
   203945.65963646452     
   203842.73596908466     
   203854.82117388403     
   204001.36168308617     
   204064.78530062834     
   203959.17653914343     
   203896.87935232755     
   203892.81426473314     
   203898.67392499058     
   204021.01843252318     
   204007.88751834614     
   204085.72069897415     
   204112.42770015466     
   204074.26976463260     
   204079.09362451936     
   204128.04365411383     
   204017.79507790162     
   203916.99862387325     
   203878.93340063206     
   203857.06954415794     
   203968.27905615536     
   203976.22013212685     
   203996.92894290626     
   203995.98985262535     
   203983.72711920552     
   204006.93849945342     
   203896.23602189796     
   203880.65950283376     
   203840.78697299471     
   203890.81023553378     
   203919.03371616147     
   203859.68320436974     
   203938.80659016146     
   203752.07046072651     
   203765.12118536569     
   203742.08335786322     
   203835.78939768384     
   203640.34646764607     
   203756.04609150201     
   203766.20593428865     
   203839.96381850578     
   203859.72106060624     
   203852.55214964857     
   203887.33390834479     
   203811.27445636204     
   203695.80284901071     
   203753.78634711512     
   203803.43535164796     
   203805.31346124934     
   203686.09477409677     
   203638.69757364370     
   203590.27159026405     
   203581.70909962017     
   203602.16000977505     
   203654.21118751584     
   203584.44057949551     
   203664.60321109527     
   203762.91600886805     
   203709.01855888788     
   203597.86916684228     
   203619.98385479648     
   203725.34931432008     
   203714.72519162312     
   203719.47662557141     
   203585.53373417808     
   203535.52510378740     
   203422.22203174833     
   203502.63259342252     
   203574.72525893388     
   203570.41214693696     
   203534.48978695483     
   203538.81967312552     
   203593.66586239680     
   203550.14795118605     
   203572.04107004887     
   203500.67684635011     
   203567.44179056582     
   203549.93913999299     
   203492.44097811659     
   203565.20230832306     
   203563.72544453290     
   203649.15710235975     
   203644.39993300324     
   203545.64831914779     
   203452.90517950550     
   203467.66639919314     
   203474.74624544452     
   203538.84983928275     
   203567.29429833984     
   203582.18331968444     
   203543.49649553502     
   203512.06840268057     
   203491.06005804191     
   203499.02881670019     
   203510.26479428835     
   203524.77040587904     
   203509.54699792803     
   203633.14065306500     
   203637.51203897910     
   203657.46279270202     
   203689.82130579962     
   203660.25280823742     
   203566.55471529570     
   203612.07587659752     
   203667.06765918902     
   203552.72594767905     
   203487.33279503576     
   203503.97348386032     
   203459.32619123481     
   203406.99485684381     
   203471.81846347818     
   203487.55110807478     
   203464.84650680071     
   203517.27624881035     
   203456.16064389778     
   203520.01895569585     
   203379.73508093969     
   203392.65468108142     
   203354.17205711151     
   203270.25520775717     
   203226.39288307630     
   203207.31299158369     
   203264.26210545222     
   203246.64764591306     
   203301.38157121561     
   203199.22504824269     
   203296.38408168225     
   203295.32972243935     
   203272.98754016825     
   203254.28518305003     
   203231.63625258274     
   203293.66389323119     
   203289.49090116462     
   203393.22852191242     
   203312.08866590876     
   203282.00304397708     
   203191.59281508264     
   203112.64284494185     
   203107.81858922404     
   203110.87192020097     
   203167.96161654021     
   203136.35934499366     
   203204.14179425148     
   203156.43292114223     
   203146.41283104959     
   203144.58587884434     
   203197.55366172807     
   203129.55269454813     
   203130.09311699553     
   203200.19323160275     
   203185.37567769905     
   203252.63484338135     
   203211.52363335731     
   203221.69681539535     
   203167.58574986539     
   203247.52989453150     
   203196.42054726905     
   203157.81327214133     
   203102.19586201906     
   203153.60877097148     
   203087.69687088698     
   203275.81037897218     
   203212.03246804734     
   203239.78838574386     
   203150.90297446342     
   203250.54371194338     
   203246.31350116481     
   203126.36079046963     
   203185.25455563952     
   203169.00706779570     
   203226.77286318419     
   203274.18696692714     
   203298.08509606752     
   203380.80820966669     
   203469.72596827190     
   203412.47970312028     
   203453.74406737287     
   203380.06234690285     
   203327.03305674013     
   203251.28714478321     
   203305.06480320366     
   203318.22575930366     
   203276.22511207929     
   203295.90334551811     
   203245.28705716765     
   203140.53900236543     
   203008.28684360726     
   202995.58204016963     
   203079.16408389315     
   203139.61958467585     
   203066.96662399630     
   202996.26701853512     
   203049.31517138029     
   203036.22636556905     
   202991.57938886876     
   203074.57478840803     
   203112.52977735142     
   203026.57721482302     
   202986.35517377887     
   202853.29498063479     
   202860.89849656157     
   202917.79625949747     
   203011.75887100169     
   203018.46387866934     
   202979.03074649282     
   202977.94254209116     
   202938.79685474830     
   202941.62558803603     
   202970.64018609267     
   202866.87880252386     
   202915.80019768860     
   202887.66153348130     
   202856.28193933514     
   202884.14679856802     
   202838.22988028009     
   202836.03271900973     
   202856.96691962570     
   202873.70226651966     
   202873.89353900732     
   202909.49156720843     
   202891.83286059476     
   202838.67928035438     
   202792.88338974986     
   202750.99921907441     
   202746.59950785741     
   202726.44462233857     
   202719.64596459604     
   202680.01130336249     
   202574.47126880064     
   202745.06746876371     
   202673.80113291467     
   202571.96763806808     
   202500.74009113375     
   202476.30150397416     
   202489.42422819094     
   202500.28733001463     
   202524.40543031463     
   202589.64144270046     
   202629.74513813620     
   202623.72322659509     
   202701.85212553508     
   202654.66998559335     
   202469.10058457815     
   202416.64400741638     
   202445.98938983394     
   202480.95617091708     
   202605.98933034684     
   202567.44401083639     
   202578.57130293595     
   202556.30061081992     
   202686.46146069490     
   202639.21697144848     
   202561.17368118756     
   202522.27810204550     
   202523.79555348764     
   202463.07344754334     
   202542.17976479666     
   202451.00370031781     
   202482.80685605598     
   202408.53939267827     
   202449.90041667229     
   202466.35516938596     
   202508.49515741531     
   202437.04794728567     
   202492.13400757947     
   202555.08419779415     
   202531.76723285558     
   202549.05334854161     
   202656.28121442068     
   202574.66111994835     
   202724.05210279310     
   202713.19511393108     
   202619.98232415697     
   202653.64121917970     
   202585.74992036837     
   202415.85251814916     
   202351.67658631693     
   202340.12666184394     
   202315.79514279828     
   202262.42548626816     
   202258.67194467314     
   202241.69181962655     
   202207.30637927123     
   202267.07030182250     
   202314.10374539613     
   202316.17447672907     
   202289.58123726165     
   202304.98208856717     
   202277.61258567669     
   202473.38770936022     
   202464.66532892088     
   202424.60340772491     
   202377.20788254440     
   202374.38266617613     
   202319.97290027697     
   202491.59662891558     
   202501.88475269947     
   202561.60389942408     
   202532.51798916829     
   202511.71424830245     
   202407.56296121120     
   202540.67841020421     
   202517.55578993281     
   202425.94050933811     
   202459.78595617728     
   202367.93977720506     
   202396.00181869735     
   202440.06683411266     
   202503.90469797878     
   202338.65626711454     
   202253.06339118976     
   202213.60089222700     
   202137.70114095346     
   202157.37480999195     
   202155.70302156938     
   202139.24723976859     
   202174.36683565029     
   202223.23982430701     
   202122.83577698903     
   202154.73519915540     
   202203.99029620382     
   202182.74051966838     
   202143.88413901388     
   202262.52463536855     
   202182.11342509955     
   202191.26187623601     
   202289.46341496980     
   202254.91014896613     
   202302.14173746458     
   202255.75418440250     
   202302.89204438703     
   202254.28668339149     
   202279.95489086592     
   202100.73953487127     
   202118.94025458410     
   202045.03971699765     
   202026.77048459265     
   201988.52797146855     
   202035.43509946208     
   202000.54615862310     
   202074.32201073278     
   201966.88467185153     
   201891.38398053558     
   201882.87088594434     
   202008.18143390073     
