   948189.50133015786     
   948186.25022672093     
   948173.20849644148     
   948141.63922417408     
   948009.73062773247     
   948101.53217371868     
   948055.76106966275     
   948170.92919571314     
   947988.56271040987     
   948033.47677687672     
   948091.39055856259     
   947994.83386872069     
   948100.98495501606     
   948033.80537106411     
   947983.82594428863     
   948035.00225111016     
   947972.55047955725     
   948088.21358504845     
   948017.40058719611     
   948022.67663499550     
   948036.19093244593     
   948006.68227908551     
   948113.26557842130     
   948160.64290105109     
   948172.17565087182     
   948080.08325102401     
   948080.91909905546     
   948136.09899205051     
   948177.32438206568     
   948082.55427848152     
   947992.53097145644     
   948132.63121043984     
   948148.58667354670     
   948180.01668180595     
   948164.16240219411     
   948171.20759776083     
   948101.37796443177     
   948200.14325506892     
   948221.21257240348     
   948301.63601669029     
   948270.57976729877     
   948280.18541904318     
   948266.55408479017     
   948302.44471893460     
   948209.23745340784     
   948286.69929574046     
   948220.94233407313     
   948280.81864106085     
   948205.35311482428     
   948215.08675728925     
   948175.22870679223     
   948229.35097668075     
   948212.32718552731     
   948233.68109227100     
   948221.86300922651     
   948349.14961094514     
   948434.21036594640     
   948433.46048929705     
   948367.19771625043     
   948241.02383867011     
   948305.41404823668     
   948304.69885661965     
   948285.18476937385     
   948304.30969555664     
   948315.42257896008     
   948460.94273936958     
   948385.95696735964     
   948464.90444972634     
   948436.94246661547     
   948462.58572020696     
   948353.34359060309     
   948438.56087736681     
   948408.46673927922     
   948405.85310251801     
   948443.75129096955     
   948398.08277534193     
   948354.24830471713     
   948261.17246466165     
   948350.39934085589     
   948394.15726526792     
   948383.10359713633     
   948375.23404668027     
   948287.15084898833     
   948323.15176703979     
   948257.29931204091     
   948250.99923371163     
   948291.78902544687     
   948365.68301818706     
   948340.75791765016     
   948354.17946292390     
   948446.89403650013     
   948371.60402597010     
   948289.83682332269     
   948281.76326350181     
   948227.65003361867     
   948265.81031154771     
   948219.85478360346     
   948267.43746986636     
   948339.08882680314     
   948290.05716322199     
   948191.91867617448     
   948271.61603259516     
   948336.99388017470     
   948283.24227353209     
   948217.02935052163     
   948201.94999502110     
   948258.27091038926     
   948314.47895149933     
   948244.57985183364     
   948315.49622753519     
   948297.64534419950     
   948252.60819712596     
   948174.83739318990     
   948017.14765378076     
   948036.71523722180     
   948070.11004855752     
   948054.12698154221     
   948082.53372546693     
   948128.59220475983     
   948142.65428890986     
   948158.79207255132     
   948125.38403303176     
   948040.81574109511     
   947938.97763039789     
   947901.86156193528     
   947841.34219707339     
   947801.72076183499     
   947789.40166155272     
   947914.62688003853     
   947932.14862559899     
   947915.11815815326     
   947914.66927852493     
   947913.99463889713     
   947889.97011615220     
   947847.85274224193     
   947827.73843000177     
   947828.93818987906     
   947904.16174408025     
   947851.66346067202     
   947809.00620888511     
   947828.23660769616     
   947912.98464770452     
   947920.10246069881     
   947898.16193175211     
   947862.00349544140     
   947816.56534017110     
   947783.20940776251     
   947763.89302258438     
   947787.05080369255     
   947785.99753380241     
   947699.40364860732     
   947705.39940081653     
   947657.63416773581     
   947552.32814750599     
   947489.37557155639     
   947499.36059417494     
   947495.90313781798     
   947552.52276168531     
   947679.86395727948     
   947615.66020741710     
   947610.16377866152     
   947634.13589398947     
   947558.19905550499     
   947559.35123377724     
   947623.30859874992     
   947511.33004610892     
   947490.21889776085     
   947522.23907018790     
   947509.05110187246     
   947525.28270003467     
   947436.60165870574     
   947352.56630007992     
   947448.16956738406     
   947351.40422328247     
   947292.28057749267     
   947385.54306978534     
   947389.27980593452     
   947317.79775714583     
   947344.10132319771     
   947292.12126590905     
   947195.41165566829     
   947110.94480942923     
   947124.84985746990     
   947092.30586125364     
   947037.81321267539     
   947052.68181274412     
   947117.62479711266     
   947089.73127207102     
   946945.53403763752     
   947002.73377352394     
   946971.57614795433     
   946942.14647889684     
   946925.28499157063     
   946973.77291140752     
   947001.41360681050     
   946939.56033654616     
   946953.64052515896     
   947021.54768273956     
   946973.52447753213     
   947019.12238000066     
   947024.40969044040     
   947069.87927123439     
   946978.70726874832     
   947060.84149815782     
   946961.46960834949     
   947024.78807088826     
   946938.64420776535     
   946932.53654449794     
   946891.42309231567     
   946933.45625867823     
   946929.04825781658     
   946917.10236291960     
   946850.52284859051     
   946830.27130598167     
   946784.29551391036     
   946847.83356683562     
   946793.83606448420     
   946887.20590160892     
   946718.55510061781     
   946736.50809100573     
   946793.03921854193     
   946747.96581495239     
   946752.40312124428     
   946719.38880793238     
   946646.21215365175     
   946585.92378506809     
   946504.85677459952     
   946545.57172211155     
   946529.46924783755     
   946573.26141958090     
   946555.82255900418     
   946616.51310042641     
   946619.96727987169     
   946594.45588940021     
   946555.52223761927     
   946565.55577520549     
   946564.09564377472     
   946585.14900621236     
   946565.13731802010     
   946602.25392145314     
   946728.92618104664     
   946659.37104551168     
   946660.11282654840     
   946657.46160637576     
   946656.38102626335     
   946686.09444784315     
   946703.13063144265     
   946697.74393036519     
   946652.97962510108     
   946693.17062010721     
   946643.31944101676     
   946778.06454054825     
   946812.67071004270     
   946756.98445600097     
   946819.00201030541     
   946853.19646289246     
   946903.51142975653     
   946868.99845880037     
   946869.87351543049     
   946869.87351543049     
   946879.45081163826     
   946866.81951428205     
   946869.14201675344     
   946822.15652509546     
   946787.88356760552     
   946792.37437516416     
   946722.17335976032     
   946771.39255708712     
   946739.35111233033     
   946711.30921579571     
   946728.12218656961     
   946670.73585717229     
   946778.40677582682     
   946669.88716260751     
   946588.41012291575     
   946606.57527781150     
   946606.68559153192     
   946677.07422279194     
   946650.68783909362     
   946650.33902168542     
   946626.22262255033     
   946563.65939805016     
   946618.08316743956     
   946579.65279773774     
   946597.54599267815     
   946595.23395032377     
   946644.33608353790     
   946638.70637669938     
   946675.64805722435     
   946686.05996507918     
   946659.53570133855     
   946669.17200589413     
   946530.97298970574     
   946488.90373922710     
   946445.47187848296     
   946586.35162767244     
   946642.70695435733     
   946482.12660889758     
   946470.20127880375     
   946362.60992090555     
   946232.15888898866     
   946312.08098754042     
   946282.50993048074     
   946186.58320789470     
   946261.28948067327     
   946241.29957567621     
   946252.33053643676     
   946284.78894640331     
   946266.92078733689     
   946177.73563137697     
   946193.61287265469     
   946209.61530193686     
   946112.49082743574     
   946070.41256365948     
   946146.25428766059     
   946198.12710116303     
   946109.21127977630     
   946110.30478779203     
   946118.16307227535     
   946134.91504867573     
   945964.74084913265     
   945883.56444827386     
   945936.38078768586     
   945903.71049683681     
   945895.46980836999     
   945879.29636059538     
   945943.26451652800     
   945897.43128248805     
   945844.82078769512     
   945846.81423671509     
   945810.38757271820     
   945861.47299063660     
   946026.44877447502     
   946046.92698019149     
   946020.66095662490     
   946004.19226219272     
   945945.00066238933     
   945956.84419373330     
   946039.12314079516     
   946081.99783847667     
   945984.06709052587     
   946035.50166147237     
   946002.16358435398     
   946020.22573474818     
   946027.89765986917     
   946003.05451014230     
   945986.42256868887     
   945920.20122390904     
   945933.21671387053     
   945883.51754976891     
   945798.15553662588     
   945869.80376660789     
   945948.87120286457     
   945880.82731946232     
   945833.42393149773     
   945736.36480451375     
   945723.79831801623     
   945662.28395398508     
   945691.64022947697     
   945567.64395694074     
   945504.29883198068     
   945385.05283456051     
   945422.14729044237     
   945414.69382174499     
   945531.91534952947     
   945510.54921390431     
   945570.71773391275     
   945494.57280556893     
   945397.98337772849     
   945483.63952152827     
   945440.43053744524     
   945335.68995501939     
   945253.33494048112     
   945129.73270379659     
   945259.89171550272     
   945243.78973516438     
   945290.13508381287     
   945257.85610608384     
   945201.10331150843     
   945119.08932002226     
   945098.42428357655     
   945048.48625741224     
   945089.93982458359     
   945036.11065850907     
   945068.93574651529     
   945118.33024808252     
   945019.60249750235     
   945027.85763794312     
   945104.54203035578     
   945109.51072528725     
   945032.24900540127     
   945096.93341475795     
   945037.52482556028     
   945065.16248291451     
   944938.31941359944     
   944831.91814178776     
   944867.01795412041     
   944996.96176423389     
   945076.21288424428     
   944959.76048099587     
   945007.20260739024     
   945023.90528414480     
   945008.94454740779     
   944944.66336384637     
   944929.76452873950     
   944883.40059564868     
   944981.79488900851     
   944902.83500159194     
   944867.60442059301     
   944977.73230538389     
   944965.80996214703     
   944952.73543252121     
   944902.71954383026     
   944956.26895283407     
   944990.07015846146     
   944860.90925608820     
   944876.36828168202     
   944886.41806445993     
   944845.25188237207     
   944834.54308549629     
   944874.36452729604     
   944826.29266930977     
   944909.31376820465     
   944908.78253952519     
   944876.60273262986     
   944833.46416162839     
   944834.65058343043     
   944930.29631590424     
   944788.95415003016     
   944746.84110399266     
   944798.70361520094     
   944787.29273765127     
   944828.83055540884     
   944884.57177111146     
   944881.62340228737     
   944828.76935697370     
   944816.86893370305     
   944677.02538761008     
   944681.42763369414     
   944674.76186738675     
   944552.85052051290     
   944618.88812818436     
   944631.89629270288     
   944482.07216351398     
   944587.09701977507     
   944544.04434146022     
   944471.35254812089     
   944488.07178002747     
   944523.06622494594     
   944520.05168166303     
   944488.01704981166     
   944509.76911564602     
   944431.60536787310     
   944561.52900393482     
   944550.21281141404     
   944485.36118104705     
   944502.30236735207     
   944488.81553535850     
   944502.55965563224     
   944516.23117679416     
   944512.34203979454     
   944497.42099962069     
   944576.35776242835     
   944559.97583950101     
   944598.53027505940     
   944611.79951805866     
   944641.36182260688     
   944646.29348321236     
   944541.17396615550     
   944550.77424173651     
   944491.89533255261     
   944466.20000682957     
   944511.08600095287     
   944583.15314669337     
   944531.17363660573     
   944453.03726389247     
   944436.40976227913     
   944425.34505905735     
   944412.66414708830     
   944377.25247468206     
   944416.23358150432     
   944405.63135574060     
   944376.75610273716     
   944380.41854858526     
   944415.77847602963     
   944332.93398538476     
   944371.24077732232     
   944390.40957391984     
   944355.56814004143     
   944367.81755205081     
   944387.44668686250     
   944506.81258700939     
   944358.64515841124     
   944295.84067610744     
   944346.10252583143     
   944289.84256271704     
   944331.80306248565     
   944343.50500292238     
   944311.06569343363     
   944283.43720014638     
   944311.78005140275     
   944158.03697367199     
   944118.64195609617     
   944216.11919935292     
   944237.50962686224     
   944241.43994807359     
   944338.29998610914     
   944267.52267448523     
   944194.12935019820     
   944127.46734515007     
   944061.83508333692     
   944056.64615883457     
   944123.24766476103     
   943991.05563697929     
   943981.67479516065     
   944082.27245402778     
   944107.00490028446     
   944031.93031058216     
   944031.63853183121     
   944044.04657702416     
   944100.84268939786     
   944033.40015561017     
   944095.97246158088     
   943876.38634690957     
   943833.31407055527     
   943894.77073120233     
   943926.00452156295     
   943901.76221893553     
   943823.90965149144     
   943798.65475248406     
   943797.25787318777     
   943750.94318825973     
   943699.21453845792     
   943621.95834967436     
   943698.43179933657     
   943628.07746126677     
   943615.97031663661     
   943797.50907452719     
   943782.32524306432     
   943736.73853730387     
   943640.06223512802     
   943484.66842708713     
   943425.70787488599     
   943464.82896493014     
   943529.63352184126     
   943469.63000046974     
   943466.37710873515     
   943411.93425117049     
   943574.17515216034     
   943520.22986867488     
   943502.86886342161     
   943441.14798727282     
   943457.42974075733     
   943297.32322553697     
   943257.68393281812     
   943238.40615204489     
   943282.39731048071     
   943222.24980261840     
   943231.87905260222     
   943131.85605035513     
   943191.14290046575     
   943130.33717912785     
   943098.06312984903     
   943182.39608791959     
   943277.73354955413     
   943293.53656646388     
   943224.67728963424     
   943248.61056633596     
   943286.96636613901     
   943267.80666490027     
   943267.33516806969     
   943250.09388053301     
   943223.72934754880     
   943139.00718393852     
   943143.54100292106     
   943250.99113528593     
   943282.89039025200     
   943311.15328636067     
   943154.65167790826     
   943076.95993111446     
   943090.26599581132     
   943045.31353613327     
   943125.65442871966     
   943115.43756795535     
   943129.31285781239     
   943114.13898641965     
   943172.94433343352     
   943136.83771727409     
   943215.78408985026     
   943025.38360957080     
   942970.00121538190     
   942965.88882060815     
   942944.00153846608     
   942980.25026684708     
   942936.91496272688     
   942947.70655973023     
   942862.28175579954     
   942897.64197362494     
   942860.39363117784     
   942901.99750537646     
   942874.45202286332     
   943008.26274835248     
   943065.48896705860     
   942974.65417067788     
   942952.89012954570     
   942978.58824596321     
   943087.68225126853     
   943030.85747507878     
   943165.72001918789     
   943127.98940189451     
   943102.78853698436     
   943058.80013378547     
   943017.15153368248     
   943076.42843317706     
   942986.16245404049     
   943071.30703349947     
   943104.37240872392     
   943083.09950705979     
   943106.75605335343     
   943001.37393939053     
   943092.98023278918     
   943071.17530872277     
   943146.36789882928     
   943133.80365025962     
   943088.04129999981     
   943023.19166089245     
   943037.25347950007     
   943012.88571799907     
   943040.01669046259     
   943016.32764712605     
   943024.36870589119     
   942916.58798306878     
   942886.05475872313     
   942943.48919724929     
   942950.82954164525     
   942964.05288321967     
   942883.55074296461     
   942824.98120061960     
   942726.26813234366     
   942740.24432452081     
   942637.05417665467     
   942727.07105904480     
   942750.02487897803     
   942739.88634095120     
   942631.86040483590     
   942739.99332211365     
   942784.11758740805     
   942846.55371822242     
   942899.55553925049     
   942894.70537841797     
   942777.08004769823     
   942820.87589933339     
   942920.16878572991     
   942844.53685081832     
   942775.30653612572     
   942809.26235974138     
   942737.67076600017     
   942694.36674198380     
   942589.51060951920     
   942530.35644383018     
   942510.41120067926     
   942600.00077822164     
   942559.31380235171     
   942548.01430530578     
   942638.71692851500     
   942681.78571314947     
   942660.50568870059     
   942724.24002623814     
   942798.36271900055     
   942819.37209042942     
   942626.56378755812     
   942547.42837956059     
   942592.35548508994     
   942644.45435260155     
   942677.32747983700     
   942803.26923501352     
   942756.32174533722     
   942732.20403516281     
   942718.39377048297     
   942686.29469140864     
   942751.79016329488     
   942770.47690619749     
   942759.08191425912     
   942784.87751983060     
   942683.16598327085     
   942577.16566865065     
   942514.72709300311     
   942526.00595222740     
   942486.78952389711     
   942577.65472171991     
   942553.29170335969     
   942528.40043832164     
   942484.08853941271     
   942562.98153709492     
   942511.46754130698     
   942472.09730046871     
   942456.45487599156     
   942525.87439363217     
   942458.59519295557     
   942494.06309978664     
   942568.28714170225     
   942587.60664164973     
   942688.41165777249     
   942742.11593575741     
   942695.67596277921     
   942721.74877729348     
   942732.57347866183     
   942625.05847287807     
   942650.83680981235     
   942547.44349363097     
   942435.40979710873     
   942536.19738017966     
   942576.53209678014     
   942619.67156700173     
   942630.17931340844     
   942670.77644169074     
   942606.59033404163     
   942654.83515309053     
   942578.97819342744     
   942529.40677737107     
   942531.93016986072     
   942456.73463400535     
   942393.80917095859     
   942322.25061065727     
   942204.56688605133     
   942227.75323601323     
   942147.94714853086     
   942192.39620366867     
   942253.10119458928     
   942204.46935520542     
   942330.43431667646     
   942314.48188894929     
   942290.64807434904     
   942282.34432536759     
   942142.07422400755     
   942202.31337938679     
   942117.80150092486     
   942131.63809198060     
   942117.69855056750     
   942099.96953548631     
   941990.35366459924     
   941961.52293064364     
   941992.69382173277     
   942040.95581117610     
   942006.87600789149     
   941938.87682388746     
   941862.95213297452     
   941761.03004443052     
   941874.82129102922     
   941825.93631220213     
   941817.50838535558     
   941920.19892197498     
   941911.73258896044     
   941880.15743031667     
   941879.58371159341     
   941874.72796638997     
   941974.69466619869     
   941918.49407214148     
   941836.77122599736     
   941878.69289032661     
   941927.76581599005     
   941974.62761950714     
   941897.92241286754     
   941883.82422797289     
   941805.44898041966     
   941806.21487688296     
   941753.67496271909     
   941752.41814869072     
   941629.26677568688     
   941629.39488549368     
   941731.65257718787     
   941786.59363439679     
   941815.87867436127     
   941828.00328966789     
   941669.29482973774     
   941621.78102137486     
   941607.48622677079     
   941469.79604840023     
   941571.64269248827     
   941535.67923892103     
   941519.83842487214     
   941497.14314620092     
   941535.51324060443     
   941558.34084961424     
   941570.58896972483     
   941585.16451884608     
   941499.45737136086     
   941358.82306921424     
   941333.42598552280     
   941327.69095894427     
   941265.98803434137     
   941293.96332294832     
   941253.07533249771     
   941286.20118013863     
   941139.39223643672     
   941190.93372180162     
   941275.17191472359     
   941228.42423248896     
   941179.59090377938     
   941133.58038122568     
   941196.21865917265     
   941202.49982588424     
   941148.88268555747     
   941134.77442223532     
   941164.19748392748     
   941085.32615573052     
   941076.53757571697     
   941021.81853347528     
   940896.54608179175     
   940816.79970798863     
   940828.90482296364     
   940818.81023804063     
   940904.84118572425     
   940914.61140368413     
   940996.16320153337     
   940951.78681046073     
   940825.24127775559     
   940944.49454135168     
   940870.44746343850     
   940959.99830240314     
   940925.52977740974     
   940919.54542356799     
   941053.14885128580     
   940939.41892034886     
   941032.55452670960     
   940957.46331839846     
   940928.36177808326     
   940953.39594496822     
   940932.31179184164     
   940871.36022990511     
   940864.40768666146     
   940830.80072627391     
   940724.53061323869     
   940703.91270998819     
   940691.34402389301     
   940726.58015817602     
   940732.01830801123     
   940728.20348478924     
   940653.92365851800     
   940751.51307663461     
   940819.26184902235     
   940696.34054706141     
   940764.56134650612     
   940869.97104350640     
   940950.15601182042     
   940955.96224675223     
   940932.15233479009     
   941028.62346768880     
