   193743.80919779878     
   193743.84937400007     
   193775.72362555692     
   193802.62763865199     
   193661.44559741233     
   193624.24688147541     
   193600.10774363059     
   193611.30384124201     
   193602.84766155927     
   193571.25037611389     
   193643.15349437372     
   193651.86218541823     
   193584.93077449730     
   193584.45024560948     
   193541.89247071368     
   193473.82827750497     
   193454.29163427721     
   193516.71510284746     
   193457.49043240887     
   193467.37699738648     
   193424.39583364036     
   193471.60928622124     
   193432.93086352665     
   193311.35774911495     
   193313.96278116031     
   193342.18210709453     
   193330.43994699561     
   193352.47416562127     
   193323.23846142349     
   193304.91358663933     
   193316.01481787214     
   193232.02500039974     
   193206.21262265451     
   193088.53075639199     
   192993.54408643907     
   193053.19014986517     
   193027.58335667546     
   193056.35775608476     
   192987.20008020318     
   192906.31861035110     
   192931.18581583648     
   193010.12770732454     
   192970.81973259337     
   192992.13931885606     
   192962.92659265504     
   192902.65435690293     
   192868.50984279520     
   192836.76346749970     
   192795.52549867012     
   192820.70156309998     
   192788.40072110365     
   192762.08689277267     
   192796.71679960552     
   192804.55430911336     
   192707.22894015073     
   192765.29673240465     
   192820.03393471875     
   192880.84185426385     
   192897.11586365811     
   192918.53700381500     
   192866.18756122520     
   192900.57554033556     
   192877.96621464024     
   192906.12367945455     
   192873.88122354311     
   192920.71888445088     
   192961.12587031108     
   192971.36975980792     
   192994.22782177286     
   192945.13415304438     
   192962.60444567999     
   193034.66719205631     
   192878.70745262841     
   192930.74566078541     
   192859.93553237288     
   192760.62582819493     
   192819.75395638635     
   192812.09822178836     
   192793.25651643335     
   192728.98129643200     
   192638.17521450721     
   192660.25932434550     
   192750.96760141029     
   192809.78538053049     
   192750.67191217435     
   192790.29454309130     
   192789.94412191125     
   192656.75104518532     
   192670.20660654228     
   192683.14477009757     
   192687.71660348409     
   192677.30306742535     
   192734.77369551489     
   192758.17624752145     
   192679.52209347521     
   192762.12346457670     
   192773.41524033551     
   192770.19490929661     
   192773.60887143086     
   192825.29973934163     
   192849.96435731751     
   192826.36210686405     
   192768.24956366397     
   192679.06389475107     
   192621.27418990195     
   192576.77095147109     
   192568.28044316280     
   192631.87260199874     
   192631.44203536387     
   192672.83760955950     
   192681.51214850269     
   192640.45035061333     
   192579.68296217345     
   192559.69923886526     
   192643.59412127716     
   192528.59463047463     
   192423.81795234329     
   192471.41574820722     
   192479.59462600545     
   192516.60966884051     
   192514.77453929742     
   192497.58095150627     
   192462.07400568671     
   192492.80149596298     
   192296.85309913359     
   192253.38586057790     
   192309.03641970197     
   192197.28828305230     
   192330.69348781183     
   192277.74283028464     
   192205.50810003112     
   192154.99605108181     
   192206.55365428122     
   192221.98832284688     
   192240.29933945896     
   192177.86764608533     
   192080.16398985405     
   191987.87789065891     
   191938.12947555634     
   191919.79033236494     
   191880.58901192466     
   191909.65297702310     
   191855.08567736478     
   191909.02530381520     
   191964.05193793838     
   191963.12160228394     
   191983.20369690756     
   191995.97886021342     
   192136.38467066194     
   192067.59035062251     
   191815.19197690388     
   191831.34602185595     
   191902.36648427660     
   191906.13732304517     
   191830.95943308377     
   191840.44896467181     
   191828.37738930236     
   191857.93827399504     
   191958.03019297082     
   191931.51354429341     
   191901.80266512695     
   191961.93209350473     
   192005.70639705140     
   191836.82372336375     
   191913.61324613099     
   191796.29019549006     
   191851.30131400898     
   191882.23693417318     
   191809.17927505696     
   191918.30483262008     
   191936.95979366827     
   191934.86096822689     
   191901.58544636981     
   191866.08323200783     
   191925.40665610426     
   191877.51560356090     
   191880.73235301292     
   191871.06670974276     
   191924.87084294306     
   191888.54336975139     
   191849.66553630380     
   191782.74759383954     
   191735.11693098236     
   191701.60246583226     
   191634.13431651820     
   191593.32021047958     
   191657.37373499144     
   191657.55750296923     
   191639.83661802366     
   191603.67044759323     
   191603.93289344793     
   191572.05779609724     
   191560.39572273937     
   191493.27815074872     
   191462.11018315138     
   191492.66716353886     
   191593.24939885462     
   191520.18331661745     
   191553.50199192174     
   191566.80973483477     
   191637.36018101932     
   191636.00917502932     
   191717.65636884622     
   191615.00706694697     
   191555.73197117518     
   191618.64286120795     
   191637.31062532062     
   191567.90935244982     
   191526.81061371986     
   191528.55566398753     
   191596.95357153303     
   191631.15790503789     
   191620.44735232063     
   191566.96638687770     
   191532.30875841327     
   191434.67214237538     
   191402.90631236622     
   191473.02214002330     
   191527.61808961042     
   191507.38307290533     
   191530.05263399024     
   191525.48427786949     
   191402.00034039051     
   191410.08369359793     
   191500.40168308263     
   191499.34694323110     
   191410.18172071228     
   191429.72420307813     
   191545.07972628262     
   191451.61791037829     
   191421.09154141007     
   191421.45047204016     
   191459.41680771622     
   191401.48252454682     
   191364.63977964481     
   191370.42351344792     
   191432.03265955561     
   191442.76394379884     
   191413.83474492730     
   191321.61245758270     
   191282.32593375829     
   191341.26771398328     
   191233.32532058444     
   191141.98541678520     
   191169.49553922337     
   191151.69275456556     
   191124.49845891749     
   191139.80351473251     
   191143.67127283989     
   191287.62392340825     
   191219.40002813039     
   191221.45507852396     
   191171.56483159587     
   191208.99300798998     
   191250.64584439859     
   191251.53343728386     
   191205.86315403300     
   191193.35605919387     
   191200.99007552330     
   191189.80940958299     
   191198.18534887509     
   191121.52210929489     
   191104.81182158930     
   191138.20955439526     
   191167.31493939803     
   191177.41831740321     
   191205.18507447955     
   191226.93165732318     
   191262.11725902691     
   191271.78961635329     
   191163.11145219384     
   191194.78203007649     
   191278.30548680856     
   191346.69371942579     
   191348.34253968828     
   191211.95754926396     
   191190.17127414350     
   191171.42753978202     
   191150.24438150076     
   191252.72610865117     
   191291.17191340443     
   191224.14449456148     
   191193.31725761562     
   191208.58571924578     
   191256.77196882793     
   191253.40278456031     
   191402.72129360778     
   191356.47541637157     
   191274.46104730602     
   191169.03444177523     
   191181.30680958318     
   191224.43078304693     
   191273.57153066990     
   191222.88995192290     
   191249.42640797631     
   191225.27852208656     
   191208.63872441160     
   191346.79525803225     
   191381.48445485075     
   191365.64069048036     
   191324.21546463715     
   191279.10359100471     
   191382.82800787661     
   191353.66671553120     
   191293.40941501397     
   191154.30209949717     
   191223.30538490397     
   191157.45050376933     
   191164.34921879601     
   191129.22927009282     
   191109.33559100522     
   191192.33892683292     
   191136.63589179842     
   190980.49727704609     
   191052.12257833366     
   191179.33816941577     
   191143.80439516518     
   191081.72315883436     
   191156.15143365299     
   191203.45990406530     
   191167.42868116096     
   191161.73126965077     
   191117.77656849241     
   191183.35354065060     
   191174.09858577637     
   191122.13377483681     
   191160.75892876746     
   191138.10896719387     
   191097.91477123968     
   191082.51915395985     
   191032.35811488796     
   191023.67100371220     
   191125.48638788416     
   191195.54337704185     
   191161.97760623132     
   191206.82368413373     
   191181.77531290299     
   191224.53222171127     
   191206.10410040370     
   191090.59132144839     
   191213.49995087515     
   191151.04530401443     
   191215.42515939072     
   191184.57417881952     
   191226.57645119613     
   191161.89760363675     
   191076.60508201396     
   191123.73994292252     
   191168.72697998953     
   191177.98309483757     
   191168.32111286558     
   191100.70784059245     
   191077.45568677326     
   191179.70367319978     
   191242.25594077384     
   191235.44382111006     
   191177.15768633690     
   191218.52846798854     
   191288.57099882839     
   191246.27587795473     
   191174.04781379178     
   191131.37005174358     
   191173.40971259205     
   191097.02721043804     
   191174.34453234659     
   191188.00222936779     
   191146.13020773814     
   191113.57358190382     
   191187.12576447200     
   191125.83303065322     
   191094.24157114225     
   191055.18994167526     
   190950.46666540141     
   191023.99683286733     
   191031.62511097346     
   190972.62318657761     
   191060.64629488834     
   191141.37262619298     
   191058.55186130802     
   191047.59008520123     
   191050.60078218198     
   190987.15625117355     
   191017.01744558313     
   190983.91344499085     
   191004.74190352205     
   190999.35824897149     
   190992.41111789117     
   190984.74637570482     
   191018.36063682364     
   191004.90261906839     
   190909.92891882878     
   190964.07014201352     
   190906.05636485445     
   190924.72269703489     
   190937.86385785748     
   190958.21195107710     
   190809.25220151449     
   190935.33312568557     
   190905.91204582294     
   190875.33455259979     
   190855.26345700407     
   190879.14872396839     
   190946.51464343927     
   190852.07564357799     
   190890.37367943680     
   190856.37411115001     
   190873.90440845178     
   190935.23763427912     
   190798.60260565163     
   190763.46228181932     
   190744.85510527462     
   190746.65045611889     
   190809.93630063429     
   190839.05814005499     
   190809.80021326785     
   190931.21843600171     
   191014.29365113121     
   190928.38661134834     
   190855.39793073162     
   190798.50156771240     
   190919.98617342522     
   190919.17648568054     
   190910.83792835163     
   190976.29844786983     
   190929.86263896246     
   190865.94442043564     
   190965.02007340983     
   190900.05454298982     
   190906.20725434084     
   190929.39643297964     
   191025.18705155843     
   190925.32740095822     
   190907.54262952751     
   190905.64318191650     
   190990.58991523899     
   190945.39425907921     
   190958.69054030048     
   190964.15818732709     
   190945.60921758876     
   190953.21901207080     
   190848.95658057672     
   190842.52415396512     
   190860.31806006923     
   190877.32707793312     
   190878.58659153889     
   190855.45615783951     
   190852.54878754742     
   190785.00060693835     
   190864.69218781168     
   190857.20067825407     
   190826.72424706098     
   190812.53151226765     
   190778.48855675597     
   190795.53381921523     
   190780.04349588140     
   190859.62270888261     
   190771.68038025827     
   190704.64436616382     
   190778.73253563012     
   190852.89482018189     
   190809.09459815497     
   190852.65694205882     
   190778.11336684626     
   190816.13191040233     
   190767.83730869411     
   190793.23079813071     
   190820.20792945972     
   190843.55284943752     
   190914.81335160331     
   190896.29700103065     
   190801.81422703850     
   190771.20070791361     
   190798.40694679419     
   190747.16589363039     
   190776.01304439871     
   190777.44235993363     
   190816.98551348259     
   190821.72189532858     
   190707.98996000405     
   190702.83476691021     
   190722.34105446475     
   190600.26620855398     
   190704.36855450936     
   190651.31546977162     
   190735.24733615082     
   190732.15313778573     
   190651.46820233951     
   190693.71047003852     
   190708.68552631652     
   190688.20478965456     
   190728.66792831221     
   190730.28106720405     
   190790.70129057055     
   190749.58393584075     
   190726.49593544201     
   190679.29604914214     
   190580.88937013011     
   190580.63150756384     
   190555.99736535209     
   190620.84981125500     
   190717.47850723710     
   190720.92179481918     
   190682.42702332631     
   190693.75125346726     
   190759.42494237484     
   190685.34970505472     
   190770.79834215183     
   190829.78536444515     
   190765.21569905532     
   190777.62302799089     
   190804.93602195045     
   190889.37243795421     
   190880.43028316140     
   190955.96938553749     
   190884.66389273986     
   190918.36539193653     
   191027.36636990751     
   191002.30279109007     
   191153.43464235694     
   191190.99205177452     
   191118.77008771762     
   191137.04674876537     
   191096.60771108526     
   191116.55721071461     
   191114.81651626417     
   191010.36030735978     
   191084.07914852988     
   190966.69739983729     
   191048.95818775162     
   191075.48620737798     
   190950.11960232188     
   191078.79536100404     
   191078.96625573371     
   191232.31127811523     
   191124.86348702645     
   191094.62700233998     
   191109.54219616327     
   191129.11782096681     
   191220.61732633019     
   191358.69122246007     
   191367.44743895554     
   191388.95623757300     
   191294.89207570819     
   191430.44726135692     
   191387.55587115401     
   191375.36582401823     
   191402.17784579023     
   191380.00957017438     
   191333.21307918424     
   191345.24363244849     
   191339.08751022269     
   191213.93195096345     
   191355.55857142853     
   191280.91875412944     
   191305.17328964232     
   191404.84385111756     
   191371.49678797383     
   191320.65229695238     
   191408.73774663141     
   191459.61652782702     
   191439.70555256360     
   191416.27308292675     
   191471.66783648686     
   191352.92463715098     
   191412.45504789715     
   191531.96565339330     
   191531.99911614213     
   191464.25058636302     
   191364.90073700272     
   191408.88746630526     
   191466.22610671620     
   191488.36008267722     
   191594.37592750715     
   191624.13792190832     
   191702.41909089140     
   191585.90644648889     
   191519.56730001126     
   191447.62747373764     
   191449.98477952505     
   191492.58633933181     
   191449.69989223283     
   191354.16351250189     
   191350.99749927560     
   191361.10373525144     
   191359.38258189242     
   191364.38708268653     
   191439.92606705727     
   191418.19272114921     
   191381.70203174558     
   191195.74060839959     
   191278.72384935504     
   191292.48572232886     
   191401.69478598845     
   191420.82723108088     
   191343.87068467066     
   191355.31520002891     
   191478.06424361293     
   191437.32020610222     
   191379.84037967824     
   191391.72599846844     
   191405.72079735604     
   191329.24963357413     
   191282.02376072120     
   191384.08933010252     
   191421.00893898681     
   191398.36339112843     
   191427.68937289936     
   191474.44012792583     
   191446.19426793634     
   191497.25062879358     
   191524.45763597515     
   191661.18260194428     
   191666.47686765247     
   191708.97431549145     
   191690.00597134215     
   191631.44979106018     
   191600.02351207705     
   191495.52999435883     
   191594.73736337107     
   191571.61233726621     
   191582.99482350296     
   191556.89802514727     
   191682.88764819319     
   191735.36318464461     
   191771.38639380070     
   191751.58770544356     
   191668.27534537381     
   191592.09180512279     
   191655.54148837266     
   191593.25069558571     
   191652.54080787225     
   191805.88999396458     
   191730.73228743553     
   191827.94439263569     
   191906.09425780145     
   191905.13171906502     
   191997.88727355216     
   192048.51242669998     
   191918.91702006469     
   191825.71900174767     
   191891.16989110209     
   191866.54903099031     
   191930.63688676170     
   191957.77835118651     
   191831.12639505122     
   191936.61292027487     
   192053.63266507833     
   192097.90965422709     
   192063.37641690526     
   192044.51989357240     
   192043.29041315283     
   192032.25409237802     
   192103.95438554921     
   192049.59570473080     
   191995.69005839113     
   191951.54523386821     
   192000.20371269021     
   192025.69503539731     
   191969.54920323446     
   191993.75500189632     
   192044.06500839189     
   192122.90263454101     
   192247.56308447896     
   192210.49202671606     
   192286.44739370560     
   192157.47609227768     
   192206.81782175091     
   192252.22921613630     
   192196.30675474452     
   192185.04344071748     
   192192.28967576817     
   192209.79183912976     
   192253.25771053531     
   192240.79558299200     
   192142.45718290962     
   192264.79347127909     
   192325.19147016996     
   192295.15592507320     
   192422.05665750802     
   192284.23967908195     
   192283.39564785044     
   192214.63826750306     
   192211.14337274039     
   192181.87846030263     
   192231.37124185747     
   192323.77615938926     
   192342.18067044308     
   192364.33483195229     
   192420.27349032444     
   192375.64793493782     
   192460.90702533102     
   192444.18563536293     
   192401.51335896287     
   192322.63316807154     
   192375.44312977078     
   192413.03968976275     
   192431.86830894247     
   192603.20012199221     
   192541.50418545274     
   192440.06325464457     
   192379.26361451147     
   192442.20284146833     
   192494.14425387821     
   192418.76991477091     
   192482.55637699176     
   192430.57526873786     
   192275.63079792421     
   192299.56736693621     
   192389.70960060271     
   192386.37373065605     
   192339.51173246832     
   192391.45543638832     
   192388.36637265494     
   192384.31300575912     
   192387.63114962651     
   192355.23006856357     
   192328.93310293602     
   192428.05548425432     
   192422.41523282326     
   192381.23635165341     
   192317.25671455622     
   192327.82919660580     
   192360.01923387434     
   192363.76146245067     
   192223.54159741319     
   192278.60744111004     
   192281.96576210941     
   192259.81307966803     
   192255.33212896113     
   192294.76740498381     
   192316.80200986029     
   192328.59331747136     
   192334.28951360448     
   192308.78673769912     
   192344.86752978270     
   192343.44496796507     
   192190.23369262161     
   192174.42756404562     
   192217.35800831910     
   192345.37725743244     
   192342.50629369021     
   192389.22571704310     
   192407.60053099637     
   192420.55103352238     
   192408.41863835542     
   192358.55793670192     
   192505.39082738836     
   192425.06952433771     
   192542.31294506110     
   192505.82547468771     
   192594.38375827848     
   192621.55147278501     
   192659.80728294616     
   192644.82812241468     
   192633.96185679521     
   192584.61159812220     
   192693.81242507792     
   192706.74598693405     
   192841.10707028129     
   192782.55108161751     
   192812.88743089314     
   192754.79518670970     
   192698.33056280468     
   192578.99886815963     
   192496.42796976006     
   192482.17395695840     
   192541.38657348033     
   192578.51927202451     
   192616.65947383275     
   192574.86478467961     
   192517.18670854991     
   192519.28411721525     
   192556.32468778640     
   192468.57162023650     
   192400.44678920874     
   192532.04802371704     
   192500.92599544697     
   192424.82128615869     
   192427.73360344919     
   192452.74699889164     
   192545.24421438063     
   192483.43238866123     
   192534.38956257759     
   192461.70709736965     
   192478.86975623190     
   192466.40027088969     
   192487.98179361958     
   192491.34330827071     
   192573.50615327724     
   192567.66835875786     
   192596.29832788729     
   192579.68355202716     
   192627.92675480121     
   192597.83965023104     
   192551.31594881756     
   192551.06293964299     
   192564.27176781010     
   192689.68183357193     
   192600.19052082824     
   192613.93790334219     
   192584.00192932281     
   192585.34287716568     
   192696.57843097951     
   192818.05462104036     
   192758.33798998693     
   192894.37090852554     
   192877.15344225438     
   192848.60850788388     
   192952.77607304711     
   192885.29274036319     
   192863.10445012830     
   192864.06247228011     
   192779.23395094546     
   192845.37326472203     
   192988.57433925231     
   192922.87195853054     
   192726.48903658803     
   192918.11858433974     
   192798.70365387911     
   192790.77572552898     
   192983.38107810996     
   192946.23067489051     
   192807.81378922105     
   192769.95192218327     
   192807.84386514963     
   192788.50213700449     
   192811.02577885776     
   192820.10675029847     
   192862.52430586814     
   192767.94046632733     
   192726.48960544428     
   192810.18816549733     
   192818.03034258328     
   192793.66255452117     
   192757.17139377707     
   192857.28022635062     
   192888.01318956519     
   192807.15937484291     
   192798.52346576296     
   192807.19024311390     
   192819.86671877772     
   192744.68279794999     
   192807.93060488917     
   192842.43565354121     
   192971.26533672659     
   192977.05171726868     
   193034.40598302014     
   192914.32726500058     
