   198019.43678952282     
   198019.43678952282     
   198028.83940042465     
   198018.11435798684     
   197977.52683000168     
   197988.99006626423     
   197969.33141368290     
   197852.72701501046     
   197915.05647956909     
   197905.98817456976     
   197879.52295809617     
   197772.23835438810     
   197792.29658413259     
   197741.66779188006     
   197817.53374070159     
   197761.92805140367     
   197768.01153331739     
   197717.52078344888     
   197755.23690619180     
   197795.26078522543     
   197808.68634730644     
   197793.52536046616     
   197853.29771638740     
   197841.28179552141     
   197865.96141947183     
   197922.85324159841     
   197902.87263498979     
   197835.09984998810     
   197744.39494141497     
   197873.63570057653     
   197912.12814217538     
   197865.92198708083     
   197808.77584572043     
   197852.94510191842     
   197846.19811962280     
   197945.06194560704     
   197776.59769857713     
   197692.41188514017     
   197686.33518487515     
   197739.21145508109     
   197895.58535997121     
   197865.59409622350     
   197787.75081408035     
   197877.58605916728     
   197986.72397930184     
   197939.55723365609     
   197873.90302947149     
   197882.14022634042     
   198071.32934586491     
   197976.27034181400     
   197923.23050505490     
   197985.29730670311     
   198013.85910500475     
   198046.09040635356     
   198049.11047819178     
   198009.44842931090     
   198029.21727174925     
   197977.58742340590     
   197956.77521419607     
   198039.89729421533     
   198023.93615686917     
   197974.91268248478     
   197948.32916352848     
   197921.84203682115     
   198016.91596932453     
   197964.56029679973     
   198044.70308785688     
   198033.54427825750     
   198010.49309069017     
   197917.22003613214     
   197894.83708956107     
   197927.84657663520     
   197959.90575063802     
   198031.88563302907     
   198097.41615044710     
   198115.35503483145     
   198146.71225785962     
   198175.47713197474     
   198203.68649096272     
   198147.99310247815     
   198149.68298050246     
   198169.38656313310     
   198220.59297583558     
   198159.20374989579     
   198185.55004172152     
   198257.23942338797     
   198213.80582219653     
   198141.72098752600     
   198209.76983434713     
   198131.17796468563     
   198130.27667233927     
   198193.78278056343     
   198032.13811104948     
   198102.21165637055     
   198159.81271425143     
   198137.55444937598     
   198172.58361013164     
   198160.99875958773     
   198159.55974045105     
   198190.09521098013     
   198058.40963458325     
   198142.41125933273     
   198139.28995038834     
   198136.41814617871     
   198133.98797617806     
   198138.14146834225     
   198217.30703810151     
   198253.52473521780     
   198247.46681464274     
   198301.20609463478     
   198236.64807898720     
   198182.78394210248     
   198267.27183507610     
   198197.08315314306     
   198252.24965540171     
   198196.06830681520     
   198138.02938201319     
   198138.02501649305     
   198124.74320819727     
   198146.41547556964     
   198204.02733750799     
   198121.38372092068     
   197980.99391542398     
   198015.64752733038     
   198016.54543942123     
   197954.05818868859     
   197800.58710643058     
   197927.65858867104     
   197928.42545861835     
   197888.50256902201     
   197873.69936023504     
   197862.22717110463     
   197858.88231844830     
   197940.75120058082     
   197990.98438385746     
   197984.46555721291     
   197885.66519372902     
   197924.57031567098     
   198077.83791352715     
   198136.46960690190     
   198075.65820432268     
   198036.55574040025     
   197941.57894121978     
   197888.14917309815     
   197943.61031029990     
   197944.52213221684     
   197904.63841252285     
   197758.30673712684     
   197770.98794612833     
   197756.27952126335     
   197717.61071255038     
   197744.03389500611     
   197635.92787826990     
   197687.22122584400     
   197744.70469372015     
   197718.24511492156     
   197569.18866674017     
   197611.44744931519     
   197638.89990458355     
   197707.82864872069     
   197537.17033786693     
   197495.73411062011     
   197538.15137275169     
   197489.63182542333     
   197572.31370494553     
   197563.77527677550     
   197436.51984728212     
   197492.84871364836     
   197454.99866458465     
   197469.68306476349     
   197415.50423979637     
   197504.95810550227     
   197461.75426348404     
   197408.19101576359     
   197456.18513940400     
   197550.60654514635     
   197549.77816900788     
   197521.12345242128     
   197571.20119877183     
   197521.57270678176     
   197494.73304537905     
   197511.91990903352     
   197583.18887717288     
   197606.05445265587     
   197535.12642664794     
   197542.63297467053     
   197573.41390394495     
   197502.67948912291     
   197528.87005268081     
   197554.06403727701     
   197480.68421357425     
   197515.40117007666     
   197454.07051123507     
   197489.12137252561     
   197469.30894129776     
   197378.48257650508     
   197292.92506168759     
   197327.72403743531     
   197320.08447308451     
   197244.15283958998     
   197271.86079967479     
   197287.35003615907     
   197333.66368898199     
   197308.37310457343     
   197196.33223279906     
   197184.26528312592     
   197065.37464567489     
   197017.13943480112     
   197159.97734867790     
   197195.48395438422     
   197200.97605753018     
   197346.78634371818     
   197327.15016086615     
   197291.53034332854     
   197265.98462966760     
   197207.39816478765     
   197163.79951755906     
   197170.95894042167     
   197189.83514475139     
   197170.06597886537     
   197099.01503404629     
   197030.65655882814     
   197084.82592871712     
   197181.70610220500     
   197084.26030390922     
   197121.94954184807     
   197067.90088086401     
   197040.90802902327     
   197000.17273451990     
   196984.93869590323     
   196943.45866946012     
   196937.79538703614     
   196854.41245405015     
   196842.89336916071     
   196987.30239189771     
   196895.30900685533     
   196780.26382773646     
   196864.81779603992     
   196745.46888357156     
   196761.52039817680     
   196718.89713444817     
   196706.57743124833     
   196673.15804716514     
   196751.04255835933     
   196785.19259499805     
   196821.81053930981     
   196747.62118482002     
   196815.16335229421     
   196803.46847394531     
   196915.86898611393     
   196846.72279837501     
   196837.07180849748     
   196822.42860720388     
   196838.64987997233     
   196819.19753537621     
   196818.01795859006     
   196833.01592402509     
   196768.95194162804     
   196838.87120542041     
   196796.80872011470     
   196851.41135061532     
   196798.28827144942     
   196855.76523314451     
   196888.84398716717     
   196797.93887925814     
   196667.84482251556     
   196623.56721315195     
   196676.09128567745     
   196661.79247838623     
   196586.64759616647     
   196660.55869349095     
   196621.17373119507     
   196625.14567450038     
   196682.96814667393     
   196709.14775482338     
   196728.87572268423     
   196721.29889982403     
   196630.90161578963     
   196580.82062022595     
   196546.89223081377     
   196466.86709412839     
   196556.56414978491     
   196695.54860727297     
   196648.87389607116     
   196608.35620528494     
   196610.40020579437     
   196594.78870026954     
   196578.86870832386     
   196716.09501425576     
   196605.80937843755     
   196543.09561684396     
   196599.76629724342     
   196631.42503176723     
   196721.83238221097     
   196746.98862893545     
   196640.49058922118     
   196674.69010768703     
   196741.46605567433     
   196796.42961758893     
   196751.30027271702     
   196704.49204568935     
   196660.86889761291     
   196621.97334100402     
   196620.37628683227     
   196638.03924106993     
   196640.84062744133     
   196594.90650765970     
   196596.61083085850     
   196591.00601654756     
   196607.73370555774     
   196510.08683643269     
   196582.52320442602     
   196564.45827436156     
   196457.40342189302     
   196388.96797550216     
   196447.09935725349     
   196385.43517836390     
   196441.10814802171     
   196344.79655196267     
   196230.58181381752     
   196267.25311713363     
   196178.84541935200     
   196236.31315180750     
   196359.07368994883     
   196296.13751072146     
   196250.67027359654     
   196246.64214871766     
   196361.29092709965     
   196372.54435325076     
   196376.32254426679     
   196324.59751200886     
   196359.83151298846     
   196331.08225922161     
   196278.72355673224     
   196327.88629822680     
   196185.63016955883     
   196262.84864108718     
   196294.39768111339     
   196317.99006552566     
   196252.99858343837     
   196233.00882269259     
   196317.66790440714     
   196260.61868909805     
   196218.30484386053     
   196239.32486638796     
   196221.31597541427     
   196191.33095055650     
   196197.88721825308     
   196076.94110299702     
   196158.89998817604     
   196184.68960444958     
   196155.86298603704     
   196073.29149621684     
   196103.51351962518     
   196212.90763933689     
   196204.61933835095     
   196172.57175988337     
   196124.92458695645     
   196140.02416080324     
   196154.58020012916     
   196163.56978867960     
   196157.96352872363     
   196178.32503046404     
   196087.59620869928     
   196184.92415788077     
   196194.90342067095     
   196195.35127099504     
   196221.70014171186     
   196188.57496475868     
   196215.38720304798     
   196158.56713782338     
   196179.94565602846     
   196202.08966268264     
   196123.84982288475     
   196049.71706574669     
   196013.57786215178     
   196084.46002198767     
   196084.01192012656     
   195983.95186465658     
   195825.78608804438     
   195825.11473515275     
   195839.17750919092     
   195838.14151627006     
   195915.64854693555     
   195852.43742552353     
   195896.65683276282     
   195827.13571501462     
   195936.95143153021     
   195877.41856745051     
   195952.74713348108     
   195845.65943595796     
   195836.52211836405     
   195829.26175072682     
   195819.11675045191     
   195800.71946265188     
   195770.48907446340     
   195779.13273303199     
   195748.24761906208     
   195661.28727424541     
   195699.41145398337     
   195685.44238445157     
   195680.09294883336     
   195712.00352550999     
   195707.72696985290     
   195590.69886239403     
   195589.28827031713     
   195531.46678824042     
   195529.00314601231     
   195587.01441602409     
   195605.02890824020     
   195606.31078367293     
   195604.00980502146     
   195602.43986760400     
   195733.49197310366     
   195525.92892164580     
   195558.57746051456     
   195613.37141507785     
   195664.34919304491     
   195634.98317384813     
   195691.10549794746     
   195727.48681589583     
   195696.01081230768     
   195668.95396935090     
   195652.66115559294     
   195697.88431280962     
   195653.81027859639     
   195578.48300395545     
   195700.45582454407     
   195650.25385022984     
   195600.76875726506     
   195550.34679975267     
   195549.69473719987     
   195488.72550762046     
   195377.56258338841     
   195382.50262192768     
   195321.75560202752     
   195294.71396019831     
   195341.94719189769     
   195388.89237926248     
   195414.44207630161     
   195391.07914636954     
   195208.93265585112     
   195352.60019069153     
   195388.51126307793     
   195359.23561707363     
   195418.29854748570     
   195396.96343032044     
   195514.23629441235     
   195413.15568875562     
   195478.86702750623     
   195374.07441129431     
   195347.51316019485     
   195317.18822167465     
   195391.58445183179     
   195323.96447421599     
   195321.32295815350     
   195333.65911024215     
   195326.53799323493     
   195377.48667455124     
   195462.12256117476     
   195444.48286783366     
   195398.60134906007     
   195285.72005228401     
   195361.01215191503     
   195385.16049982031     
   195388.32254909497     
   195291.81061839190     
   195341.63800322468     
   195332.68796177252     
   195411.18196478381     
   195330.24243889566     
   195281.92969735776     
   195274.23149738059     
   195303.09352984247     
   195292.09830528178     
   195468.34347598557     
   195536.33377973089     
   195472.86240841774     
   195402.07693871262     
   195391.17521403168     
   195417.62742144146     
   195411.54987513879     
   195387.72521239801     
   195487.41748311350     
   195517.76984758806     
   195574.63136956634     
   195614.97896885869     
   195527.87822006497     
   195431.28877100165     
   195439.75210124458     
   195433.99417128935     
   195428.77720200707     
   195285.34303644841     
   195256.36272056660     
   195215.43480800223     
   195302.05016869999     
   195299.62536889626     
   195353.52831229294     
   195383.08853868867     
   195298.21415493550     
   195235.09507260929     
   195175.24587597352     
   195261.12556427729     
   195197.77294111502     
   195047.78101554705     
   195068.94204984247     
   195100.80798396291     
   195136.38306951334     
   195207.08924268611     
   195211.34814065151     
   195174.37952194747     
   195099.41523013616     
   195086.87397610524     
   195097.73849109595     
   194962.89063467609     
   194974.15193213089     
   195079.19835011195     
   195022.13475637374     
   194891.16692231546     
   194932.60746761179     
   195093.33825491491     
   195045.79066901945     
   195043.73405397031     
   194961.05882004928     
   194875.72403936239     
   194856.22707394091     
   194810.97288657312     
   194789.29911355366     
   194789.94669526780     
   194843.72971911091     
   194869.28546856684     
   194869.05859489791     
   194799.98248884996     
   194828.12165091728     
   194744.42922081612     
   194751.06551365904     
   194723.08574751904     
   194825.68212898480     
   194804.09766841444     
   194683.72098162756     
   194673.80432742863     
   194623.00235499072     
   194776.27605752734     
   194748.40830869830     
   194722.43014632590     
   194737.91259479124     
   194735.38614396018     
   194813.29794351762     
   194766.37407942471     
   194787.68721270823     
   194740.19278909164     
   194733.46482690374     
   194855.67682840434     
   194826.62170084438     
   194790.34216246207     
   194676.68344167562     
   194657.99240030334     
   194709.39339398631     
   194715.79311865079     
   194652.17706439816     
   194601.72697097476     
   194701.91813376930     
   194767.11786954443     
   194741.32777471456     
   194609.53864750106     
   194560.81962984893     
   194694.52586276247     
   194686.51595606719     
   194664.37702109019     
   194641.02938161325     
   194647.00091128694     
   194621.47160154372     
   194581.02977119148     
   194561.00818974248     
   194515.42720791994     
   194591.29433645488     
   194579.32119578082     
   194589.53422021426     
   194515.76853178322     
   194504.34850404024     
   194545.72078733542     
   194522.11943716428     
   194581.25101433755     
   194570.33280921128     
   194610.10923947161     
   194633.72910431036     
   194691.32223422773     
   194669.10840089864     
   194670.04580837596     
   194760.05022129678     
   194694.09209084773     
   194697.85893839816     
   194649.59923265444     
   194728.79942390489     
   194641.70319869119     
   194664.87848963490     
   194571.76754771566     
   194512.91416626936     
   194483.47064482654     
   194531.77779349653     
   194547.80289202611     
   194486.61143925169     
   194511.29855613736     
   194505.31607108007     
   194470.31953647314     
   194363.22975593864     
   194348.83607553717     
   194440.85747419845     
   194400.13151838942     
   194481.21830428473     
   194395.19515504548     
   194434.12336976972     
   194387.06249436745     
   194247.71357789062     
   194194.68578142524     
   194177.96682291839     
   194097.66984325612     
   194120.76784792816     
   194130.74463066485     
   194091.50708689159     
   194126.91079726635     
   194166.17570263968     
   194097.47328717561     
   193987.77138936296     
   193916.65606730757     
   193830.71521162963     
   193861.41384934739     
   193860.51082498321     
   193931.61516276619     
   193960.68572918553     
   193892.08696085878     
   193962.87456856688     
   193869.48006943415     
   193965.83426582863     
   193922.00126533501     
   193942.45071958713     
   193862.78477214539     
   193920.32559177699     
   193922.15808884491     
   193971.35606102156     
   193915.29475473886     
   193926.88298154844     
   194066.16954478464     
   194059.96583845367     
   194141.12782924506     
   194046.76954886349     
   193948.09081945234     
   193957.73235054064     
   194043.60731817447     
   194048.38513189057     
   193999.31907876758     
   193896.52589924709     
   193897.72942250303     
   193866.05245509400     
   193732.87944280662     
   193729.73765167367     
   193754.21459032447     
   193742.21452311234     
   193819.22239597107     
   193740.80682736868     
   193654.87391000270     
   193761.41868378757     
   193664.64283808536     
   193577.08447924146     
   193586.86536449968     
   193658.76615498017     
   193769.67835841601     
   193702.59871120538     
   193657.45957831317     
   193606.00382579406     
   193616.04589031299     
   193643.41495569432     
   193722.67246392608     
   193757.84734545395     
   193747.28917860510     
   193687.71796424431     
   193688.51743709424     
   193595.78049700317     
   193583.84716581029     
   193514.75749351887     
   193468.98305502065     
   193579.14424353832     
   193526.74012620616     
   193484.57296724344     
   193563.79583633124     
   193329.95106379205     
   193342.12592669777     
   193381.38235691228     
   193429.00146368568     
   193397.30575323361     
   193386.26390258124     
   193311.98695548563     
   193327.40777907538     
   193310.85674083562     
   193357.89457996725     
   193418.69729434152     
   193413.52128171860     
   193367.74993212716     
   193350.10161556219     
   193334.47284514707     
   193329.77008530864     
   193311.18783756444     
   193335.13363212571     
   193331.16551537981     
   193357.10209912580     
   193481.18405219226     
   193449.44782528296     
   193468.50338977741     
   193310.99975279815     
   193436.09128453513     
   193431.39858839798     
   193298.94618088359     
   193398.74125839348     
   193218.27976653405     
   193279.92518029394     
   193153.87507031544     
   193184.01485612991     
   193191.47621375485     
   193110.24241656912     
   193199.02212346692     
   193154.12128216500     
   193122.72348102246     
   193178.36832851049     
   193132.93046653687     
   193140.92519319197     
   193250.06157752062     
   193160.94656518439     
   193208.96606226917     
   193176.75030311881     
   193117.09079470910     
   193092.36025015815     
   193122.96971720937     
   193127.56608450133     
   193255.52460609237     
   193187.73739852579     
   193335.59580955943     
   193293.74712396209     
   193279.03381018256     
   193192.18133215644     
   193108.66856061865     
   193150.80252430245     
   193155.49771977434     
   193143.62161302491     
   193108.43854251178     
   193091.69534190797     
   193045.14755955819     
   192977.84663163350     
   192948.56439237011     
   192944.33379349325     
   193024.63245638824     
   192972.36450840411     
   193055.25711113706     
   193035.89751894714     
   192984.36407588545     
   192961.43445383786     
   192912.56401545275     
   192874.82305986952     
   192905.15015269475     
   192955.14585289365     
   192918.35863686627     
   192928.96620608997     
   192899.81861470686     
   192876.33266765138     
   192779.30141672690     
   192835.97906551085     
   192851.25557375976     
   192752.00300090364     
   192771.05154202951     
   192903.83062288162     
   192970.05892755900     
   192798.90911533817     
   192931.53337402132     
   192886.35842319383     
   192846.11208397965     
   192881.49076956854     
   193003.79124510588     
   193036.73290393819     
   193023.92865666695     
   193082.04233172140     
   192993.56821431642     
   193150.56205093244     
   193223.91602500979     
   193195.52664546372     
   193230.97438163034     
   193073.57303976725     
   193103.96356875866     
   193102.27244645287     
   193057.63650016702     
   193016.93079037956     
   193128.50657255010     
   193075.04542963879     
   193101.24767244377     
   193106.62508789159     
   193113.89553604941     
   193181.57388178949     
   193254.27934923361     
   193265.24166799276     
   193287.74448697458     
   193254.89221844979     
   193234.22889726347     
   193355.14098121348     
   193370.08149297925     
   193395.65168747405     
   193500.31564760412     
   193513.94067806608     
   193540.71814520523     
   193508.77288175520     
   193497.76106032945     
   193538.13985342343     
   193437.86536694993     
   193340.93245680290     
   193389.67303843546     
   193460.21677523520     
   193487.05434356627     
   193616.07958654570     
   193668.57234542468     
   193499.94252456952     
   193508.25067217939     
   193548.74727767060     
   193532.68226852594     
   193641.85214105854     
   193626.80437033292     
   193656.34398467667     
   193575.29323050755     
   193589.16614369489     
   193604.14058072487     
   193538.61076146990     
   193432.74018083845     
   193413.53498553715     
   193389.88132723278     
   193379.69600217699     
   193406.93595222390     
   193461.69091783476     
   193411.96549964682     
   193541.30361160153     
   193665.18723725455     
   193582.34168702376     
   193641.20544582483     
   193656.99284605152     
   193675.53867847772     
   193616.15433761844     
   193626.42988049661     
   193549.03144014842     
   193503.69947304594     
   193425.10139396359     
   193500.30647493011     
   193519.59888361272     
   193547.48228264597     
