   202558.97465484519     
   202558.97465484519     
   202543.56465154284     
   202379.51234541443     
   202337.27627121122     
   202289.59206271768     
   202315.74904925041     
   202419.39082175240     
   202385.83663859210     
   202392.04947525295     
   202381.70417712585     
   202348.39050048956     
   202373.18184694948     
   202297.09797291295     
   202242.07473015116     
   202346.32305707905     
   202269.87009818276     
   202211.57598304961     
   202144.94594440563     
   202223.11450158493     
   202168.44715765159     
   202172.57921955173     
   202164.71213802361     
   202053.09429515555     
   202071.61940891828     
   201974.90724375210     
   201898.63822343375     
   201900.55543189828     
   201768.64861054541     
   201770.00771401139     
   201761.40106398979     
   201818.25479777905     
   201704.80427717930     
   201723.61057843853     
   201749.45357719212     
   201753.10276095246     
   201712.74218053310     
   201724.39012840670     
   201813.00756102719     
   201810.43082738723     
   201777.82335402581     
   201766.65643809800     
   201766.04495513940     
   201748.43600285630     
   201744.07012936263     
   201636.29172682029     
   201628.53608650801     
   201618.10033140428     
   201639.62526264263     
   201466.53329306975     
   201506.19543652877     
   201484.88694963051     
   201458.52736649022     
   201543.66641965543     
   201574.40973559069     
   201618.53663087144     
   201590.48821529371     
   201549.56637901650     
   201619.85881394977     
   201504.18793954677     
   201418.97680336059     
   201377.46795534273     
   201496.76528296902     
   201529.64979645889     
   201541.51710313684     
   201394.89481328058     
   201373.92687215027     
   201373.28798733139     
   201344.45124758629     
   201159.40690142580     
   201164.51519468677     
   201197.63711843756     
   201168.14618804221     
   201158.99538896489     
   201236.91765545489     
   201180.47925392096     
   201206.37772751349     
   201206.79082246876     
   201224.77725578033     
   201235.89906097730     
   201277.89683710178     
   201246.35364134738     
   201229.26752530035     
   201302.23804249879     
   201303.56647970527     
   201255.26964987480     
   201277.71627169964     
   201308.13169915817     
   201251.61306444823     
   201158.91136792678     
   201195.87351072850     
   201206.01529904234     
   201152.39426079221     
   201167.11788220252     
   201137.14789921764     
   201146.55190267894     
   201109.37030676194     
   201004.92676479986     
   200889.75390302870     
   200872.11198919720     
   200893.36932560481     
   200852.51414991269     
   200987.77126915823     
   200941.57068828301     
   201014.53796402982     
   200899.55397695606     
   200949.02907949366     
   201048.82898846481     
   201146.61413906538     
   201115.45730148180     
   200948.01791550740     
   200947.99980877529     
   200984.19579187874     
   200997.25168374708     
   200997.42556849422     
   201025.80270444730     
   200975.21723597241     
   200918.18606389838     
   200974.86381228926     
   201089.28076158816     
   201090.61546975790     
   200963.14035971215     
   200969.57202218508     
   200869.09731301636     
   200952.09733961700     
   200910.86242202547     
   200927.54693410738     
   200894.79326688530     
   200922.56828856387     
   200986.45785589545     
   200908.98727393901     
   200968.23514635520     
   200949.08173598794     
   200931.17300498686     
   200856.56818291044     
   200919.89324916698     
   200803.62525146295     
   200803.16166935352     
   200752.18724789837     
   200790.10895705118     
   200738.47954220307     
   200774.03738786411     
   200698.77414114424     
   200626.91460301966     
   200678.80929487248     
   200648.07830686780     
   200671.57116385218     
   200740.50852891459     
   200742.00583169956     
   200701.22241285315     
   200717.61212540328     
   200712.48536437025     
   200647.46878580115     
   200669.63110852698     
   200619.59992840179     
   200661.52735609707     
   200617.06650875587     
   200579.51857704355     
   200541.16434304244     
   200548.10314731530     
   200607.65637518460     
   200673.97678597993     
   200593.92117075712     
   200603.79763987954     
   200452.67798323347     
   200366.32644353679     
   200405.01362382050     
   200493.59127679936     
   200552.67107101751     
   200623.67516330734     
   200529.51530426560     
   200548.79134918665     
   200596.43954343913     
   200577.24791036025     
   200611.61415330815     
   200542.20598423135     
   200430.24225848712     
   200436.21944577683     
   200496.73760656719     
   200456.58938755144     
   200556.13957751670     
   200550.44711676054     
   200443.89298936792     
   200504.10630882572     
   200495.11013178519     
   200584.28752213318     
   200495.75182217493     
   200578.39008361357     
   200504.92207080233     
   200459.22894718582     
   200511.03900305374     
   200516.44621230222     
   200439.92346770506     
   200303.41525369114     
   200262.64329464879     
   200303.54648667335     
   200354.86083403157     
   200347.04714377661     
   200380.00943775341     
   200533.06047487291     
   200509.52495937658     
   200504.36625228240     
   200401.49199762623     
   200383.95998021046     
   200400.03789113046     
   200417.15104061228     
   200330.43703690765     
   200306.04143390371     
   200329.94750004710     
   200290.65298616877     
   200466.09577097016     
   200557.36375078952     
   200622.38623801831     
   200643.90089797979     
   200643.09982556204     
   200557.00756379706     
   200567.12049994388     
   200577.04644014730     
   200499.42075528423     
   200399.61070186013     
   200432.06117832926     
   200366.97120553942     
   200301.56948390219     
   200216.31142077892     
   200303.97747450307     
   200324.91468260184     
   200358.10091751139     
   200389.19911058067     
   200328.85787640008     
   200234.56606678871     
   200307.13804009935     
   200296.11572120967     
   200339.90369078558     
   200355.61483479809     
   200332.30812803283     
   200296.04611455667     
   200285.01781219884     
   200284.73597965643     
   200346.54504359217     
   200306.52606892158     
   200248.24012479998     
   200146.19613802675     
   200008.11991409978     
   200027.85861979183     
   200058.06126609130     
   200070.92706865878     
   200014.89140959777     
   200063.19231534452     
   200150.27678080709     
   200115.66818196716     
   200051.12344954174     
   200013.32390712301     
   200091.06525391550     
   200140.45937453178     
   200207.31283556027     
   200124.39435904517     
   200081.57755879755     
   200008.98107304887     
   200072.67220991722     
   199992.77910397344     
   200006.98556040035     
   200010.93536927944     
   200085.19296886507     
   200098.47291498774     
   200066.65058696031     
   200053.52834576945     
   200110.90585898687     
   200127.74965742856     
   200121.22966969945     
   200131.76784345091     
   200125.81591960171     
   200055.97728977277     
   200093.73161812997     
   200088.62066186924     
   200018.50544164036     
   200056.72012926001     
   200021.45879908543     
   199958.10401040129     
   200008.28331836817     
   200008.78227047605     
   199948.11107609444     
   199917.48495492211     
   199896.41769426869     
   199856.53770456708     
   199812.76260421210     
   199873.55851202217     
   199768.79296309335     
   199823.77337593830     
   199885.45657382318     
   199832.56392858102     
   199836.19448042559     
   199885.98927627655     
   199796.69968653299     
   199789.68223034980     
   199794.17857146665     
   199733.96490284413     
   199698.65467595434     
   199794.98687539139     
   199904.51816245154     
   200010.76353262091     
   200046.36091376233     
   200022.92076621842     
   199990.90658927892     
   200011.46600558262     
   199951.24160068142     
   199984.82010244421     
   199979.49425515928     
   200011.68575734351     
   199855.21478656743     
   199910.53718226496     
   199854.65229988736     
   199868.54986467413     
   199936.03441868955     
   199855.25222750733     
   199918.93029770520     
   199860.37534935621     
   199843.12983297626     
   199865.21269133131     
   199810.05194230599     
   199768.96999065683     
   199738.79729764722     
   199738.33461813579     
   199893.06602849302     
   199906.53376458504     
   199942.15983097148     
   199898.79854323904     
   199950.94373095871     
   199953.68202102056     
   199843.01993691706     
   199851.91867466454     
   199799.10199788539     
   199684.64019609903     
   199662.26084895033     
   199700.55959966572     
   199646.04072528155     
   199673.05910844853     
   199661.42556283018     
   199578.61005437700     
   199705.15978935550     
   199671.16706822306     
   199637.95228348291     
   199637.21354434089     
   199524.19965426309     
   199592.38036081099     
   199595.38376823798     
   199524.74116645716     
   199497.16962426173     
   199513.14776866182     
   199461.72683202632     
   199444.15902535035     
   199409.34238044199     
   199446.86587897385     
   199382.96349074593     
   199422.18069368709     
   199317.87073201363     
   199345.27636670478     
   199391.42016683042     
   199422.91164611815     
   199400.74767522677     
   199362.13878995180     
   199388.11017590933     
   199388.11017590933     
   199356.36380123693     
   199376.37819417968     
   199376.61848128118     
   199377.90765865135     
   199378.17378886955     
   199378.10967446654     
   199378.10967446654     
   199418.62302686399     
   199544.28509869467     
   199543.77468587278     
   199490.93524725971     
   199484.31146654286     
   199422.82281873602     
   199407.80669135574     
   199451.54029444192     
   199439.46361355681     
   199456.17347352958     
   199277.10677448506     
   199265.98938359346     
   199184.50092819586     
   199407.07477729756     
   199319.33738069536     
   199350.99125809156     
   199305.06687106538     
   199393.03336789436     
   199335.73069092911     
   199375.30092667512     
   199395.72960522218     
   199408.94114188079     
   199338.08622709068     
   199312.63123454078     
   199388.83527813313     
   199354.89870612533     
   199384.60007218688     
   199339.90511032549     
   199433.10894579007     
   199341.98003584542     
   199355.26184651227     
   199342.78798969451     
   199271.62263876939     
   199257.01655405122     
   199231.79006162300     
   199218.27687000466     
   199158.36073187119     
   199180.99276635956     
   199147.27891535449     
   199129.11800080197     
   199056.43684060124     
   199045.32383177523     
   199011.70120189374     
   199109.04052875654     
   198995.37700015941     
   198951.69871416819     
   198858.22365748623     
   198889.88935996967     
   198920.71085610613     
   198904.56013910999     
   198886.62947723616     
   198858.00448684848     
   198900.55449328857     
   198900.97745032102     
   198856.12086593232     
   198934.27807328934     
   198898.39663039602     
   198906.23997242504     
   198823.10622965367     
   198881.08615052071     
   198901.92572831700     
   199024.56234422346     
   198978.90077482440     
   198983.72314944107     
   198996.25780219538     
   198991.44941392913     
   198944.28810864376     
   198860.26587758970     
   198846.35248711478     
   198832.95315770971     
   198809.25096087161     
   198803.29322254713     
   198748.96772884065     
   198805.07022416787     
   198756.68689504187     
   198603.10760873489     
   198550.17681308693     
   198576.72437078450     
   198596.94432636630     
   198662.53116664701     
   198571.85726415721     
   198618.78439838302     
   198577.75240025090     
   198682.00031641760     
   198664.69501503013     
   198759.62092604989     
   198793.66350410104     
   198738.15067347387     
   198769.20551153811     
   198700.80770015350     
   198654.62086891275     
   198671.54508189578     
   198682.79339948390     
   198668.59888808354     
   198631.99917697499     
   198619.95692908208     
   198555.20575652889     
   198573.47591759384     
   198504.01692981832     
   198536.82904212756     
   198519.53465077077     
   198611.03562529222     
   198480.84252191352     
   198414.11846336853     
   198410.93744708408     
   198467.93933502285     
   198488.50554874717     
   198459.19419130273     
   198384.66911584151     
   198381.10716913492     
   198449.67521953734     
   198431.06463418098     
   198448.73380552640     
   198497.50615984687     
   198510.19894930575     
   198455.71623894037     
   198461.08781684554     
   198403.56110123062     
   198407.95441115840     
   198428.98310066143     
   198358.01856315692     
   198425.89674182134     
   198426.07789703421     
   198495.82197369862     
   198569.07572397415     
   198508.41356402118     
   198433.63186729484     
   198402.40546265893     
   198405.36520732395     
   198346.01055611789     
   198390.95820841595     
   198361.32488496948     
   198373.69874973368     
   198367.08431864125     
   198424.19086474582     
   198421.36294445474     
   198397.99301271903     
   198505.87332449239     
   198510.07292023001     
   198474.52340787739     
   198344.87964891578     
   198302.17809688766     
   198382.22428757968     
   198440.78998126171     
   198407.96882491495     
   198379.80670840052     
   198433.68435265330     
   198452.38619041597     
   198499.96006306182     
   198415.31788183664     
   198383.74902574890     
   198476.82729652434     
   198529.28439262023     
   198561.68404526269     
   198600.75891727657     
   198486.57907798333     
   198529.31985563674     
   198563.90115691756     
   198560.71885152016     
   198544.54651776844     
   198503.03833379326     
   198571.26217324764     
   198471.53588488267     
   198465.41223803986     
   198421.93250162294     
   198475.65110968542     
   198462.74285606010     
   198405.46460239717     
   198225.31083161774     
   198196.71678431530     
   198224.51077834328     
   198260.67241929987     
   198232.65166731912     
   198231.04625468588     
   198239.27393031164     
   198232.15655245457     
   198189.63708231979     
   198191.67807908208     
   198233.24118227081     
   198174.34148434157     
   198094.96396917093     
   198120.27190565455     
   197990.60782038205     
   197978.23360854553     
   197994.60562536441     
   198008.21271224564     
   198011.73585158438     
   197994.04612723205     
   198016.26750566383     
   198066.51688101096     
   197967.82920790420     
   197985.45537015219     
   198047.77516614017     
   197936.51907272666     
   197978.84056450633     
   198038.79726965021     
   197880.36460778670     
   197911.12482214469     
   197918.06697673901     
   197836.81707059790     
   197737.67524802141     
   197692.19975880798     
   197671.35028984948     
   197776.07801752252     
   197939.80489233311     
   198016.48930821451     
   197951.00685779541     
   197945.15117627714     
   197919.27110297841     
   197910.94105202099     
   197868.88122801643     
   197835.96962195431     
   197891.74333510557     
   197919.71011068445     
   197899.83014220945     
   197850.10910715294     
   197855.87810075528     
   197978.69853201837     
   197976.53984819420     
   197978.89179240004     
   197932.52341092180     
   198015.09007506873     
   197949.60750578326     
   197918.33071870159     
   197924.67652677925     
   197974.89991873587     
   197954.84174847076     
   197866.73956454243     
   197956.13527058097     
   197986.36171774834     
   198025.62786702265     
   197926.32730252013     
   197939.92975333301     
   197905.30605602922     
   198005.23316700128     
   197877.81835705327     
   197931.27552472780     
   197897.59140051177     
   197837.61381054181     
   197810.12048655841     
   197838.80711720110     
   197834.17937301495     
   197921.49263198985     
   197898.81519594460     
   197909.71688164497     
   197907.14519757932     
   197931.74827446454     
   197932.54209541407     
   197991.99490408343     
   197951.97515947034     
   197934.36981614624     
   197886.64939869416     
   197849.67019020888     
   197844.03700595224     
   197981.14943010689     
   198065.48441491375     
   197996.07028571749     
   197946.16412739619     
   197940.83732466851     
   197878.03467650898     
   197791.47934687001     
   197737.72625605814     
   197695.86910227899     
   197699.44815810517     
   197765.00882896309     
   197707.33499205520     
   197745.18838438235     
   197697.96711848231     
   197698.61361700480     
   197611.83870847386     
   197602.02297899773     
   197583.04768042432     
   197531.43379467190     
   197595.31393805341     
   197715.00513734596     
   197608.10682089991     
   197575.57936023723     
   197672.37781437644     
   197694.45218584081     
   197652.24437129646     
   197607.47307413421     
   197721.45990271666     
   197766.02864899815     
   197725.23154471215     
   197676.06611084667     
   197659.17814493726     
   197649.87297765730     
   197602.23879710544     
   197613.09660663392     
   197555.56778607628     
   197534.68154407298     
   197574.96482003195     
   197603.74026582410     
   197646.46199044713     
   197586.34775270999     
   197612.81786870409     
   197609.45137982772     
   197581.18885789550     
   197677.75588600515     
   197649.90663858911     
   197637.72360111627     
   197555.62145029707     
   197522.72341831072     
   197577.99356380373     
   197512.79937787319     
   197467.51990519420     
   197429.13852671499     
   197368.54496965819     
   197529.46133186662     
   197511.73567721574     
   197464.74583419156     
   197429.73508823008     
   197451.31672995666     
   197443.48181833036     
   197395.80181144952     
   197412.51167636999     
   197452.24206287658     
   197318.68511218813     
   197296.86520200694     
   197286.26707680500     
   197315.44573920028     
   197308.21767902409     
   197268.31460580617     
   197248.26200581479     
   197258.01538745139     
   197265.19132766715     
   197218.94517893004     
   197289.08326471507     
   197316.64076099265     
   197438.06714441706     
   197529.99959888365     
   197466.83500741023     
   197453.32173286006     
   197448.04083748872     
   197397.19817175288     
   197357.77379492982     
   197359.99111393167     
   197462.47628757951     
   197433.91901951228     
   197459.22345649102     
   197491.83794947044     
   197532.93864783525     
   197479.67159658298     
   197490.83636724920     
   197511.85185811948     
   197538.20468613502     
   197515.95594502488     
   197481.38672973134     
   197414.62189299308     
   197418.84910277283     
   197309.31664656108     
   197543.67120951525     
   197545.00989647041     
   197425.01362715481     
   197535.21727778390     
   197439.63076474686     
   197496.76505263126     
   197474.23736985301     
   197545.57872445177     
   197471.82613154480     
   197528.40111557188     
   197505.86642165686     
   197514.72365681452     
   197370.39941682952     
   197414.86030825551     
   197423.78976805045     
   197421.29461776221     
   197385.59808264571     
   197427.21537345444     
   197423.82399233946     
   197304.60478418967     
   197336.41264958389     
   197404.51005455351     
   197411.52266312751     
   197386.21846300617     
   197351.82022825329     
   197348.04612962290     
   197368.06145858893     
   197343.55720463517     
   197363.83789977949     
   197356.52604293247     
   197398.97183768993     
   197293.72071357246     
   197370.22041676054     
   197296.86562072343     
   197198.56400443381     
   197238.36116544984     
   197236.71349511709     
   197347.57075153320     
   197366.29559406458     
   197469.94815915692     
   197534.92778126677     
   197463.26297620786     
   197385.49166809081     
   197403.13869519770     
   197449.61037819140     
   197366.27922410183     
   197470.43477282999     
   197428.90438786263     
   197423.15857224635     
   197474.17446339838     
   197446.04374429642     
   197491.26542114365     
   197535.86261805857     
   197453.55132237583     
   197386.82479399178     
   197453.20284660388     
   197421.95486757305     
   197357.68280111306     
   197461.75659142807     
   197488.75661239226     
   197520.77954640493     
   197475.21846546466     
   197407.30850735918     
   197459.49905668586     
   197366.56013074267     
   197325.81222464095     
   197337.55251293865     
   197315.86986092303     
   197248.69135049946     
   197296.85003854657     
   197410.81282837430     
   197257.88859409708     
   197265.70426700253     
   197232.96745466496     
   197250.22572705947     
   197240.82566260055     
   197250.27993479479     
   197242.54223812729     
   197332.68394163367     
   197292.05830874585     
   197328.11958402445     
   197350.86920323313     
   197437.92158272004     
   197338.17175521192     
   197277.31551425727     
   197390.34779008632     
   197392.26302350854     
   197410.52114532740     
   197403.24535059492     
   197421.82238888167     
   197457.67387765102     
   197464.38186394633     
   197425.33019766625     
   197465.88187999895     
   197443.24303069187     
   197375.51394210139     
   197392.25111810525     
   197469.11147023877     
   197399.85594231947     
   197321.59493059380     
   197350.01658385489     
   197320.57021620113     
   197364.05734377826     
   197369.00944481778     
   197322.13442446315     
   197371.79128918724     
   197400.23906146782     
   197461.31652572728     
   197485.15475270708     
   197397.22444028367     
   197368.48738493337     
   197412.67485720987     
   197544.34673963010     
   197467.83568404528     
   197325.35886159033     
   197310.48379127227     
   197286.83668813133     
   197343.08083003055     
   197302.85084271862     
   197266.38310269639     
   197307.59728210923     
   197276.11897047871     
   197247.26370999904     
   197318.22122611114     
   197269.36438921496     
   197198.24067758187     
   197189.99450720768     
   197207.09016179509     
