   946799.33168285456     
   946801.69338687521     
   946853.18977822724     
   946834.97624538234     
   946756.29470589303     
   946693.75147829496     
   946806.79996523599     
   946850.10556870117     
   946703.41655329044     
   946714.06817643903     
   946730.88945462182     
   946574.73802401812     
   946603.70110967825     
   946612.39437025320     
   946609.36386595469     
   946689.36280334112     
   946787.83740696241     
   946822.06963490706     
   946720.34978178889     
   946632.54550416814     
   946569.29048138123     
   946609.28341929533     
   946628.16925848473     
   946599.51496521395     
   946486.07007056056     
   946517.20417681755     
   946484.72796868486     
   946406.90898580558     
   946437.32057205157     
   946383.02769142343     
   946400.18501188839     
   946411.88312008174     
   946384.73941924470     
   946348.44284936297     
   946382.42252115661     
   946459.39180192130     
   946485.75189660094     
   946408.61769756977     
   946461.59879065061     
   946456.31985128357     
   946461.71734976163     
   946492.75314486562     
   946373.03065043059     
   946344.15126435203     
   946426.18428355793     
   946412.48068340507     
   946286.60760760319     
   946295.21283315762     
   946227.51905138092     
   946325.09329839086     
   946269.13805736578     
   946251.44196780305     
   946244.97587064840     
   946311.49933378131     
   946358.64403018402     
   946387.69803282700     
   946353.35154776927     
   946325.59244839253     
   946266.72950172098     
   946267.70008209208     
   946350.19882345048     
   946312.04605659528     
   946266.91437788762     
   946165.66552493861     
   946110.51822196250     
   946094.06780492747     
   946085.30332931841     
   946088.87703696650     
   946130.80626321817     
   946163.37654783635     
   946264.25052706979     
   946251.51185821346     
   946183.54269053915     
   946166.73630013759     
   946103.93722313771     
   946061.58016664290     
   946036.40882389818     
   946098.27331827674     
   946057.97586462030     
   946099.12397401861     
   946100.40463081351     
   946073.77230028808     
   946057.23434293794     
   946043.61272283900     
   945906.78685767250     
   945897.46367702319     
   945929.04941129999     
   945894.66419035173     
   945868.09133950819     
   945849.05455998937     
   945747.73360282218     
   945847.23129893246     
   945736.13253206643     
   945782.08776612557     
   945769.50306101248     
   945725.57322699483     
   945694.75692809257     
   945710.38473597460     
   945675.31786577078     
   945635.80369939189     
   945722.38955206622     
   945712.28054349660     
   945648.42303470965     
   945681.47566526220     
   945774.62721260800     
   945753.34575804137     
   945757.36980035948     
   945848.82408230205     
   945816.98935491743     
   946000.87614596146     
   945904.22306961392     
   945943.41131848248     
   946007.13761630130     
   945985.26638879545     
   946050.58517681703     
   946039.57338846859     
   946008.99827101373     
   946119.01879563369     
   946171.89846224280     
   946117.46586836700     
   946100.10330016993     
   946078.49623093707     
   946070.30028596392     
   945983.53488198074     
   946057.15828610852     
   945980.67898045585     
   945887.51741336251     
   945907.45776927623     
   945837.24358325603     
   945807.27167130692     
   945875.57307944167     
   945770.84905740456     
   945900.26245997567     
   945834.95356814971     
   945876.06937270041     
   945900.09619913879     
   945853.58015960664     
   945790.89695937035     
   945648.18336411042     
   945562.71979190037     
   945601.33638527663     
   945653.65556179150     
   945678.18808911915     
   945687.90692360548     
   945677.80030042015     
   945695.42138503911     
   945574.50683435530     
   945575.83258559974     
   945597.10930923349     
   945574.73621489585     
   945496.41209755198     
   945540.65264662623     
   945569.45194747741     
   945584.97358215938     
   945494.21412174520     
   945495.32404092676     
   945397.93846912961     
   945405.92634766782     
   945433.70432549971     
   945415.03618897707     
   945440.46884438279     
   945394.37798975164     
   945331.26402069593     
   945351.74370350107     
   945418.30519812170     
   945391.01059064304     
   945412.53828927432     
   945467.89170832606     
   945474.82685177494     
   945314.43998511601     
   945404.70569941693     
   945360.26223263971     
   945267.83891493315     
   945289.32725941960     
   945271.29935502331     
   945290.15812579612     
   945256.08659750724     
   945259.69040125317     
   945320.48222757177     
   945238.88491816551     
   945330.85237256100     
   945305.14434362762     
   945335.86920125911     
   945490.05774551176     
   945305.95439864625     
   945304.37746772822     
   945376.71546342794     
   945329.75972460827     
   945248.26061699225     
   945351.25794332975     
   945236.09611460811     
   945212.30142228433     
   945189.74054654629     
   945052.81167377508     
   944915.52328188997     
   944885.65599467442     
   944923.49445003632     
   945070.06861338101     
   945069.29787919775     
   945144.26555263868     
   945087.78016870434     
   945109.01057442103     
   945073.71066876524     
   945098.62977264193     
   945045.15300165396     
   944999.98301642376     
   944984.40841631999     
   945049.03372772981     
   945039.65620373096     
   945163.85580472322     
   945109.92835937883     
   945125.04605467897     
   945179.86602991296     
   945095.29926378862     
   945137.92590960558     
   945181.72926086630     
   945117.31742022594     
   945019.28069818148     
   945102.06166931416     
   945131.12268755643     
   944963.04797685461     
   944953.68615417311     
   945020.56929256022     
   944940.26898763457     
   944900.66703146521     
   944865.38745128666     
   944750.54594690795     
   944764.74235620233     
   944849.90637742146     
   944939.52097538521     
   944787.32103245833     
   944787.42357603193     
   944771.40324861009     
   944708.68135793146     
   944781.44883496768     
   944803.62658652966     
   944737.78346312896     
   944897.62378046918     
   944875.79706317058     
   944863.00364269246     
   944731.70400293579     
   944745.44636629336     
   944644.64921847684     
   944680.25952819188     
   944732.23427880602     
   944722.07153506204     
   944822.09442089091     
   944794.88473160530     
   944796.62068192090     
   944777.72431250371     
   944722.43122484570     
   944668.97102951165     
   944636.02966834314     
   944666.06815270009     
   944629.90190364223     
   944612.27376477653     
   944657.33697226737     
   944581.03520987264     
   944580.35059400566     
   944580.30723469367     
   944601.75951101643     
   944555.48278186063     
   944503.97201129235     
   944534.38752148196     
   944548.47068003402     
   944481.76436322974     
   944618.83020966523     
   944581.58993767609     
   944447.51836723927     
   944514.47608528251     
   944510.06826669001     
   944616.00819118088     
   944636.53623031324     
   944596.01414061000     
   944688.35812881670     
   944612.69640950672     
   944571.65872349252     
   944555.75362141337     
   944385.11637764529     
   944372.93927045504     
   944482.14687594434     
   944495.74821928598     
   944535.87611718534     
   944583.50411835767     
   944689.57953892229     
   944722.81891430845     
   944657.40197081829     
   944655.05101286527     
   944571.77331939456     
   944589.85278104828     
   944521.54608593823     
   944474.74522476713     
   944464.18911434093     
   944363.33743912668     
   944465.72213051154     
   944442.31057731598     
   944415.23718544410     
   944428.54838592338     
   944512.77113217511     
   944541.20016881824     
   944417.45097124786     
   944428.27452024771     
   944424.07936842984     
   944440.02059198823     
   944463.50560681813     
   944443.26138464944     
   944382.15525234770     
   944466.11960686638     
   944457.58186477178     
   944478.48084866372     
   944456.09399340220     
   944459.28170627437     
   944508.86245889973     
   944446.77540819277     
   944342.11003681133     
   944431.95785596326     
   944368.00675560185     
   944334.65602533228     
   944351.49522557890     
   944392.28165410447     
   944300.95753602707     
   944363.12780009990     
   944260.86418078770     
   944206.51357662585     
   944271.89751658426     
   944290.28878796392     
   944176.11731848412     
   944069.38660225971     
   944019.87427716644     
   944035.34040521109     
   944077.53844665387     
   944047.09765874909     
   944073.84845257935     
   944101.09401345742     
   944102.27548031346     
   944116.33516098955     
   944137.04907304177     
   944105.97134533140     
   944019.10184749984     
   943934.46060630505     
   943866.59413745045     
   943814.47648242442     
   943826.24666684517     
   943854.58750838123     
   943848.16389510967     
   943871.15209715196     
   943881.88242810825     
   943980.75431908062     
   944034.23652913782     
   943952.95615403750     
   943942.73904773791     
   943875.04906801949     
   943938.95284729626     
   943821.27019586111     
   943863.82441868493     
   943828.91256528790     
   943865.48245231493     
   943853.71060989669     
   943795.56182678940     
   943730.38929526007     
   943714.83678914083     
   943635.31155239884     
   943680.09917987545     
   943684.82278461289     
   943665.57882829430     
   943642.97925444506     
   943638.55045887281     
   943593.20051020291     
   943647.68610933411     
   943562.57545615919     
   943701.23092718015     
   943742.24618369271     
   943772.17802721611     
   943857.34851256362     
   943818.19243747473     
   943792.38331772480     
   943774.99113893753     
   943708.64257829462     
   943649.59343751555     
   943657.13401523838     
   943655.66113679972     
   943536.74810060987     
   943555.53311462840     
   943583.21891625621     
   943628.78790539852     
   943758.39555341878     
   943711.81457188912     
   943683.13446026715     
   943652.12548499927     
   943633.29506120633     
   943559.64412100508     
   943571.71717515599     
   943487.30209063902     
   943524.26316893741     
   943520.73574393324     
   943479.49882461410     
   943481.16121700674     
   943293.98995050637     
   943353.94183310901     
   943333.86015716847     
   943301.67293061677     
   943347.50113620085     
   943315.31772731035     
   943321.50650158827     
   943133.79184776824     
   943187.27647601103     
   943112.89150737668     
   943052.80666099675     
   943045.16391669423     
   943007.90805960738     
   943074.17922425084     
   942981.90651409677     
   942903.27991809824     
   942953.40181375784     
   942945.94912162307     
   942859.31524066825     
   942871.02536950854     
   942749.96557815454     
   942823.70617717481     
   942816.74863874889     
   942889.07575041382     
   942891.51476648520     
   942781.94709982944     
   942883.35399446124     
   942967.52287417254     
   942967.76896276826     
   942868.66350812546     
   942873.18797765358     
   942827.94447500177     
   942845.02177007333     
   942873.94064105209     
   942947.48270682094     
   942875.38596570201     
   942772.26535524568     
   942797.46266471152     
   942774.44271704089     
   942678.11654601130     
   942672.48934638139     
   942782.39516691689     
   942717.86835810461     
   942766.61522030446     
   942798.50967436482     
   942729.24522249331     
   942791.47984900931     
   942685.21119650628     
   942698.09973825398     
   942631.63197220373     
   942567.38694386010     
   942507.88875199074     
   942582.51552008605     
   942586.54249335069     
   942529.46548652137     
   942561.74544563750     
   942536.84468590922     
   942477.17545548559     
   942461.84116176725     
   942365.88705332531     
   942345.55889180175     
   942400.64309721556     
   942392.79104977124     
   942401.44337076601     
   942310.24950285722     
   942433.07968334260     
   942388.36221105885     
   942424.77406788245     
   942327.39858119236     
   942278.26485493616     
   942215.90675801318     
   942301.14774138143     
   942225.56501061737     
   942207.94171373406     
   942365.70295072265     
   942372.11507990817     
   942385.35032936663     
   942450.36283040303     
   942483.78138421837     
   942406.61747178412     
   942383.09737800865     
   942276.54550213774     
   942231.32888903422     
   942246.97703351092     
   942232.31292741839     
   942305.48816841480     
   942354.28807291936     
   942279.58787134208     
   942315.62337180425     
   942371.69729291869     
   942354.82096348424     
   942492.42052045371     
   942515.03971934179     
   942451.37642638502     
   942451.33246439463     
   942470.57193795464     
   942479.46821533481     
   942342.23355250421     
   942273.75521778048     
   942307.63343575073     
   942301.96411351301     
   942245.56550518959     
   942270.63933819206     
   942273.37868792994     
   942311.79600386845     
   942320.52934945503     
   942277.56097233528     
   942355.62994577677     
   942404.66069951933     
   942433.49457833706     
   942419.23711011070     
   942408.52860494726     
   942345.13495111780     
   942464.29041670763     
   942406.52086979232     
   942367.62401581486     
   942459.10857148631     
   942462.91816301097     
   942395.28846570954     
   942386.60224685306     
   942312.81489095849     
   942349.16263598367     
   942408.86722688633     
   942406.23893665825     
   942401.39557873039     
   942383.45512379799     
   942413.46391352639     
   942394.32707561075     
   942342.22540580598     
   942384.88437635719     
   942347.00121784338     
   942509.27459178364     
   942419.28393961303     
   942266.28992987971     
   942214.10767103895     
   942193.53028059192     
   942174.92083504074     
   942146.73327751562     
   942169.70167730784     
   942111.66215546045     
   942049.99445574812     
   942032.04808846873     
   942164.97681626223     
   942156.00406174816     
   942041.12573711970     
   941988.58777449199     
   941988.02696665796     
   941924.08669191832     
   941935.10078350652     
   941945.55162224930     
   941946.53232290305     
   941973.73557753116     
   941913.44809362129     
   941841.62332716049     
   941830.73872590938     
   941901.08204133878     
   941783.07691281894     
   941787.39742612722     
   941787.35222067230     
   941784.20918245090     
   941614.07284438075     
   941536.56136162241     
   941541.72480557521     
   941520.08649327827     
   941599.81155143585     
   941627.08417882596     
   941694.66932011244     
   941755.42712877458     
   941748.58427561773     
   941691.91404400906     
   941643.07104740979     
   941517.41494855890     
   941686.95683032949     
   941705.36564575264     
   941705.22674193303     
   941616.98292409594     
   941608.13708422938     
   941600.60568885587     
   941531.03919327841     
   941502.19989297190     
   941505.43746232381     
   941588.84861035773     
   941498.21081340674     
   941527.33700255235     
   941453.92838587600     
   941466.81511682656     
   941419.13182019291     
   941465.44761561160     
   941429.22303547163     
   941469.58276882372     
   941456.91429246636     
   941417.08781637135     
   941417.07977958547     
   941430.77749318443     
   941504.56036548398     
   941472.31521350506     
   941384.04759720387     
   941466.98267682875     
   941480.04933924647     
   941378.71099654376     
   941375.38926994323     
   941309.42345417221     
   941233.44089502294     
   941314.79334900505     
   941169.67037123116     
   941192.92391480762     
   941238.36832912557     
   941264.76062018855     
   941206.45958447445     
   941037.42841693072     
   941088.37257904839     
   941139.40007428965     
   941173.85175593477     
   941159.89725981071     
   941191.92320070206     
   941118.70439709909     
   941158.77672759036     
   941083.37494392705     
   941106.03295421379     
   941076.48577933258     
   941010.51417622250     
   940990.52917606744     
   940960.87552074855     
   940886.08718283882     
   940873.58073786669     
   940865.24080082483     
   940889.45093586959     
   940843.33970081073     
   940911.98247147945     
   940820.98583897471     
   940876.88462671090     
   940921.96412127884     
   940891.74356053653     
   940947.70278506097     
   940970.49202848587     
   940985.69312853378     
   940929.79920304986     
   940985.50037111773     
   940980.46758869151     
   941009.41794964322     
   940922.69487518340     
   940960.46949178888     
   940960.52003140852     
   940889.65042543353     
   940836.40295827773     
   940861.72272185097     
   940888.44912788004     
   940913.03025903157     
   940821.11875925621     
   940753.96538298298     
   940709.87877337669     
   940721.97494403180     
   940741.48463985638     
   940707.50140805810     
   940675.08653676964     
   940697.99474848167     
   940755.32584445330     
   940649.92119197664     
   940665.88200211746     
   940641.55797086016     
   940586.83900111984     
   940651.36912424886     
   940698.68242861435     
   940727.25654469687     
   940714.67339138046     
   940646.97938813153     
   940619.59522295720     
   940632.59140130761     
   940702.40562694205     
   940683.19859403523     
   940679.77691230981     
   940636.57872549957     
   940583.64167267806     
   940642.03743567341     
   940743.67639574327     
   940789.42886207788     
   940821.34998745401     
   940745.49900252896     
   940626.62754584639     
   940616.09576844564     
   940687.30857653683     
   940624.24227776809     
   940505.59036595270     
   940551.26638281427     
   940477.63035901531     
   940478.96293955750     
   940525.09313363861     
   940549.86236831278     
   940543.16570944339     
   940537.26438486436     
   940563.41946448642     
   940602.96275776124     
   940624.58834019257     
   940624.95178772614     
   940646.55424009240     
   940653.26387359609     
   940722.33784659370     
   940740.52164330962     
   940687.83959228476     
   940669.71381876711     
   940663.08623008593     
   940505.54284916783     
   940565.82818598149     
   940443.55709832674     
   940564.90460335067     
   940707.86051992897     
   940756.86813693703     
   940736.85869297420     
   940783.92846276448     
   940833.01514970337     
   940641.95000715845     
   940709.71180975158     
   940627.86487991631     
   940570.80823647976     
   940513.67250373168     
   940562.27599663218     
   940631.05476266518     
   940667.03160168324     
   940640.58781424107     
   940623.85976171435     
   940562.32330879732     
   940516.91801136767     
   940581.58093889826     
   940633.43121726718     
   940634.47159943136     
   940597.76099028578     
   940552.46350511140     
   940464.59583772195     
   940437.26700563100     
   940421.65616675816     
   940306.25379778631     
   940301.37797484943     
   940335.26306611043     
   940343.98810253199     
   940437.28358551767     
   940434.81859581848     
   940437.66679533035     
   940418.10811252962     
   940397.14556732436     
   940413.62827166275     
   940414.17429482308     
   940482.03395262442     
   940494.95606322133     
   940551.39272870636     
   940524.07412291481     
   940536.21711709327     
   940403.83848251915     
   940397.21927957528     
   940440.20143740275     
   940547.34996800160     
   940465.80190356961     
   940505.17331399198     
   940465.02466682752     
   940387.21712420858     
   940320.30883394205     
   940334.15663917211     
   940352.20145919418     
   940401.30686921231     
   940377.85165630386     
   940372.82095620583     
   940291.95108075300     
   940366.23552525986     
   940452.18807010318     
   940400.76117739826     
   940375.95130590326     
   940357.84073900199     
   940307.22178824921     
   940278.86229646823     
   940308.13357419404     
   940251.48327054374     
   940381.19029533851     
   940390.09929306607     
   940333.71936690365     
   940318.12813876499     
   940396.07316048699     
   940394.52331781737     
   940272.80467348127     
   940178.72458900849     
   940235.52766447002     
   940258.90342455334     
   940118.60042205837     
   940086.13447194383     
   940141.08886364778     
   940098.70217217586     
   940062.55823441711     
   940035.18573899718     
   940026.95908737858     
   940102.89801042201     
   939985.27688282914     
   940010.10624738305     
   940028.70225450350     
   939985.70109170536     
   940134.87769254902     
   939928.48683463875     
   939850.72223875229     
   939757.19146587152     
   939773.08967088640     
   939884.59372493322     
   939786.04946282308     
   939807.21984335594     
   939778.97192989546     
   939811.95505938644     
   939789.94626165146     
   939641.20831464254     
   939673.17850858311     
   939664.11742405198     
   939680.57232477888     
   939697.75501660327     
   939743.92486496142     
   939762.69124238379     
   939799.19211272581     
   939671.88962049678     
   939649.17647519475     
   939512.69991831377     
   939477.00331297249     
   939494.05830361473     
   939639.55629652215     
   939458.70409204031     
   939465.67760091485     
   939521.60613475309     
   939501.39494724851     
   939460.05784054799     
   939500.43017417716     
   939498.86998594750     
   939586.90058515908     
   939648.47686129576     
   939639.40596318780     
   939677.97194487799     
   939652.85937684122     
   939699.75077217433     
   939686.11058789387     
   939675.59043799364     
   939665.23521892587     
   939622.53982113930     
   939615.81539509911     
   939523.63432001439     
   939528.38195618906     
   939525.23983500805     
   939583.68647470663     
   939593.77636567235     
   939605.87359806849     
   939700.77343986079     
   939681.39673334383     
   939678.45068026427     
   939688.94414103171     
   939600.52350561251     
   939602.76497009303     
   939591.88454659784     
   939549.11437523842     
   939553.33769364830     
   939440.91642538132     
