   211035.62358109205     
   211035.62358109205     
   210991.70749790061     
   210908.31442083500     
   210941.57881858177     
   210888.11968405661     
   210862.96444794044     
   210897.58917296276     
   210857.68725482380     
   210868.58215087242     
   210794.35172226207     
   210817.70063653967     
   210842.90034875201     
   210753.44574267659     
   210742.13524876410     
   210743.85527788661     
   210761.06132430024     
   210682.98332088368     
   210615.60956521230     
   210632.60284379090     
   210630.07886940512     
   210646.91663716995     
   210656.55730129042     
   210738.46600842994     
   210598.48139817300     
   210625.20648428373     
   210626.98368048025     
   210550.78885332969     
   210561.98362057511     
   210646.19480142783     
   210566.67341883967     
   210534.38767079281     
   210407.37653449143     
   210346.35763941327     
   210387.33357651706     
   210436.61049082881     
   210405.66300779718     
   210360.31990703533     
   210399.09817150794     
   210341.12409212961     
   210437.22788528213     
   210446.99455939431     
   210486.85268522520     
   210433.50264831772     
   210352.29731402034     
   210327.46592119645     
   210380.73270290814     
   210355.75722619018     
   210332.02790345362     
   210271.11040186236     
   210201.97717111837     
   210180.13134681043     
   210119.35298187434     
   210081.08197124998     
   209929.27629904004     
   209911.03335096882     
   210015.28483084706     
   210014.56201921130     
   210020.33413212799     
   210043.82201702570     
   210017.47753917778     
   210000.52081813558     
   209975.02583912705     
   209995.35405626608     
   209979.31747253175     
   209852.84222081548     
   209974.54689750791     
   210000.77912560492     
   209948.64111804747     
   209901.77567959600     
   209979.77874719538     
   210042.90520881722     
   209982.16840778143     
   209923.49719871831     
   209893.22814733535     
   209848.72985981783     
   209795.08816514289     
   209770.65527265333     
   209699.10618059582     
   209684.26751409049     
   209756.11480445394     
   209718.57288449703     
   209704.77939734200     
   209704.23175810406     
   209755.64604735654     
   209825.53135968250     
   209797.00650550280     
   209831.08879849408     
   209773.23902266458     
   209791.45403132416     
   209796.46194730527     
   209809.42174501493     
   209699.70715220072     
   209665.17741118057     
   209632.16888907121     
   209477.14505996695     
   209510.09216421633     
   209499.87925092937     
   209510.18410256988     
   209487.52975056166     
   209529.90214075858     
   209547.90443529884     
   209524.12092586618     
   209437.16331346834     
   209456.05893196672     
   209477.05812696010     
   209468.73204415533     
   209571.19693356330     
   209520.04487913364     
   209386.79689799037     
   209298.77091166127     
   209285.50923948109     
   209217.47702117058     
   209255.00028613457     
   209215.22721600815     
   209154.32298637240     
   209068.30696748977     
   209114.10851079589     
   209115.83592506702     
   209193.39509910389     
   209290.05764050499     
   209245.53031264356     
   209225.71567710661     
   209231.36507742971     
   209284.21817868826     
   209310.84711332849     
   209304.95553107097     
   209186.84515608955     
   209255.98723550997     
   209058.33846306175     
   209029.14425318397     
   209030.79364392615     
   209064.64154137403     
   209026.05981511032     
   208992.27931619811     
   209044.89635472212     
   209027.69574788140     
   209027.16685759084     
   209069.57307060357     
   209103.93341024884     
   209088.71349769813     
   209157.21125671969     
   209158.26014902742     
   209154.22123848076     
   209065.86752943977     
   209084.48664747609     
   208962.50181762004     
   209066.26065038628     
   209003.66894227758     
   208949.63413194590     
   208974.89757025949     
   208906.61791142033     
   208999.26738384273     
   208960.13439685552     
   208903.99321073026     
   208904.43961092591     
   208813.95639835691     
   208805.97261088379     
   208818.15783752737     
   208820.50443045591     
   208745.98210297403     
   208756.33041175111     
   208831.32530486575     
   208850.60657354497     
   208815.53681258904     
   208844.90059214225     
   208824.83576228848     
   208797.84591842274     
   208801.32515342662     
   208772.43019584051     
   208786.08858449303     
   208734.46725009280     
   208701.47593715656     
   208837.64950204574     
   208776.09345754469     
   208696.16920684022     
   208680.06536611068     
   208697.90069772044     
   208702.40012096544     
   208791.07238826784     
   208690.04699676269     
   208771.60933081913     
   208842.24618111705     
   208699.36379357139     
   208706.44167759677     
   208683.45630156301     
   208719.12871567730     
   208715.16753750437     
   208692.13368833586     
   208690.72046729253     
   208700.14092513852     
   208780.88505335790     
   208906.34642842162     
   208965.89210465143     
   208949.78915676969     
   208839.69515916047     
   208780.94247704657     
   208835.89848643725     
   208770.77945893581     
   208747.48160711880     
   208743.84178308121     
   208665.06038707562     
   208687.49681290079     
   208749.24900177284     
   208786.54040243235     
   208724.51919120338     
   208855.27560070914     
   208766.70520180761     
   208682.08942095912     
   208681.26931509608     
   208557.75059053430     
   208481.48451454891     
   208524.99180232943     
   208507.07452605650     
   208457.78834131922     
   208415.80557526147     
   208425.39287694497     
   208266.42999421700     
   208258.08771611255     
   208262.59446581034     
   208336.44596088838     
   208214.52648221166     
   208323.67479329961     
   208316.23389007241     
   208260.83948605589     
   208366.07414293065     
   208251.98692819712     
   208262.33874788048     
   208184.01696545081     
   208156.54536826775     
   208264.21576454493     
   208171.93092382673     
   208244.98887058254     
   208318.15308925111     
   208357.35099829879     
   208266.47532836342     
   208291.92322831362     
   208268.19064074030     
   208241.49606503287     
   208287.16304815721     
   208248.65575033060     
   208252.92598927740     
   208223.67997567565     
   208270.47430896779     
   208244.94584860292     
   208218.04793881415     
   208148.69611507008     
   208030.44096963183     
   208068.77193322196     
   208134.12134895302     
   208086.70958533642     
   208035.27911323335     
   208024.75709738006     
   207974.52461962838     
   207961.73828290499     
   207958.77891441318     
   208131.67655733202     
   208048.95333325886     
   208026.80178423523     
   208006.72408992806     
   207937.59300999486     
   207983.27604116304     
   207949.93029897619     
   207984.99670441818     
   207951.24145830874     
   207961.41354776919     
   207946.69796494051     
   207910.58480735795     
   207770.64720141492     
   207631.75095597224     
   207665.87879627827     
   207613.10534596597     
   207653.61259517810     
   207680.64395810230     
   207718.57050637325     
   207709.87202249514     
   207760.59469330977     
   207722.87248933568     
   207699.96896849302     
   207661.30806057097     
   207616.78886184323     
   207578.69636485598     
   207599.22494964275     
   207549.90493138731     
   207542.03026444573     
   207512.13980754695     
   207591.50984668371     
   207629.16010422981     
   207556.82416385584     
   207480.17976700381     
   207451.58693328421     
   207467.26004909407     
   207414.46195893627     
   207305.31614573821     
   207358.24772219360     
   207433.92959126417     
   207440.88677238909     
   207327.68096634056     
   207392.01642925551     
   207387.16711038197     
   207353.54008645215     
   207507.48274979286     
   207347.81122183456     
   207324.72834290998     
   207425.88171833125     
   207430.51380811405     
   207420.22964716749     
   207456.31089030043     
   207396.13023894478     
   207348.40484858764     
   207418.91027890480     
   207429.52861050548     
   207506.53609147778     
   207573.03875758022     
   207526.87471056782     
   207508.47383416328     
   207482.50126010465     
   207481.39642859768     
   207472.95260586884     
   207433.68851930884     
   207494.35808105298     
   207505.79345578607     
   207499.33754594825     
   207512.10358186462     
   207571.05738585009     
   207563.06371988964     
   207482.13635324870     
   207427.88227048761     
   207434.40240461807     
   207380.25985592342     
   207338.91802862869     
   207391.11845317227     
   207373.56443065227     
   207360.90371845596     
   207407.13911127654     
   207406.38159226792     
   207424.63988964344     
   207422.49845169391     
   207435.00123008928     
   207361.22963745455     
   207220.83112642504     
   207186.25788432237     
   207076.67394678606     
   207093.53514118653     
   207145.84218026302     
   207169.53298801772     
   207176.47447333499     
   207165.04594328816     
   207112.19199160131     
   207128.75175499960     
   207018.18589831516     
   207023.35407013347     
   207111.09360957184     
   207147.12654385579     
   207182.02739367215     
   207244.56160589599     
   207146.55952291557     
   207154.82307883166     
   207157.02499729337     
   207088.37686779140     
   207120.44175674970     
   207108.47391995008     
   207061.87423856120     
   207117.17849968854     
   207064.26858245043     
   207082.52219719428     
   206956.55362088754     
   206990.71481771636     
   206998.20332525051     
   206940.96908846835     
   206911.26093645103     
   206873.23449470793     
   206888.70256664293     
   206864.15963541259     
   206821.93627218463     
   206855.38220132119     
   206839.78529950912     
   206852.46196212346     
   206978.21427348480     
   206900.05720759887     
   206990.19538565900     
   206966.50370496514     
   206969.67862093239     
   206992.76831805604     
   206854.12130255104     
   206843.44199471019     
   206850.75002382806     
   206892.01966488274     
   206908.91235634222     
   206914.63517948959     
   207077.17504019232     
   206971.24844255901     
   206913.62566423698     
   206999.60573823069     
   206965.34236570983     
   206902.53352763361     
   206989.14531139680     
   206888.08033514436     
   206955.39099253120     
   206989.63089060993     
   206948.52395072230     
   206927.51091243545     
   206842.22026843167     
   206817.63175788042     
   206819.39266738872     
   206851.52207511797     
   206818.98976055713     
   206829.42960200275     
   206721.25886682593     
   206748.89815789583     
   206722.85352965575     
   206645.28243321693     
   206604.31818800198     
   206677.92636039545     
   206593.21123164115     
   206625.26786786944     
   206679.83605696063     
   206566.60027966174     
   206497.96393136878     
   206542.17354120297     
   206543.21340977188     
   206527.14316307459     
   206510.47698853648     
   206569.53305680383     
   206621.20008005173     
   206728.00012964421     
   206664.82187575611     
   206636.43315455085     
   206620.85527121532     
   206802.77012300462     
   206652.87269951517     
   206624.26207502847     
   206582.82486724079     
   206556.83087086855     
   206617.41875704943     
   206554.12766922900     
   206556.42729698381     
   206482.21023932914     
   206554.13413965487     
   206530.04437651963     
   206540.10456966795     
   206524.67461852272     
   206519.55230001963     
   206523.28724398388     
   206623.91224913011     
   206651.47055046499     
   206633.95077096604     
   206601.08710664167     
   206553.02960182537     
   206599.51077889296     
   206423.00687691139     
   206407.22540249681     
   206410.49839644815     
   206356.70258040272     
   206282.65656482335     
   206263.64092098511     
   206209.18229025760     
   206345.06786798668     
   206308.98828002467     
   206409.78005153715     
   206304.24279357644     
   206246.34403961126     
   206297.28260948457     
   206404.64921559079     
   206347.25939273645     
   206414.91148775173     
   206315.38050086904     
   206260.49933695805     
   206356.01878080834     
   206306.42465319810     
   206361.50994676494     
   206274.00503289766     
   206344.27027133526     
   206295.48556123735     
   206282.57463751460     
   206305.67894794914     
   206271.18469969960     
   206411.60092739045     
   206312.64163565260     
   206350.81390886422     
   206328.35471041710     
   206355.01398350624     
   206375.17886222963     
   206299.46618190504     
   206206.06140887289     
   206198.55322875280     
   206086.83549302563     
   206137.76501869134     
   206104.96862802733     
   206222.44142915151     
   206251.67777620687     
   206242.28445189080     
   206170.87600804449     
   206060.66020189962     
   206059.84731178585     
   205971.46699816830     
   206039.74949914386     
   206065.28686140751     
   206084.55467842327     
   206123.93614927825     
   206062.28707466114     
   206107.74748687935     
   206141.28242231644     
   206180.04092201771     
   206035.47420121820     
   206083.93971981827     
   206047.14678350085     
   206112.56813308672     
   206105.53542956820     
   205965.00026570953     
   206080.27335108264     
   205994.91227985051     
   205924.49548281415     
   205955.08446482560     
   205973.53215647989     
   205994.36589327129     
   205920.22839401572     
   205931.04287506727     
   205940.19656216376     
   206003.68395362623     
   206030.66350831607     
   206092.99833372358     
   206059.87986273435     
   206140.94134157311     
   206136.29783869672     
   206171.62604815618     
   206103.49062574049     
   206118.70479280117     
   206085.21099487427     
   206092.01964365543     
   206201.12115721384     
   206164.33621723799     
   206116.27592822316     
   206198.11219849440     
   206183.62444294573     
   206146.31941895769     
   206120.44960358390     
   206088.49449442740     
   206103.18873673162     
   206032.35017993159     
   205996.45985415479     
   206195.38355059610     
   206302.20929327561     
   206318.66599954668     
   206298.64347616656     
   206158.92527058625     
   206265.67212520126     
   206331.19652634644     
   206313.05479123691     
   206377.62657963802     
   206360.69699542841     
   206363.46382121410     
   206354.82276427079     
   206423.77199269252     
   206371.38794193513     
   206310.06529473525     
   206311.26918236967     
   206273.11084189496     
   206326.56947921100     
   206294.22126622515     
   206327.92591278869     
   206354.28330168079     
   206367.00518633059     
   206334.33068880060     
   206306.29890558866     
   206195.19400336355     
   206257.35508424835     
   206300.20411743521     
   206348.55523507253     
   206363.99326395683     
   206275.98844772379     
   206146.32642764362     
   206134.33716939829     
   206141.73935053268     
   206146.86525085039     
   206143.39472421104     
   206111.15684684276     
   206112.54345477666     
   206084.99084558088     
   206065.64185637890     
   206270.92643865896     
   206345.89620035468     
   206244.82271921673     
   206185.50027628691     
   206258.17785087976     
   206276.11012838266     
   206193.93534275546     
   206165.36078897229     
   206054.79268807781     
   206099.48602829996     
   206170.96162835232     
   206084.51664560981     
   206087.35766092647     
   206176.82038028445     
   206080.79890913132     
   206146.45838418207     
   206128.67637025210     
   206211.74735997146     
   206042.88075916914     
   205934.11185483568     
   205923.83130737967     
   206021.11151061466     
   205969.18377576626     
   205915.80662158990     
   205947.96359730637     
   205980.38163727414     
   205989.06578897554     
   206050.61104774813     
   206035.98374567804     
   206093.09841134879     
   206181.21137586515     
   206057.81191826146     
   206053.36735094924     
   205921.19371541686     
   205946.04601094665     
   206036.70523388943     
   206027.55046719717     
   205900.21285713144     
   205902.95783896575     
   205891.05091677848     
   205775.92236731085     
   205764.16434469467     
   205806.76870606450     
   205761.15825985512     
   205809.28618540915     
   205786.98504409383     
   205887.05167424947     
   205887.40138229515     
   205894.02392425426     
   205917.85081895618     
   205810.76456971912     
   205830.64166758009     
   205820.95458747607     
   205778.41803051249     
   205736.46065540379     
   205683.71048331089     
   205637.53788633019     
   205722.94265928562     
   205550.63462413842     
   205566.71009691208     
   205546.22710840110     
   205459.81869421329     
   205512.17844194724     
   205553.60691839707     
   205658.75822500527     
   205599.76583790936     
   205574.58013824382     
   205539.04479610117     
   205556.50656962435     
   205578.70068969604     
   205446.37350763381     
   205483.72869127872     
   205429.70732132945     
   205551.48004085434     
   205506.18217987072     
   205500.95065667405     
   205419.88119419204     
   205473.79590661972     
   205550.41002083480     
   205628.43055900402     
   205640.87382314709     
   205589.78771462035     
   205437.28413838983     
   205329.20059384065     
   205459.82631876375     
   205442.01828864444     
   205459.97943995529     
   205387.00893855246     
   205412.68089181714     
   205433.77257396150     
   205504.05846064276     
   205482.44437874563     
   205471.56700486419     
   205456.98974095751     
   205424.51234643935     
   205514.07686256312     
   205469.96356588800     
   205439.74802637612     
   205442.85766459978     
   205465.79980106372     
   205557.09374723470     
   205610.08473235156     
   205550.85903274495     
   205427.95575766184     
   205448.30968846258     
   205457.03227877652     
   205457.43357320467     
   205500.45972931586     
   205535.57716109601     
   205483.99124350282     
   205466.45779677512     
   205434.80294101685     
   205473.34918696055     
   205407.80887776069     
   205475.55835210136     
   205361.35197770721     
   205324.02133380287     
   205346.69116332295     
   205303.46361387815     
   205275.39877480658     
   205339.01066531459     
   205310.01622923769     
   205275.55831103618     
   205252.38299389294     
   205235.04370512866     
   205211.90958294930     
   205207.46386202006     
   205213.62573553665     
   205259.24375232903     
   205255.50235168391     
   205196.52825279118     
   205271.13989191083     
   205343.68895970657     
   205265.23082415474     
   205348.48506360222     
   205293.46612630459     
   205266.73077114951     
   205216.92856030431     
   205327.83943349458     
   205296.14297962777     
   205281.32905448845     
   205271.34907585103     
   205314.89484808443     
   205304.80171813822     
   205235.40469320602     
   205122.52125723907     
   205222.58050296793     
   205177.59626344210     
   205101.00387150803     
   205092.05904433323     
   205081.09575946553     
   205068.13110449052     
   205032.28387354486     
   205075.40335567022     
   205133.01593647440     
   205119.22458220299     
   205100.96744048141     
   205148.65824739748     
   205141.91572302894     
   205146.48907879958     
   205214.82693155465     
   205267.19081160944     
   205193.96479501878     
   205212.55672161549     
   205111.69495223343     
   205028.52987054212     
   204938.74292835282     
   205037.99241304901     
   205099.44445483491     
   205024.30455512481     
   205031.68074502223     
   205059.73793951375     
   205064.92468141852     
   205086.74377658582     
   205052.82141739308     
   205140.24224386172     
   205130.63477099311     
   205115.62742886960     
   205158.03525140887     
   205157.78804009221     
   205086.39960170249     
   205130.23062353255     
   205017.13870517764     
   205018.17366977097     
   205025.44986065419     
   204981.94762169517     
   204963.10724007449     
   204848.90857603677     
   204825.35853368373     
   204949.89082602246     
   204985.67425796669     
   204945.85984460020     
   204929.47507412860     
   204874.86227104507     
   204949.34174203975     
   204997.20634808659     
   205061.62339474293     
   205112.50861751186     
   205090.56121654547     
   205043.20641081233     
   205026.49617815844     
   204996.78349430408     
   204958.04010218574     
   205050.55780550977     
   205085.30901177402     
   205034.75945794929     
   205026.64141227500     
   205087.04092614079     
   205043.21798799015     
   205039.49371036794     
   204971.80419414461     
   204880.93029180664     
   204931.45174321465     
   204929.26146964930     
   204818.95172525692     
   204859.90397372431     
   204817.07893312583     
   204962.56148001325     
   204964.22944838001     
   204890.43112353087     
   204944.71195745305     
   204917.46150437908     
   204876.26622530934     
   204859.36210033004     
   204779.17679727238     
   204847.53880355132     
   204897.59119378196     
   205008.54645849759     
   205000.31160905238     
   204962.29877849368     
   204900.44162012212     
   204937.15044156319     
   204956.59747126629     
   204916.29264398818     
   204891.46526575234     
   204828.80825050830     
   204724.14960720576     
   204750.15644619503     
   204768.36550971432     
   204736.28492704767     
   204674.83490244803     
   204750.74732424883     
   204724.07168473065     
   204865.86297390520     
   204811.57456453156     
   204879.31591366162     
   204927.48142368114     
   204839.74296378728     
   204814.00152369656     
   204821.87624617986     
   204887.38799199482     
   204797.25979291927     
   204912.19064137619     
   204892.05360790275     
   204809.48692185778     
   204838.19904244578     
   204848.61690213109     
   204804.18058215416     
   204795.84664637642     
   204665.76977725240     
   204704.77076362062     
   204687.55619258704     
   204621.41645005567     
   204712.01177079225     
   204688.91143666513     
   204720.10339947208     
   204694.91903373829     
   204753.55669261678     
