   207455.52938214544     
   207455.33685150760     
   207419.97568206198     
   207451.71767295882     
   207575.63313152859     
   207568.22943621787     
   207521.20160932641     
   207558.23466066949     
   207565.19983745291     
   207603.52904746527     
   207481.50525817176     
   207607.33652367725     
   207547.70954932924     
   207634.72223330618     
   207726.22200325059     
   207656.45197912405     
   207717.97378240171     
   207787.05284859764     
   207759.63742909339     
   207771.11146637218     
   207819.49122952859     
   207818.04547715440     
   207818.78545861898     
   207898.84244043860     
   207822.27941789510     
   207947.66450642605     
   207950.88259155021     
   207886.92163691571     
   207933.35953958175     
   208079.63114149487     
   208213.88468355933     
   208203.13549992358     
   208238.99759219083     
   208275.41358667417     
   208385.65417981357     
   208406.73507802203     
   208402.98327729045     
   208377.33751678202     
   208378.46209306258     
   208297.67112264602     
   208359.98054660251     
   208332.85609425145     
   208379.74495947492     
   208418.16898968190     
   208443.12346790015     
   208497.82427965812     
   208425.29139087230     
   208436.10042943136     
   208427.23259129556     
   208382.34646476520     
   208386.78879543417     
   208404.86073819565     
   208270.95075354932     
   208246.88388738633     
   208295.27612472538     
   208410.35110969286     
   208480.84347994742     
   208573.03942904127     
   208489.34652993234     
   208414.01999909640     
   208465.18567490508     
   208433.86816513247     
   208467.31776587741     
   208461.28459339595     
   208555.09109892856     
   208593.41324205193     
   208611.48421476872     
   208597.20824682471     
   208595.51384795702     
   208634.73830094075     
   208645.64651582684     
   208730.62266566759     
   208668.16497470631     
   208656.24471147545     
   208713.37309793438     
   208663.68390976556     
   208696.54594787379     
   208753.63748951626     
   208859.27706236354     
   208902.60365444684     
   208888.52726035734     
   208807.50515647751     
   208815.56815012096     
   208768.94522579169     
   208797.55640678093     
   208779.58685997751     
   208743.74027832120     
   208676.68209304209     
   208713.63733641049     
   208742.38420472504     
   208581.99659703168     
   208535.08420042408     
   208540.85366790096     
   208576.08055125974     
   208630.26834698248     
   208736.14614634114     
   208742.59746801667     
   208789.74348482856     
   208792.63441986224     
   208812.69626882431     
   208800.97522756751     
   208867.56200967130     
   208901.87918944893     
   208967.49816149933     
   208905.38405634533     
   208895.39150407256     
   208946.28870427195     
   208930.34027797804     
   208926.09848983708     
   208966.66147445908     
   208943.77477674620     
   208969.68123606450     
   209054.09440523820     
   209075.67146812670     
   208920.37056392635     
   208982.42577721796     
   208963.13497082333     
   209052.84386095722     
   209113.03090416323     
   209121.29308024549     
   209234.37537085381     
   209180.75201685092     
   209169.80952174246     
   209199.58366334910     
   209328.12531356167     
   209242.05771441478     
   209358.68671921553     
   209417.38575384111     
   209372.02443883996     
   209323.89193117165     
   209292.56994122063     
   209256.12600508469     
   209341.15376539112     
   209288.59758904370     
   209349.42402197295     
   209442.72603829065     
   209484.40174623020     
   209396.75520265507     
   209349.14050705143     
   209483.47315502047     
   209484.68388040739     
   209500.42009631035     
   209433.61594109482     
   209448.99354039415     
   209504.38079345733     
   209591.40016005727     
   209600.20695725182     
   209623.63379185999     
   209619.62189068215     
   209579.53520828878     
   209577.34308964555     
   209677.35606935626     
   209675.49200802529     
   209647.12734014817     
   209642.74251784894     
   209625.46761168574     
   209669.37706266838     
   209723.65902989692     
   209803.30756265981     
   209695.43083533601     
   209806.30377737508     
   209844.15164508484     
   209937.81111647264     
   209956.41468216051     
   209888.65626214846     
   209903.28388039599     
   209936.71071117316     
   210016.44424492837     
   209976.97631278311     
   210044.37836151599     
   210038.96913564150     
   210085.77019013072     
   210099.44835488941     
   210088.95421951023     
   210107.32673191652     
   209993.70065392370     
   210089.68524108641     
   209988.16195162022     
   210051.23985352647     
   210002.89326320362     
   210025.25502661488     
   210086.76273379053     
   210114.14089747422     
   210099.37960496434     
   210151.21299606605     
   210229.27233811942     
   210146.96083683157     
   210244.25611218344     
   210164.51174199299     
   210190.77147609726     
   210145.75943480449     
   210158.86334729858     
   210125.41072257928     
   210074.25280567561     
   210019.72496508743     
   210032.62600503067     
   210005.00969195188     
   209942.59335759471     
   210043.44103938161     
   209965.96842697074     
   210039.94504555457     
   209997.50264941511     
   210135.14430232253     
   210201.93237146077     
   210179.94739852016     
   210402.18374367166     
   210343.27221272315     
   210383.09989544592     
   210394.45404873471     
   210377.90380235945     
   210337.23608070629     
   210379.40946557056     
   210376.06283743310     
   210407.74907177573     
   210454.86001858389     
   210411.79921703693     
   210393.15803238016     
   210399.04612289098     
   210474.03689437470     
   210537.04994972009     
   210518.27776325599     
   210607.60663473912     
   210585.86743655757     
   210551.35370138503     
   210619.15126720333     
   210490.30063718255     
   210612.11729073169     
   210615.68569242206     
   210680.00991486857     
   210713.45510168929     
   210751.79976563947     
   210849.33658319659     
   210890.70712865415     
   210852.75122046683     
   210830.90098984074     
   210779.02644984238     
   210813.81769266384     
   210811.87453742302     
   210919.07373559708     
   210924.62732070408     
   210869.50783295857     
   210705.96886170903     
   210802.81074174115     
   210889.25501603578     
   210896.71984306001     
   210978.83527484623     
   210897.89762040414     
   210961.52404448955     
   210944.41886766569     
   211005.13121151659     
   211154.98168168397     
   211135.50636381481     
   211122.46107026850     
   211177.09020659432     
   211262.38080170430     
   211194.86413190849     
   211140.66495207540     
   211161.59122332340     
   211263.76007116679     
   211250.44742320274     
   211258.17333041562     
   211236.58461809327     
   211199.90255433088     
   211275.69406164231     
   211283.59285099863     
   211333.39801935529     
   211199.44613001577     
   211173.01599786023     
   211046.16813046212     
   211047.99287273039     
   211111.77523507303     
   211172.53906066093     
   211068.62339391612     
   211004.05366406208     
   210961.40408163419     
   210995.76982258813     
   211011.92118026165     
   211000.32957393461     
   211116.38255771517     
   211199.87559474775     
   211100.48956700772     
   211147.29333148722     
   211181.85732258330     
   211253.66271338749     
   211212.19545259341     
   211192.75358912942     
   211227.11395455175     
   211334.72202119060     
   211310.51240230282     
   211329.26326162007     
   211323.28859711942     
   211340.89526360392     
   211320.20549338119     
   211288.38468406026     
   211301.15939760359     
   211404.96668764358     
   211429.24575370978     
   211384.94181656954     
   211335.34058098189     
   211343.80427843696     
   211354.89391009355     
   211382.29901637646     
   211374.90316207081     
   211278.67062111100     
   211401.18008392683     
   211506.23698407083     
   211470.09833058895     
   211450.04002085084     
   211483.00044698169     
   211433.16307066029     
   211462.76449058132     
   211483.47792957642     
   211455.93853804161     
   211490.69208216056     
   211475.66506741653     
   211537.76624341490     
   211639.04194438591     
   211694.69849330388     
   211582.68181309113     
   211579.07683112260     
   211649.58683975393     
   211663.25369920876     
   211669.48624341426     
   211677.80147946681     
   211678.34613766967     
   211764.82025888562     
   211790.91422046159     
   211834.19096872877     
   211821.38917265195     
   211859.23860773971     
   211939.12246097211     
   211959.89005746756     
   211979.77681157365     
   211960.17643835873     
   211982.28388317965     
   212025.49579783936     
   211906.54997839584     
   211846.12356132799     
   211839.85448749454     
   211980.49942059186     
   211969.11991626714     
   212052.26354281208     
   212087.31361488506     
   212004.07617339413     
   212062.72121510099     
   211997.03204370072     
   212118.24186261877     
   212130.97979805924     
   212229.44826418365     
   212189.84706297755     
   212390.10464558072     
   212362.82581419122     
   212234.80860154520     
   212315.89137085172     
   212295.77136514429     
   212216.44614380909     
   212290.63806679397     
   212317.97395879414     
   212300.77675108766     
   212325.48559701335     
   212394.58795358008     
   212364.51432689559     
   212386.69029315293     
   212286.63279471928     
   212370.00477607310     
   212476.69001081472     
   212466.81432922615     
   212466.49697635480     
   212452.49543518337     
   212438.53839846179     
   212496.00161909571     
   212490.53948335379     
   212494.08942139053     
   212451.59830779146     
   212471.90322161786     
   212422.24730975903     
   212462.89557386932     
   212445.09401315835     
   212414.63912721555     
   212521.68536766991     
   212378.98720162854     
   212470.35002467156     
   212454.18717543795     
   212427.17317762072     
   212338.79343599340     
   212406.04175109943     
   212406.00191951162     
   212412.73413206707     
   212428.65346335058     
   212441.28975660427     
   212505.05770742183     
   212375.19161183899     
   212294.61099726314     
   212387.33816052665     
   212328.26452581643     
   212404.76353243378     
   212353.70749615016     
   212316.71937258198     
   212362.88202394696     
   212304.35205599826     
   212401.27250669443     
   212423.98116877940     
   212426.16571110836     
   212444.04061417637     
   212430.30189082588     
   212438.72512673499     
   212329.94321839997     
   212329.55230206600     
   212312.24081219861     
   212424.39476655112     
   212420.74177074590     
   212352.10167201917     
   212287.76118145953     
   212296.37425196642     
   212311.67424387261     
   212419.44148319698     
   212484.80528251838     
   212568.30618227145     
   212680.83096424016     
   212627.82981118478     
   212630.14268417208     
   212510.48646627384     
   212625.11049700447     
   212610.90405546897     
   212552.73715202004     
   212485.36944645020     
   212481.40687588495     
   212378.25291079705     
   212512.33936969528     
   212528.27141107724     
   212444.53953325117     
   212458.47776078474     
   212371.45055313883     
   212370.51419536042     
   212329.32835224865     
   212413.97306716847     
   212244.71312970805     
   212299.76852224045     
   212339.46279463021     
   212412.85241023969     
   212421.59727793300     
   212392.62308012909     
   212331.94232537242     
   212427.09406627427     
   212408.56991091359     
   212437.86416731024     
   212478.91892241524     
   212470.18082774119     
   212517.92276182779     
   212525.96767552060     
   212560.46305034941     
   212612.05890350183     
   212558.68140384872     
   212587.81554729247     
   212541.31905535868     
   212559.63498805056     
   212549.97201983869     
   212666.32244924977     
   212760.39110746680     
   212678.70288694330     
   212658.14641137497     
   212651.18878085830     
   212619.42129803202     
   212571.61542303610     
   212593.33027259310     
   212563.68315056415     
   212521.30840880878     
   212499.58413250613     
   212464.99359315864     
   212476.50049174525     
   212590.19836604557     
   212506.16699856910     
   212402.71913185070     
   212354.57227603887     
   212389.51554513341     
   212297.99245573813     
   212319.17054782374     
   212257.50891466506     
   212295.16382832523     
   212252.76968392255     
   212314.69537795713     
   212318.13893214572     
   212222.76978684106     
   212287.00287987967     
   212321.45554294231     
   212226.62114871235     
   212253.87622186978     
   212402.95074889724     
   212445.36713478051     
   212359.24190151365     
   212307.04415694912     
   212263.37133464520     
   212296.72329293622     
   212241.98167298001     
   212209.22390698284     
   212126.76445137357     
   212268.34256017115     
   212301.65844711463     
   212315.97322984433     
   212371.94068273521     
   212342.01024641321     
   212411.73144008900     
   212328.69439000919     
   212415.51080248432     
   212416.27767380097     
   212259.05858895194     
   212331.02779245056     
   212355.86380717118     
   212291.58763967227     
   212375.19434320851     
   212404.46977837346     
   212424.28315788292     
   212419.57351441498     
   212363.46442936049     
   212242.06162046359     
   212284.74021853731     
   212356.58084702093     
   212385.86964429714     
   212416.44792796395     
   212332.86767502371     
   212356.18650401579     
   212392.93623853102     
   212363.79638531464     
   212367.82412123482     
   212441.06082078331     
   212413.19570231307     
   212495.36929833418     
   212307.49235139476     
   212355.71765832303     
   212395.50314923219     
   212476.43630905577     
   212379.06064995940     
   212403.84423837846     
   212485.16138117405     
   212562.55263272356     
   212459.36082340224     
   212446.54243786936     
   212443.56001585990     
   212449.22978745002     
   212653.93381483169     
   212629.35508583498     
   212574.08656289295     
   212588.07576841721     
   212596.14976296571     
   212541.55068766588     
   212554.45394894821     
   212667.52147616234     
   212635.37977510376     
   212721.38341107458     
   212789.82243530126     
   212648.30298238524     
   212638.71526555682     
   212612.80509753656     
   212625.52294006129     
   212557.75917468284     
   212453.77139222418     
   212513.64500749620     
   212696.71013089980     
   212698.92523148787     
   212649.27982973569     
   212752.98097221644     
   212768.39431205182     
   212666.42999593314     
   212673.12787296166     
   212707.66174833296     
   212692.40627879559     
   212729.05569911812     
   212744.56534726624     
   212662.52623624605     
   212619.50782711979     
   212602.96472932474     
   212633.99900340318     
   212748.50655150381     
   212750.82162160391     
   212806.59651992470     
   212800.13171470008     
   212843.57336538672     
   212764.44161098931     
   212769.07250661994     
   212746.55273872617     
   212734.82603966052     
   212818.87505370352     
   212706.95959586496     
   212658.37171927927     
   212725.07865373956     
   212705.04571428278     
   212802.06474935773     
   212829.46510305841     
   212885.54052209950     
   212945.97058665808     
   212817.62571738308     
   212779.27550832313     
   212852.26609831836     
   212777.92628941525     
   212764.76452680351     
   212854.33675505803     
   212869.66134623581     
   212828.26375355196     
   212768.39152095994     
   212720.94015220896     
   212711.59756630540     
   212768.36653307540     
   212796.97902506209     
   212742.43311627005     
   212718.56238604008     
   212813.34199472034     
   212716.99113987523     
   212706.45511966743     
   212686.81231059181     
   212620.55901309272     
   212756.72843939762     
   212850.07338790421     
   212772.17110487088     
   212716.06147513760     
   212666.84522037490     
   212712.22535011708     
   212809.85985629959     
   212837.93321006029     
   212888.50480706769     
   212862.96081162934     
   212908.72180640610     
   212981.39468604149     
   213048.13081247103     
   212963.47717293457     
   212858.60929687388     
   212864.26653375337     
   212841.83317498653     
   212895.20216986569     
   212818.15777672827     
   212832.25569275866     
   212827.31607089264     
   212832.28762899854     
   212807.76249278622     
   212891.58113670547     
   212917.36928179165     
   212943.89274290763     
   213003.30803157765     
   213009.81132515729     
   213044.67583267268     
   213081.13090048058     
   213174.22041443406     
   213122.24375975266     
   213176.88494717219     
   213191.74785473949     
   213184.32706543681     
   213155.15978824769     
   213169.35913738250     
   213131.15368111568     
   213094.24878779752     
   213114.29268626886     
   213108.88105071857     
   213057.16966549234     
   213193.78660910431     
   213211.19141193756     
   213217.26306912527     
   213197.04018467574     
   213289.69819475029     
   213326.62969228515     
   213270.68533897173     
   213300.19876031787     
   213286.10981533557     
   213328.59908266895     
   213232.96233914990     
   213303.29630136504     
   213380.93403819628     
   213281.58927319324     
   213353.47900058661     
   213403.26646408340     
   213341.59515696231     
   213416.00580338418     
   213522.92674942306     
   213487.13720459622     
   213340.09650459047     
   213367.00044390492     
   213450.81057590761     
   213478.61696243734     
   213516.34041405347     
   213523.43569440732     
   213564.40856386500     
   213506.51939286187     
   213472.94765863181     
   213535.21438945262     
   213582.11223404761     
   213600.06763076986     
   213518.52109581363     
   213465.48687232807     
   213455.70704857542     
   213436.73341563658     
   213504.64901590341     
   213494.20216755950     
   213423.49951323451     
   213481.84669773676     
   213518.92122989491     
   213515.36415273434     
   213522.67837308240     
   213537.47010127414     
   213399.55482213019     
   213439.11494751077     
   213305.67401364524     
   213314.54018481233     
   213537.65366434745     
   213484.22029083263     
   213471.75567158838     
   213503.53209226707     
   213579.34164438731     
   213705.83356126715     
   213801.11960079271     
   213805.85487739163     
   213749.72077632285     
   213585.11073992410     
   213642.73774496547     
   213631.13117420688     
   213615.66776175768     
   213685.16213581711     
   213664.05237214325     
   213669.69460971584     
   213698.02685057538     
   213651.90021910009     
   213741.34616041815     
   213637.62248277926     
   213734.16824372267     
   213713.34064851867     
   213748.62851792108     
   213668.73339208076     
   213778.35350956451     
   213791.17639716866     
   213801.81722042168     
   213719.21861849894     
   213791.59413874653     
   213768.08152739168     
   213778.98262517119     
   213821.21406743512     
   213833.35880482491     
   213823.47057562321     
   213772.40040342585     
   213741.20562702560     
   213699.48604121682     
   213625.62290237026     
   213509.75410695822     
   213560.78998112396     
   213515.93519235539     
   213603.65581855210     
   213659.85410337616     
   213688.52624375824     
   213686.93438963837     
   213753.30126163058     
   213737.22030871385     
   213648.75887781766     
   213597.16622935358     
   213606.35406234470     
   213575.11147107644     
   213585.55864226149     
   213659.70153375113     
   213562.29385805631     
   213691.45653799933     
   213703.28793463949     
   213690.43137916832     
   213773.67403653136     
   213861.13961551382     
   213891.51712996684     
   213853.07050166256     
   213880.08416910030     
   213863.25551907235     
   213903.57394796744     
   213917.92321911128     
   213843.15293682308     
   213765.92684016217     
   213882.01374066545     
   213990.37207414181     
   213999.84752263816     
   213951.73726682650     
   213922.34810420612     
   214013.22922293973     
   213933.25637300356     
   214024.70746943186     
   214006.22175632621     
   213985.71235215964     
   213950.60504286599     
   213878.00311864907     
   213957.71506763861     
   213892.36148469301     
   213836.63575525963     
   213799.44619862831     
   213662.79306527198     
   213692.46035709101     
   213777.97285749044     
   213752.81914837594     
   213801.13054349271     
   213776.92023290816     
   213844.82411039851     
   213883.97734118521     
   213794.28160146240     
   213651.10348226852     
   213743.14294866272     
   213752.75048821926     
   213743.44318942397     
   213642.01756819102     
   213670.90901051046     
   213746.32458938056     
   213763.74181157109     
   213825.26473391528     
   213886.23152610517     
   213931.80132893435     
   213926.04346091935     
   213923.86071677229     
   213878.91458599109     
   213996.96255579891     
   213994.63384690144     
   214020.44541254733     
   214094.58046111587     
   214002.71774445428     
   213928.54595153226     
   213911.03325034602     
   213917.38057182802     
   213952.93913133186     
   213913.36006448252     
   213910.98275528726     
   213829.82821543820     
   213823.18063293330     
   213954.51212461042     
   214003.03738468690     
   213955.75920276897     
   213921.98491689522     
   213866.59227425032     
   213896.61987914130     
   213949.47758708996     
   214003.79945733672     
   214081.24917827244     
   214169.97268444186     
   214168.66120161556     
   214279.82354497275     
   214142.10144165976     
   214019.97899385687     
   213883.96768243058     
   213835.64273243124     
   213846.14660707745     
   213924.77175746011     
   213985.61437751731     
   213921.80219595839     
   213808.48750797388     
   213774.53906035246     
   213805.78916992497     
   213747.40633194864     
   213779.97861938537     
   213859.38142253575     
   213914.96672438650     
   213911.98998395473     
   213877.51452328853     
