   974856.24719900277     
   974856.24719900277     
   974907.92818732047     
   974851.44376558298     
   974753.46187707235     
   974850.24095728307     
   974846.82167571678     
   974768.93028041464     
   974817.99185471656     
   974913.04645673349     
   974866.75154065213     
   974734.65963272040     
   974809.67613483570     
   974786.65464744077     
   974728.01045906194     
   974647.45480245480     
   974623.18400008883     
   974558.19200179842     
   974533.34473888355     
   974430.75162562029     
   974570.78232912149     
   974517.70881237707     
   974593.53887110704     
   974566.64004348486     
   974443.89796093327     
   974504.60947094252     
   974551.10643393418     
   974466.83366702101     
   974482.69967951847     
   974406.49573941191     
   974456.86431920982     
   974449.78489805525     
   974525.84746347507     
   974468.64243756642     
   974314.74360425211     
   974288.27838532382     
   974344.01126213255     
   974378.88745517074     
   974401.52632286213     
   974362.54341288179     
   974483.73880711501     
   974454.24258912704     
   974429.79705949116     
   974360.10126577294     
   974291.75781106262     
   974429.08992536180     
   974421.34241203486     
   974354.50460260210     
   974289.35943911772     
   974228.65171150665     
   974199.01003652485     
   974080.92195964023     
   974023.89142710739     
   974052.57907185715     
   973989.06758395326     
   973990.72874645807     
   973976.22005180106     
   974028.16776461783     
   974024.68502073153     
   973972.69293354801     
   973968.64131352003     
   973811.52747718291     
   973877.52982574247     
   973972.95542664896     
   973998.44243532000     
   973998.40051464201     
   973997.45371084358     
   974049.32485305355     
   974117.46168965660     
   974060.95303512178     
   974038.02462958440     
   974061.61538388440     
   974112.11765377712     
   974052.42925820313     
   973973.22352014261     
   973968.61320946692     
   973989.17104767333     
   973981.69682295434     
   974003.92939796636     
   974048.61134702107     
   974103.02055618307     
   974045.49915639090     
   974065.65294256900     
   974002.66398095619     
   973956.10565572558     
   974028.63102995418     
   974031.52576728154     
   973950.84056951094     
   973901.65065475891     
   973976.15969248046     
   974001.16440840124     
   973947.58033047977     
   973885.93843517115     
   973783.13490069704     
   973776.55211040657     
   973764.71045540716     
   973693.79930046306     
   973581.64010741678     
   973650.98468061886     
   973662.98788294056     
   973582.91303276573     
   973778.95209818834     
   973780.30935448722     
   973698.53585823753     
   973730.17628104496     
   973713.52259906998     
   973522.99040777422     
   973509.75514740276     
   973501.25514591136     
   973663.74190100736     
   973608.91003292182     
   973616.93661255657     
   973612.16558477061     
   973672.26570956211     
   973598.51921920839     
   973548.87992421596     
   973549.46718384465     
   973395.33850290044     
   973468.09760411177     
   973379.43054599874     
   973450.01690515317     
   973364.93339689495     
   973265.10909390310     
   973209.20675079548     
   973300.27432282234     
   973328.50869979907     
   973333.26803857263     
   973378.98409562232     
   973418.63733626064     
   973470.72401999694     
   973448.80195214308     
   973507.71740743390     
   973476.50916813023     
   973493.51855123055     
   973397.83504802256     
   973400.55287120130     
   973336.30265475123     
   973351.54362318083     
   973336.77355496923     
   973265.88739786530     
   973265.78623949003     
   973245.40856897831     
   973216.37571164209     
   973250.10789827211     
   973292.59846540052     
   973336.02849863970     
   973288.80482054350     
   973208.36988256697     
   973128.16976727766     
   973140.56251473899     
   973194.36902702018     
   973104.58365443710     
   973074.12636207487     
   973006.37299850618     
   972919.69132009090     
   972886.16932214599     
   972836.78755070653     
   972844.62977637898     
   972895.74973013205     
   973054.53342494287     
   972952.01640192093     
   973100.88785881724     
   972993.15247621236     
   972912.74446486356     
   972860.37046731892     
   972947.52708501893     
   972886.18344486214     
   972936.13276331348     
   972996.93748447509     
   972985.25388079265     
   972919.13206805615     
   972874.31045754091     
   972904.45485543995     
   972930.25944226666     
   972899.05437956494     
   972966.55586392758     
   972971.82195150270     
   973028.94839849521     
   973105.91046776192     
   973055.68208630779     
   973026.54452616361     
   972986.44340303878     
   972869.00997280632     
   972930.63956884085     
   972825.43393695634     
   972780.81776965922     
   972843.87758433342     
   972824.05576663127     
   972733.98007805436     
   972786.44294090790     
   972752.48188940703     
   972730.06887276005     
   972801.98425892019     
   972855.31471216353     
   972824.31500082824     
   972832.31724547152     
   972869.31912067276     
   972820.60408135911     
   972921.42515978753     
   972952.27340566239     
   972891.47975117399     
   972894.80619717191     
   972872.89432392304     
   972848.94420254184     
   972915.15442770149     
   972774.39719771361     
   972696.97227869264     
   972828.44169057871     
   972825.79057523876     
   972771.31386097742     
   972719.45945647580     
   972753.54292336747     
   972847.91214312450     
   972902.84520699794     
   972868.28978807735     
   972779.68704937934     
   972758.83012181567     
   972901.69467309583     
   972994.06318001729     
   972918.29608124692     
   973025.39377633948     
   972923.60431419720     
   972814.55602784723     
   972853.90922874631     
   972791.61769325787     
   972722.09300242271     
   972719.10631297110     
   972706.88722897402     
   972761.14706896478     
   972819.93529889174     
   972878.51249845535     
   972883.70900296292     
   972861.24351559533     
   972834.60090382455     
   972759.28240732139     
   972756.90489766339     
   972831.42201492179     
   972897.10134307516     
   972889.95299841976     
   972832.61596950179     
   972809.79160123656     
   972913.74512614135     
   972884.24135940475     
   972803.37534263334     
   972713.20012806682     
   972721.46813413408     
   972620.49242908973     
   972740.35772172583     
   972801.19337920169     
   972726.47372384148     
   972640.32926997403     
   972565.93095094908     
   972600.39374357113     
   972575.72203818290     
   972514.39306994819     
   972455.91043706750     
   972336.94486194884     
   972412.90620854439     
   972407.22434114560     
   972495.10781330930     
   972477.70402145153     
   972443.85864731786     
   972410.49089654698     
   972400.19985523401     
   972387.27086891269     
   972350.18046593701     
   972420.16714861430     
   972521.12928892556     
   972443.56151856552     
   972350.53184829431     
   972235.41857938922     
   972142.20395196218     
   972117.14142251830     
   972323.47068780195     
   972367.89191593230     
   972310.91044467525     
   972278.68574246729     
   972362.78897052247     
   972252.20347641537     
   972265.91661243362     
   972386.05270484416     
   972334.24712035502     
   972341.25337895297     
   972334.25519044860     
   972345.88096780772     
   972383.33302096755     
   972330.02190946566     
   972343.33112087857     
   972315.52875538310     
   972254.28966891929     
   972295.43757537671     
   972250.51510377508     
   972175.68655236298     
   972277.01374563377     
   972320.61383506958     
   972285.15750106703     
   972270.50985525060     
   972265.00429424876     
   972275.10446117551     
   972297.85923157237     
   972307.00000400911     
   972091.07971913379     
   972170.52724230895     
   972032.13559539954     
   971953.45231920469     
   972017.25223560922     
   971966.27791290998     
   971885.00549473811     
   971921.19633365527     
   971966.94168765564     
   972052.65483023040     
   971964.14476063405     
   971927.21774041187     
   971884.72724124382     
   971870.64520280354     
   971789.44867069589     
   971860.87395312707     
   971767.71439010301     
   971771.26895445120     
   971753.70882103057     
   971814.68692061072     
   971769.86033822654     
   971856.97080968472     
   971860.04636870814     
   971718.47039134603     
   971799.51828747569     
   971735.63143276272     
   971723.02796355775     
   971775.34705712495     
   971748.47431093990     
   971782.16350731626     
   971847.44708214630     
   971832.82621749782     
   971896.77394630981     
   971936.43327080912     
   971835.96198520216     
   971848.13152952667     
   971836.15996207180     
   971776.15407842479     
   971620.05013733264     
   971661.82634668646     
   971573.61586601450     
   971472.19381993264     
   971537.35728403926     
   971536.96730978996     
   971554.74624043854     
   971554.74624043854     
   971552.89621797320     
   971552.89621797320     
   971561.12565093732     
   971715.94544996321     
   971716.90176816750     
   971756.33054297487     
   971759.87875053054     
   971739.09692508401     
   971689.78812446352     
   971539.34176857036     
   971495.73216002551     
   971604.55229609529     
   971601.99051785329     
   971612.22033502522     
   971605.78612293256     
   971500.61409567192     
   971460.76809823781     
   971466.65637445124     
   971415.44243818277     
   971335.02330094040     
   971462.03853819263     
   971523.43441389524     
   971452.82924855012     
   971499.66051756777     
   971488.67062689108     
   971464.23124170699     
   971393.95675455162     
   971393.32527964120     
   971339.18591813382     
   971344.13863227610     
   971234.04623382469     
   971250.29325165320     
   971217.15024082782     
   971321.91267678363     
   971291.61522474641     
   971217.75794814050     
   971256.77332222532     
   971181.42625145765     
   971120.35339172138     
   971161.57698142668     
   971163.97505356709     
   971295.01360871468     
   971228.91392596834     
   971124.06083218381     
   971113.02874273353     
   971089.25269039802     
   971097.22386737377     
   971135.95697051240     
   971159.33060074889     
   971112.62608575728     
   971157.97212955565     
   971015.49344714149     
   971122.88180762192     
   971055.54085903044     
   971142.15526716388     
   971100.29476905649     
   971013.74575646105     
   970985.77985562605     
   970986.67624728871     
   970998.81527206174     
   971085.76558557956     
   971010.60395584023     
   970943.99272829469     
   970832.42208233778     
   970760.61551812745     
   970732.58571554569     
   970700.57014266681     
   970677.02025912190     
   970711.03796563449     
   970852.43743967335     
   970794.14078307035     
   970732.03271593596     
   970662.92724294297     
   970621.87946883496     
   970641.91714293044     
   970673.27544855850     
   970614.84934286168     
   970592.37678594457     
   970553.94206325512     
   970638.58518815693     
   970579.75713579624     
   970593.88867038966     
   970511.76459175954     
   970569.39226145903     
   970512.06320501224     
   970540.53827024368     
   970492.48618460516     
   970494.71016943606     
   970440.49697734765     
   970344.56740365480     
   970251.38016194117     
   970223.15170137829     
   970276.09266798082     
   970180.66766026639     
   970260.66211415676     
   970205.43337891379     
   970222.24795406032     
   970275.71735273278     
   970260.55848408327     
   970263.23522451113     
   970319.09679975593     
   970336.56763724762     
   970432.51095989917     
   970439.93063444737     
   970358.60386044416     
   970293.08958568843     
   970341.47878492344     
   970409.03025283339     
   970367.64485463360     
   970376.84833376214     
   970307.87079189264     
   970285.26391067775     
   970191.08030822850     
   970097.05844588403     
   970092.33840313496     
   970125.49273445504     
   970130.28573017952     
   970078.04383013002     
   969984.92804302613     
   970147.10291059129     
   970051.93046008539     
   970082.49034207559     
   970043.81096406700     
   969989.57684664731     
   969926.17173846194     
   970023.26442313427     
   969921.64511287841     
   969945.48273405631     
   969928.89737384452     
   969791.60348396213     
   969769.85725297232     
   969809.87911924289     
   969742.40659423138     
   969731.41070329037     
   969740.04126011289     
   969840.41416940500     
   969874.36558884336     
   969862.20949325617     
   969839.19352083246     
   969813.94772888487     
   969922.50337559020     
   969928.82040829712     
   969856.03228843305     
   969914.50163547986     
   969945.86662575835     
   969994.42163066345     
   969907.65404697973     
   969927.98540614115     
   969940.32038202754     
   969908.06309474341     
   969995.62193123950     
   969985.88620124618     
   969926.39814475633     
   969890.68136494921     
   969846.87789158255     
   969730.85812985629     
   969798.25231897831     
   969772.37183836929     
   969636.39921941038     
   969623.55431493791     
   969586.37160755263     
   969593.98510377400     
   969565.24159206124     
   969511.56703718938     
   969364.98339904228     
   969318.88159272936     
   969397.53384708683     
   969357.13238139753     
   969301.62238093046     
   969408.87810984906     
   969476.24148002965     
   969491.87952819560     
   969428.96931376657     
   969458.04497913667     
   969474.03372680687     
   969355.21234674880     
   969308.78064143518     
   969298.78087450832     
   969301.97802057758     
   969276.88909521524     
   969281.96855109406     
   969261.70766002510     
   969175.97876165831     
   969131.35149722465     
   969055.80687818944     
   969011.68048096355     
   968968.21467348246     
   969065.29207388288     
   969042.69481038372     
   969117.94341788883     
   969085.43740272964     
   969025.69733133377     
   969097.25084281841     
   969034.82647568360     
   968961.07305143413     
   969000.45704748470     
   969031.58327836823     
   968975.33963970107     
   968911.35809389758     
   968911.56919621094     
   968919.85431968491     
   968886.83248768118     
   968962.62558333878     
   969029.63356772624     
   968997.34374212066     
   968906.07262667746     
   968838.70017135376     
   968712.53972311853     
   968708.34117883514     
   968732.78125311213     
   968793.57182161103     
   968715.25032205274     
   968558.34559825726     
   968579.03076209535     
   968528.01764556789     
   968457.78091932531     
   968423.23387317290     
   968415.55806561210     
   968405.80988547811     
   968273.08342473092     
   968343.87817871920     
   968362.68070514454     
   968369.52463507000     
   968439.41519965185     
   968531.22255895182     
   968615.74668077717     
   968601.64536617720     
   968571.60401051305     
   968479.25364631298     
   968436.05655760283     
   968428.23267631116     
   968439.24165907816     
   968365.06857954711     
   968335.64760068292     
   968318.83572777489     
   968254.02719065954     
   968221.86452795472     
   968176.60884353716     
   968212.71564008645     
   968154.97430665919     
   968154.72044894029     
   968088.37496122729     
   968113.31997041858     
   968079.75028465095     
   968076.97040581505     
   968097.31566217321     
   967980.01403483294     
   967936.92290486628     
   967977.67794807849     
   968063.64615322731     
   968129.90949909820     
   968104.43354314065     
   968017.51619770995     
   967861.60103733302     
   967858.65299511573     
   967849.25847333856     
   967907.82702317019     
   967859.37448567036     
   967865.09009809629     
   967835.48828534759     
   967763.21137438435     
   967834.37867689878     
   967828.40485158656     
   967838.82246230962     
   967704.79252963734     
   967870.77559341048     
   967813.56753957272     
   967776.14486750460     
   967877.45825832977     
   967869.06864725403     
   967871.10268457280     
   967887.56981334346     
   967845.41964427824     
   967672.75768416142     
   967662.43159823690     
   967673.41906776931     
   967664.03490259708     
   967694.54446751217     
   967634.66740866064     
   967602.98146152159     
   967557.29374947841     
   967655.89044460061     
   967650.50842933683     
   967655.12781420769     
   967557.99471560749     
   967524.71162074152     
   967515.56253954559     
   967477.18055167224     
   967383.83387088450     
   967387.91493854974     
   967465.32161895721     
   967432.12692294444     
   967404.68793958006     
   967357.83275717043     
   967396.74370005832     
   967381.63245099422     
   967306.12742886052     
   967247.63727910141     
   967280.70803153107     
   967270.95484465000     
   967287.51548001333     
   967250.80348731112     
   967121.79511344072     
   967024.15285740432     
   966971.14929952833     
   967002.56775873736     
   966988.57163000409     
   966972.62722130225     
   966918.13002261019     
   966897.90715883335     
   966799.35851188016     
   966859.15776522458     
   966833.79443342786     
   966812.81262269558     
   966758.55481906177     
   966656.21836694505     
   966638.75629536656     
   966596.12408383458     
   966616.79833804909     
   966475.71481583209     
   966505.10331505141     
   966431.05249574163     
   966460.47390401689     
   966320.28654709598     
   966316.24414151872     
   966363.40995448106     
   966377.04255062377     
   966426.65329151799     
   966271.24147624907     
   966178.75811611058     
   966151.00279216666     
   966160.54322929063     
   966193.40180005867     
   966132.73246913729     
   966168.83517984638     
   966287.78945128282     
   966322.96816457179     
   966271.11215858464     
   966248.37262284360     
   966235.14263108419     
   966197.53459541395     
   966255.37357462570     
   966310.37196180457     
   966187.42623278196     
   966085.87677674333     
   966066.09498532850     
   966063.07467801718     
   965975.23769251816     
   966088.24593426078     
   966151.75818988134     
   966184.18604896509     
   966105.92293502309     
   966043.96581754810     
   966203.52890875353     
   966236.82077243458     
   966157.96749942843     
   966134.70406854292     
   966120.00261633995     
   966185.53791416774     
   966313.22502235416     
   966282.29292910150     
   966223.58863608621     
   966182.31710872147     
   966307.07528771367     
   966271.85470349086     
   966223.26651833882     
   966355.86022911384     
   966317.15790149127     
   966276.12192359194     
   966321.95295062894     
   966325.74012812926     
   966227.49537455162     
   966204.30094536685     
   966186.86983803124     
   966205.04348128475     
   966196.37899910612     
   966135.75096350419     
   966102.78577532095     
   966107.92389064794     
   966052.56204459327     
   966174.56973018777     
   966098.78051174060     
   966213.54634866270     
   966277.87102012127     
   966149.43959842518     
   966163.27275851555     
   966140.87887820462     
   966242.22601890878     
   966239.04268848954     
   966334.33533244662     
   966187.20042978250     
   966133.46973836259     
   966092.26240996225     
   966093.62983082607     
   966137.97831046232     
   966210.35436682857     
   966174.38239096478     
   966019.69721979939     
   966018.81365098525     
   965947.15134874021     
   965865.58600268862     
   965805.07187797630     
   965759.12143333792     
   965791.51918297762     
   965770.22351237305     
   965742.87835867773     
   965724.28980027977     
   965703.96377417480     
   965714.84662165295     
   965641.13198974158     
   965576.73776544794     
   965489.16095264885     
   965416.96460693539     
   965432.85593715799     
   965456.06143842998     
   965454.87227276666     
   965535.56833795703     
   965457.73852575023     
   965485.52594851993     
   965392.80233427428     
   965540.22861041292     
   965527.15326230018     
   965508.35924281122     
   965519.27296931052     
   965535.00593024225     
   965509.30585655652     
   965502.05567068525     
   965495.41581070144     
   965486.61222821136     
   965619.84813205351     
   965565.00050275377     
   965543.31804805179     
   965633.07354899438     
   965549.89018567558     
   965632.50545220869     
   965622.50646551210     
   965523.81430620654     
   965637.42686198209     
   965737.92934782186     
   965759.55301065836     
   965752.78640732018     
   965817.37855192844     
   965808.82471165177     
   965671.83152168687     
   965777.45908006968     
   965795.30031198810     
   965831.41785550257     
   965786.52377496345     
   965781.91234452766     
   965712.24299229984     
   965682.08491359733     
   965687.26239763328     
   965627.91465784295     
   965554.13179339527     
   965553.79658418521     
   965525.62375449738     
   965454.72983788617     
   965446.78177241050     
   965443.07004173333     
   965247.79460665793     
   965281.68418448756     
   965235.98957548582     
   965204.26834702154     
   965131.74544754683     
   965146.61305235303     
   965101.70858339081     
   965013.35289525741     
   964993.63684780162     
   965025.44414079771     
   964955.58859157038     
   964954.90589792992     
   965017.45004378096     
   964900.02136060153     
   964921.09926843690     
   964885.60236669239     
   964933.15325982810     
   964982.13480752287     
   964917.70740052091     
   964912.09613692143     
   964811.06085280108     
   964832.17463255546     
   964816.96949294256     
   964836.24756019050     
   964773.67685399624     
   964665.76317523140     
   964771.16850483906     
   964743.84925110359     
   964729.97370017529     
   964751.73277218011     
   964778.54545912135     
   964775.33095479698     
   964783.58621718595     
   964744.82342180621     
   964711.10555447254     
   964774.92847895913     
   964669.94725700677     
   964591.04873103008     
   964677.78600411548     
   964684.85937919747     
   964647.80138959549     
   964593.73103693919     
