   203908.19982230515     
   203908.19982230515     
   203898.09093640407     
   203826.92032660413     
   203775.74291361059     
   203757.57675380868     
   203690.50455348086     
   203678.11895034026     
   203581.05621508972     
   203659.67324134149     
   203548.11772523992     
   203468.22545588261     
   203461.78759734461     
   203489.29753687061     
   203411.24184358132     
   203507.61269421902     
   203349.62141160062     
   203231.87828695218     
   203239.03157680231     
   203210.07197671637     
   203220.26086311514     
   203176.09328379569     
   203161.25668318893     
   203261.35531077790     
   203223.45199821671     
   203072.57907881227     
   203023.81259084522     
   203014.24125957320     
   203048.53315252039     
   203058.58226190953     
   202944.24052980306     
   202844.86880763719     
   202788.56683317077     
   202693.89911776513     
   202674.91781055005     
   202747.39347859094     
   202760.98729917625     
   202797.05940076942     
   202758.18747243501     
   202805.88745667320     
   202768.80907353543     
   202557.45267140167     
   202580.29803145252     
   202412.34778826564     
   202437.01025916313     
   202463.50892321643     
   202317.05654580242     
   202314.57126596975     
   202241.33004074419     
   202223.66794094694     
   202293.30902450383     
   202370.43128918996     
   202249.82618255672     
   202156.80530923331     
   202102.26745980282     
   202014.00416391421     
   201942.42914415131     
   201892.89296243468     
   201793.70449369168     
   201734.66532233570     
   201752.94774042303     
   201736.61418646749     
   201560.05682812681     
   201601.47867639604     
   201608.85810117397     
   201673.60773561141     
   201581.26827569795     
   201474.97106240562     
   201508.01380608286     
   201513.07202371318     
   201530.10125868811     
   201459.86668926937     
   201528.57621331001     
   201399.93024280109     
   201411.66863026225     
   201368.34434144231     
   201394.72874034627     
   201467.16584769779     
   201464.17508030773     
   201398.23707248134     
   201337.57231268188     
   201332.96924633376     
   201303.64403227143     
   201170.12436887319     
   201138.23967162747     
   201162.74179987001     
   201137.93048630957     
   201066.19831576431     
   200977.67311945168     
   200962.55837107767     
   200990.48895317267     
   201034.10171013625     
   201088.99635199274     
   201003.63178274728     
   201133.54523563743     
   201108.31975204422     
   201142.31294267360     
   201082.05791587598     
   201047.24065937242     
   201008.84669841279     
   200992.82996414433     
   200834.69211972918     
   200868.37437401715     
   200918.06052364595     
   200866.82272638468     
   200839.07991163374     
   200798.45304957905     
   200732.84445574830     
   200758.81440080289     
   200741.16815332702     
   200701.75425771275     
   200731.46756020939     
   200648.94680441139     
   200635.06124588283     
   200657.41635532567     
   200705.46669663012     
   200561.17526477197     
   200575.81078679970     
   200577.78504526636     
   200494.42950772346     
   200538.93869156824     
   200496.46957968280     
   200575.71426659176     
   200527.23472463404     
   200520.07385672809     
   200552.77460465883     
   200568.46767460430     
   200547.08905308720     
   200622.04483432043     
   200607.18627084116     
   200593.09480373235     
   200539.89724287894     
   200439.06214704987     
   200479.64933467272     
   200404.39094550358     
   200460.83473313844     
   200437.36366148328     
   200419.63680023389     
   200462.51159170206     
   200373.17090516104     
   200358.07221440086     
   200289.03057142053     
   200273.10628937429     
   200256.29882510894     
   200309.17222260451     
   200393.42138047083     
   200373.24050355295     
   200466.88142768783     
   200373.80406080870     
   200352.83877737564     
   200373.21622997426     
   200468.19698913276     
   200437.42268509092     
   200406.00821140135     
   200345.90449621333     
   200284.93988801126     
   200297.33024836608     
   200250.70125244194     
   200243.50488388800     
   200068.67204315058     
   200148.72006001766     
   200121.78706816479     
   200161.24363538090     
   200075.44097383178     
   200006.77294789301     
   200045.65686922925     
   199999.89160861613     
   199926.73832956827     
   199941.82487047755     
   200036.81898168329     
   199992.35101034850     
   199968.98079724557     
   200039.03079053041     
   199997.83734878019     
   200019.66544923084     
   199957.34583442810     
   199952.90233701945     
   199972.29734337621     
   200061.20625693351     
   199992.46281060745     
   199978.35013916460     
   199954.53144470509     
   200041.03011894581     
   199947.10863877632     
   200025.84686548400     
   199963.64319631245     
   199948.62564834690     
   200047.48048550921     
   199937.55249524690     
   199936.76453635923     
   199886.51098293488     
   199886.91831270681     
   199909.62853967809     
   199808.54913861843     
   199816.40008863271     
   199846.13004908018     
   199820.90475366113     
   199869.75233362740     
   199939.46961068446     
   200012.09897047654     
   200037.66732061925     
   200049.51834108061     
   199867.74797225662     
   199832.54236463574     
   199986.48197327851     
   199988.47214055801     
   199909.01982142669     
   199826.90999699285     
   199751.15757443104     
   199761.63684189689     
   199709.10739376515     
   199778.81193368559     
   199784.66801551537     
   199803.59407090637     
   199851.63530209169     
   199798.98696435898     
   199759.27549643783     
   199727.70435015101     
   199756.01194963645     
   199741.41108770150     
   199712.01995520532     
   199732.96980627952     
   199760.80552270668     
   199733.44944597530     
   199781.23126287342     
   199735.48429007293     
   199712.24307330293     
   199687.40876196753     
   199678.65398379107     
   199710.29072939980     
   199724.99558819234     
   199634.64763075733     
   199648.99522511385     
   199496.22304778107     
   199470.25778932346     
   199498.98771689870     
   199390.21173485578     
   199445.28961719089     
   199381.34394986788     
   199366.95365227014     
   199433.98299091044     
   199282.95061934795     
   199290.46038161081     
   199226.29172463476     
   199194.57105553988     
   199051.73568651898     
   199109.67131412958     
   199149.02488929412     
   199202.13076834768     
   199015.16181437706     
   199051.65423526856     
   199075.79353218130     
   199029.30525078057     
   198945.01870257666     
   198873.94489412574     
   198950.18067699895     
   198958.04857264133     
   198852.79617479723     
   198894.78593287684     
   198871.32891704334     
   198844.95201251871     
   198834.63014834988     
   198878.99306833715     
   198952.37825856957     
   198969.43431307166     
   198924.73493607872     
   198924.65435701396     
   198848.17594657250     
   198915.28297315908     
   198916.07840880015     
   198829.60671859211     
   198970.65813622167     
   198938.95006344523     
   198878.34950603027     
   198807.17069422759     
   198854.61771810471     
   198882.80782093786     
   198789.27038037666     
   198835.03212425386     
   198702.94716535171     
   198813.56422753457     
   198799.43995970729     
   198811.66908454971     
   198720.85315383881     
   198660.78768153980     
   198640.17904491222     
   198633.84704920708     
   198637.85979059656     
   198694.57181557984     
   198731.66969395176     
   198710.58804310468     
   198697.16991992656     
   198668.59796205387     
   198659.99068438914     
   198518.89814692590     
   198681.77817654330     
   198648.70185911143     
   198627.27052915486     
   198607.01528044327     
   198675.09931287222     
   198638.76367675874     
   198666.60270081705     
   198645.70681805897     
   198649.12241697326     
   198697.41007416861     
   198705.92674581951     
   198719.68597291171     
   198699.54080422479     
   198774.67761486923     
   198791.77544434785     
   198716.64202867608     
   198838.16972527871     
   198828.41419052193     
   198760.45604060750     
   198789.86278549972     
   198741.85347241699     
   198685.43623069959     
   198699.04710109910     
   198786.12315468394     
   198748.31078857067     
   198799.72851242460     
   198751.14206640248     
   198694.33045856902     
   198597.98824265489     
   198632.66168481536     
   198746.61732323002     
   198707.52107737714     
   198678.11005919136     
   198725.40084376591     
   198724.41195307925     
   198716.07153384175     
   198746.47019993124     
   198682.39879731985     
   198740.65018947321     
   198807.04155554011     
   198745.01390630889     
   198806.36702544382     
   198669.71378615507     
   198545.05506882054     
   198577.92178242683     
   198622.01718314993     
   198571.61895354814     
   198557.29739914404     
   198557.45398840669     
   198618.58252979201     
   198668.52285708892     
   198528.04984418821     
   198496.62475437627     
   198601.93914855344     
   198517.74988123079     
   198520.94047227653     
   198685.41199236197     
   198591.95203139921     
   198534.19308207420     
   198579.70651791539     
   198578.44451741595     
   198560.71036547236     
   198693.96933557317     
   198679.75078591390     
   198738.08022715550     
   198691.32897810801     
   198676.54506754351     
   198695.33911005323     
   198633.68672266364     
   198572.89931629880     
   198508.04064214815     
   198496.36763266672     
   198417.01986307552     
   198439.67743819847     
   198468.62313234719     
   198462.97479879583     
   198350.00276396621     
   198386.27947379614     
   198353.68476872344     
   198277.08265669964     
   198241.98021199988     
   198339.09322857950     
   198324.85783828789     
   198347.08677528217     
   198360.36859956474     
   198293.21974234105     
   198219.25970799587     
   198205.04918661003     
   198200.33261502199     
   198177.90741717731     
   198045.68193549325     
   198037.71447964778     
   198011.75819332432     
   197881.92526007118     
   197912.79636082228     
   197890.11053405510     
   197814.95075980123     
   197867.98944852708     
   197842.28052092172     
   197827.99627854940     
   197783.62858384463     
   197827.48607843983     
   197783.53925681653     
   197825.40242639894     
   197756.21910861330     
   197877.29560005583     
   197811.76766624078     
   197863.32315335734     
   197956.57057373875     
   197907.00554278179     
   197926.87813211809     
   197953.66571313964     
   197949.15972664830     
   197887.20615554161     
   197892.06721260530     
   197865.75856601301     
   197906.29569846645     
   197855.57923606940     
   197806.82549171546     
   197825.93572699532     
   197791.13124019539     
   197798.90051661816     
   197737.57467966949     
   197704.18289272900     
   197639.18856301703     
   197717.64236781531     
   197653.45906948685     
   197719.89554813268     
   197719.79866912196     
   197586.02166898310     
   197599.21020873342     
   197601.31939936313     
   197562.70352841035     
   197591.81838811561     
   197676.54606774208     
   197609.28716139784     
   197631.40125736059     
   197711.48043514628     
   197602.55955322651     
   197604.78936416685     
   197670.81043158879     
   197697.97987048369     
   197702.15909124500     
   197672.17706969960     
   197557.40722757677     
   197599.31636524314     
   197691.15635108802     
   197559.43085891660     
   197529.01367607820     
   197508.82568344541     
   197526.21095967817     
   197485.64171703532     
   197497.76778335075     
   197482.38036032341     
   197478.69560387923     
   197372.24343753731     
   197410.71467286008     
   197475.33226443542     
   197500.74589180510     
   197418.74485481394     
   197394.47287709138     
   197350.18861522281     
   197368.76212026872     
   197411.11637063674     
   197376.60062466230     
   197295.78660025549     
   197374.10681502643     
   197431.37055839854     
   197400.33452517231     
   197367.04376065655     
   197341.18670303884     
   197305.33399349963     
   197291.03345874161     
   197381.93752622884     
   197281.22262297873     
   197211.25292644466     
   197240.60055061395     
   197288.40076421271     
   197232.82848899270     
   197307.46783102059     
   197202.01157789121     
   197307.49686372309     
   197257.09143007256     
   197337.71820845225     
   197442.66109679473     
   197375.16564597061     
   197411.51584556579     
   197438.68718836611     
   197419.39404788730     
   197403.88224527103     
   197417.62965189340     
   197487.72165525454     
   197452.55480983452     
   197481.83390521427     
   197504.93774583359     
   197524.76235788473     
   197389.27886693043     
   197399.91078199810     
   197450.53462683948     
   197435.87713937732     
   197445.78860134349     
   197421.28817522625     
   197431.82296828934     
   197369.61255726099     
   197399.50763734576     
   197379.02009413842     
   197424.88177908552     
   197412.59004253376     
   197403.86210989015     
   197323.43178335947     
   197287.37638067204     
   197212.88714094073     
   197225.68820766057     
   197193.00264520288     
   197259.39943707138     
   197213.33816487330     
   197193.99290009309     
   197155.44141545295     
   197129.90010271280     
   197072.22239303944     
   197129.44823692742     
   197119.45382780067     
   197127.84530544706     
   197103.23233396257     
   197125.17615216237     
   197047.99645902231     
   197111.17434546942     
   197101.96696560999     
   197032.99332887059     
   197083.74910572972     
   197138.24032883914     
   197141.33729225062     
   197049.35685491707     
   197076.32239879889     
   197112.41790396863     
   197140.74367687508     
   197116.95511359983     
   197080.90625060175     
   197062.53519190120     
   197028.75845004295     
   196921.97403746520     
   196972.75544400618     
   196946.57290465260     
   196940.13457363792     
   196902.37238182593     
   196909.58328538525     
   196971.73015444411     
   197077.69238862366     
   197024.25256961075     
   196983.14967383406     
   196922.46641343911     
   196900.17062916540     
   196902.43717604876     
   196761.63223967465     
   196866.85328547549     
   196892.13068859110     
   196928.56618187201     
   196863.17038116849     
   196889.87143146878     
   196773.38612911847     
   196711.12208259499     
   196719.58392958017     
   196789.38693170602     
   196848.45329902993     
   196804.06870894838     
   196819.65563761623     
   196873.86702027463     
   196864.24312471793     
   196760.08660438034     
   196728.16708064789     
   196699.38285568907     
   196676.28796365845     
   196622.12662937574     
   196639.96519098515     
   196683.50621860335     
   196609.63162913968     
   196559.86993823753     
   196568.06253962545     
   196533.84279108979     
   196465.14198616668     
   196491.57742712833     
   196621.09839415576     
   196523.12089328741     
   196567.19536269721     
   196503.86229375436     
   196579.01412072653     
   196580.76901589555     
   196587.80868694466     
   196484.94816698667     
   196552.27324563335     
   196590.05206105727     
   196602.95601503717     
   196621.99316280155     
   196579.49724257697     
   196512.83577638719     
   196511.64566762766     
   196524.99086334009     
   196505.81702928615     
   196500.37859561580     
   196519.08285714319     
   196528.64607843797     
   196582.82065070566     
   196633.44308213837     
   196611.18848825374     
   196565.51630497564     
   196559.08072016455     
   196496.48233249201     
   196401.32905037847     
   196488.72161216801     
   196402.06811193112     
   196362.84073456339     
   196326.19846658257     
   196460.13033465738     
   196534.37518521128     
   196618.23206585913     
   196499.80573706768     
   196569.50409708827     
   196576.75744367571     
   196616.70700940557     
   196623.14036165056     
   196667.29716042857     
   196685.09702697623     
   196712.35269693256     
   196631.60296044109     
   196557.04360232741     
   196629.93620066805     
   196582.65135178418     
   196613.05731978075     
   196615.91648985696     
   196591.24201198394     
   196592.53497973250     
   196539.61761105154     
   196563.94036312241     
   196541.02851288955     
   196544.35487934822     
   196611.60724499737     
   196634.90792604536     
   196677.59432953980     
   196691.50570103206     
   196688.30028958651     
   196599.92363493156     
   196690.78020209324     
   196777.26142607557     
   196694.46513031161     
   196734.43917310686     
   196720.04858144847     
   196667.54512930653     
   196592.27704247923     
   196598.46999284290     
   196611.99996830648     
   196467.59615535437     
   196539.97891388589     
   196571.87450356127     
   196585.57464459148     
   196614.72308725413     
   196508.52955357105     
   196416.99314647695     
   196499.67468260397     
   196507.88836071818     
   196364.39929741016     
   196252.07230674251     
   196102.46287325976     
   196109.91526232762     
   196129.04853064776     
   196207.26494276698     
   196312.55227563344     
   196367.52468029357     
   196277.85686870720     
   196232.45109401605     
   196124.18241146306     
   196139.26311374197     
   196228.76165258948     
   196211.28285649366     
   196210.32349961749     
   196322.71982366760     
   196341.68875574047     
   196391.44045147632     
   196279.31493382971     
   196318.19567181327     
   196303.63666308139     
   196150.02717973158     
   196175.40691163717     
   196119.68045199799     
   196071.01361842247     
   196178.49671471142     
   196172.22830404397     
   196240.66524687025     
   196131.99755850792     
   196150.32557768596     
   196166.46210704572     
   196256.26414988108     
   196303.23901673470     
   196179.76131854474     
   196188.25057571058     
   196303.47418375796     
   196236.62712591756     
   196198.84566467398     
   196259.87699149124     
   196286.31341339223     
   196285.28811978415     
   196180.55095746464     
   196278.57041475957     
   196288.40245748198     
   196295.86630851286     
   196295.52771076179     
   196349.04845613538     
   196304.80695594547     
   196348.13092360299     
   196281.96556848727     
   196221.08638648805     
   196103.84804434708     
   196214.48113917641     
   196297.99487357037     
   196315.59772169992     
   196397.75946631579     
   196366.69357986291     
   196410.08712309599     
   196355.10371051895     
   196334.08400914050     
   196391.87097429932     
   196288.90747387579     
   196277.08467362050     
   196330.92926556786     
   196228.37083995453     
   196143.73035284420     
   196194.89990606109     
   196266.29855876154     
   196262.18915501866     
   196271.54860115741     
   196276.25842651521     
   196370.77408899367     
   196315.20374708434     
   196305.93200149867     
   196288.39094990332     
   196351.13137422828     
   196392.92596135705     
   196425.64176728795     
   196364.86930227233     
   196292.82040809939     
   196312.24824521979     
   196369.51780942312     
   196386.27812755198     
   196353.45438844082     
   196462.76264539707     
   196411.09900592253     
   196436.57768328735     
   196545.64643308934     
   196454.53992704485     
   196552.96377998556     
   196692.61708946651     
   196686.52812647511     
   196643.36885798009     
   196573.53926518286     
   196542.20823445139     
   196692.83578248270     
   196626.60040710273     
   196583.13400667772     
   196664.41020198495     
   196635.74589757260     
   196584.24887538739     
   196545.79582055600     
   196560.31482390029     
   196499.11871084204     
   196450.91309180253     
   196492.11062904788     
   196530.03746992134     
   196541.31058437185     
   196465.07240759808     
   196429.90740208235     
   196431.08371302765     
   196485.34500621210     
   196531.99632947633     
   196540.75667058118     
   196637.82805955579     
   196560.88647690209     
   196582.36192202920     
   196549.81200995119     
   196607.10199746347     
   196581.02171028760     
   196572.99730913289     
   196488.11077818493     
   196513.17783126299     
   196389.15012266944     
   196340.53093131116     
   196322.42433590756     
   196335.72649555438     
   196291.28573894268     
   196290.80371183780     
   196392.88075583897     
   196268.94880721407     
   196320.20288730777     
   196228.37931507584     
   196195.05661020533     
   196171.40910447194     
   196303.18311836995     
   196307.74130314853     
   196306.72445259563     
   196246.85944239201     
   196348.46130215059     
   196350.23028071754     
   196384.64830127155     
   196411.82912980893     
   196427.83100894495     
   196438.46269711980     
   196479.03754263601     
   196355.33485165387     
   196355.37004465124     
   196340.18085413807     
   196331.19232072317     
   196276.96273054319     
   196271.56693570912     
   196284.70368278163     
   196365.03393315608     
   196431.77983358630     
   196337.50257841416     
   196399.25823864737     
   196378.69153834131     
   196321.73653884127     
   196262.98558701054     
   196193.23090859255     
   196159.19767599361     
   196172.59219030221     
   196180.26704516748     
   196289.23724775334     
   196197.25243382744     
   196194.09228601106     
   196263.93130719906     
   196207.89097653635     
   196264.19558028848     
   196267.72718221886     
   196287.10634901366     
   196244.29170746726     
   196204.10932021725     
   196135.94925943739     
   196151.13201684333     
   196068.70488063095     
   196127.10905570773     
   196138.67098979850     
   196180.28292110190     
   196257.98297377364     
   196281.95659675510     
   196175.62648483994     
   196109.73894472810     
   196098.67033439322     
   196076.77549884032     
   196071.85950485783     
   196078.86643291166     
   196154.49101240106     
   196216.55559643536     
   196248.78357768300     
   196128.81113490750     
   196137.92032367791     
   196115.19141771938     
