tried moves    experiment_1   _      experiment_2    _       Bragg          _         bvs    _                                                                                                                                                                                                                                                                                                                                                                                                                                  
  OPTIMIZATION STUFF
           1   0.0000000000000000        0.0000000000000000     
   0.0000000000000000        0.0000000000000000     
        0        1   0.914E+00   0.000E+00  -0.127E+00   0.000E+00   0.158E-01   0.000E+00
  OPTIMIZATION STUFF
           1 -0.40107057060231455       0.16085760260326618     
   0.0000000000000000      -0.40107057060231455     
        0     2995  -0.326E-01   0.528E+01   0.986E-02   0.172E+01  -0.971E-03   0.177E+00
  OPTIMIZATION STUFF
        2995 -0.60235456877329951        3.4348909089531072     
   1.7527292667240539       -2.3550838354973536     
        0     2656  -0.285E-02   0.514E+01  -0.584E-04   0.173E+01  -0.282E-03   0.177E+00
  OPTIMIZATION STUFF
        2656 -0.57320671962791392        3.0312957480139033     
   1.6439981157493184       -2.2172048353772325     
        0     4883   0.106E-01   0.510E+01   0.234E-02   0.181E+01  -0.336E-03   0.181E+00
  OPTIMIZATION STUFF
        4883 -0.58466678090239133        3.1010773041794302     
   1.6610966436329540       -2.2457634245353453     
        0     5938   0.261E-02   0.524E+01   0.504E-02   0.177E+01  -0.575E-03   0.178E+00
  OPTIMIZATION STUFF
        5938 -0.62296138136985557        3.4464638586068488     
   1.7488233118095751       -2.3717846931794306     
        0     5752  -0.102E-02   0.511E+01  -0.463E-02   0.190E+01   0.445E-03   0.186E+00
  OPTIMIZATION STUFF
        5752 -0.58475862924351230        3.0095238891902198     
   1.6332731659815722       -2.2180317952250848     
        0     5873   0.190E-01   0.531E+01  -0.208E-02   0.190E+01   0.799E-04   0.190E+00
  OPTIMIZATION STUFF
        5873 -0.61294931127572649        3.2399566544388896     
   1.6924094647116288       -2.3053587759873553     
        0     5954  -0.843E-04   0.522E+01   0.296E-02   0.184E+01   0.966E-04   0.185E+00
  OPTIMIZATION STUFF
        5954 -0.56816366595977286        3.1342008127801013     
   1.6767202692945693       -2.2448839352543422     
        0     5789  -0.519E-02   0.544E+01  -0.556E-02   0.193E+01   0.385E-03   0.185E+00
  OPTIMIZATION STUFF
        5789 -0.62746821431188649        3.4746731429300759     
   1.7552654451558967       -2.3827336594677830     
        0     5770  -0.834E-02   0.508E+01   0.267E-02   0.180E+01  -0.192E-03   0.184E+00
  OPTIMIZATION STUFF
        5770 -0.58989383190091949        2.9807899735454946     
   1.6225952177393919       -2.2124890496403111     
        0     5787  -0.643E-02   0.536E+01   0.388E-03   0.186E+01  -0.413E-03   0.186E+00
  OPTIMIZATION STUFF
        5787 -0.61184550679311445        3.3707031286586284     
   1.7309963040040570       -2.3428418107971716     
        0     6007   0.984E-02   0.500E+01  -0.865E-02   0.176E+01   0.231E-03   0.179E+00
  OPTIMIZATION STUFF
        6007 -0.59755819171753932        3.0062207260664757     
   1.6276194068570637       -2.2251775985746032     
        0     5749   0.278E-01   0.500E+01  -0.146E-02   0.177E+01   0.347E-03   0.178E+00
  OPTIMIZATION STUFF
        5749 -0.57973350284515801        2.9012247390947623     
   1.6016035104774358       -2.1813370133225938     
        0     5873  -0.706E-03   0.515E+01   0.126E-02   0.179E+01   0.298E-03   0.179E+00
  OPTIMIZATION STUFF
        5873 -0.58455827418819239        3.1818150862016061     
   1.6852616147885551       -2.2698198889767474     
        0     3220  -0.761E-02   0.502E+01  -0.349E-02   0.183E+01   0.339E-03   0.187E+00
  OPTIMIZATION STUFF
        3220 -0.62075273849910018        3.1823147535595724     
   1.6724176485571540       -2.2931703870562541     
        0     4236   0.113E-01   0.506E+01  -0.343E-02   0.183E+01   0.253E-03   0.186E+00
  OPTIMIZATION STUFF
        4236 -0.60506981685068795        3.0630515608302225     
   1.6422369127402103       -2.2473067295908984     
        0     5787   0.680E-02   0.505E+01  -0.607E-04   0.176E+01   0.202E-03   0.182E+00
  OPTIMIZATION STUFF
        5787 -0.60693099572977927        3.0501561088961213     
   1.6376174386341211       -2.2445484343639004     
        0     6167  -0.408E-02   0.530E+01   0.426E-02   0.188E+01   0.611E-04   0.189E+00
  OPTIMIZATION STUFF
        6167 -0.59595593545406755        3.2016990066681545     
   1.6871679020373822       -2.2831238374914498     
        0     5946   0.929E-02   0.526E+01  -0.358E-02   0.181E+01   0.444E-03   0.186E+00
  OPTIMIZATION STUFF
        5946 -0.60241422209359785        3.2704623743431074     
   1.7051567316122214       -2.3075709537058193     
        0     5093   0.109E-01   0.541E+01   0.677E-03   0.189E+01  -0.354E-03   0.190E+00
  OPTIMIZATION STUFF
        5093 -0.62116365055176515        3.3917223263698655     
   1.7337468228097983       -2.3549104733615636     
        0     5145   0.151E-01   0.526E+01  -0.187E-02   0.189E+01   0.259E-03   0.189E+00
  OPTIMIZATION STUFF
        5145 -0.61904155425497420        3.2842907115181132     
   1.7032551968579750       -2.3222967511129493     
        0     5170   0.144E-01   0.563E+01  -0.845E-02   0.194E+01   0.107E-02   0.194E+00
  OPTIMIZATION STUFF
        5170 -0.67552313066742187        3.7943400025104164     
   1.8270217575178742       -2.5025448881852963     
        0     5212  -0.217E-01   0.512E+01   0.105E-01   0.179E+01  -0.914E-03   0.175E+00
  OPTIMIZATION STUFF
        5212 -0.59378339601252450        3.1246135260709162     
   1.6649428833118420       -2.2587262793243665     
        0     5445  -0.226E-02   0.532E+01   0.189E-02   0.184E+01  -0.240E-03   0.184E+00
  OPTIMIZATION STUFF
        5445 -0.57636461458539068        3.1974635290846569     
   1.6927100638143824       -2.2690746783997731     
        0        1   0.202E+01   0.000E+00  -0.441E+00   0.000E+00   0.343E-01   0.000E+00
  OPTIMIZATION STUFF
           1 -0.80872592527884990       0.65403762221813189     
   0.0000000000000000      -0.80872592527884990     
        0        1   0.204E+02   0.000E+00  -0.696E+01   0.000E+00   0.859E+00   0.000E+00
  OPTIMIZATION STUFF
           1  -7.9568025929620489        63.310707503367588     
   0.0000000000000000       -7.9568025929620489     
        0        1  -0.210E+02   0.000E+00   0.742E+01   0.000E+00  -0.880E+00   0.000E+00
  OPTIMIZATION STUFF
           1 -0.73123295343248174       0.53470163218558997     
   0.0000000000000000      -0.73123295343248174     
        0        1  -0.118E+01   0.000E+00  -0.185E-01   0.000E+00  -0.112E-01   0.000E+00
  OPTIMIZATION STUFF
           1 -0.12677791948954109       1.60726408700965634E-002
   0.0000000000000000      -0.12677791948954109     
        0        1  -0.115E+00   0.000E+00   0.104E-01   0.000E+00   0.151E-01   0.000E+00
  OPTIMIZATION STUFF
           1  4.45657013769960031E-002  1.98610173922358349E-003
   0.0000000000000000       4.45657013769960031E-002
        0        1  -0.535E+00   0.000E+00  -0.234E+00   0.000E+00   0.260E-01   0.000E+00
  OPTIMIZATION STUFF
           1  0.37133446063671727       0.13788928165636172     
   0.0000000000000000       0.37133446063671727     
        0        1  -0.132E+01   0.000E+00  -0.713E-01   0.000E+00   0.170E-01   0.000E+00
  OPTIMIZATION STUFF
           1  0.68911591001960915       0.47488073744215403     
   0.0000000000000000       0.68911591001960915     
        0        1   0.158E+01   0.000E+00   0.160E+00   0.000E+00   0.319E-01   0.000E+00
  OPTIMIZATION STUFF
           1 -0.88812463691283483       0.78876537069155472     
   0.0000000000000000      -0.88812463691283483     
        0        1   0.869E+01   0.000E+00   0.223E+01   0.000E+00  -0.313E-01   0.000E+00
  OPTIMIZATION STUFF
           1  -5.4412749564799014        29.607473152015352     
   0.0000000000000000       -5.4412749564799014     
        0        1  -0.878E+01   0.000E+00  -0.223E+01   0.000E+00   0.217E-01   0.000E+00
  OPTIMIZATION STUFF
           1  5.32823907415149733E-002  2.83901316313148059E-003
   0.0000000000000000       5.32823907415149733E-002
        0        1   0.712E+00   0.000E+00   0.201E+00   0.000E+00  -0.131E-01   0.000E+00
  OPTIMIZATION STUFF
           1 -0.45008238393347710       0.20257415232724188     
   0.0000000000000000      -0.45008238393347710     
        0        1   0.329E-01   0.000E+00  -0.507E-01   0.000E+00   0.806E-02   0.000E+00
  OPTIMIZATION STUFF
           1  4.89505281439051032E-003  2.39615420556724559E-005
   0.0000000000000000       4.89505281439051032E-003
        0        1   0.482E+00   0.000E+00   0.466E-01   0.000E+00   0.137E-01   0.000E+00
  OPTIMIZATION STUFF
           1 -0.27105254273919854       7.34694809253850500E-002
   0.0000000000000000      -0.27105254273919854     
        0        1  -0.127E+01   0.000E+00   0.322E+00   0.000E+00  -0.227E-01   0.000E+00
  OPTIMIZATION STUFF
           1  0.48448124545393512       0.23472207719659613     
   0.0000000000000000       0.48448124545393512     
        0        1   0.565E+00   0.000E+00   0.598E-01   0.000E+00  -0.249E-01   0.000E+00
  OPTIMIZATION STUFF
           1 -0.29968546307645738       8.98113767793507073E-002
   0.0000000000000000      -0.29968546307645738     
        0        1  -0.348E+01   0.000E+00   0.364E+01   0.000E+00  -0.408E+00   0.000E+00
  OPTIMIZATION STUFF
           1 -0.17514814515016042       3.06768727495416622E-002
   0.0000000000000000      -0.17514814515016042     
        0        1   0.235E+01   0.000E+00  -0.356E+01   0.000E+00   0.420E+00   0.000E+00
  OPTIMIZATION STUFF
           1  0.21877007436705753       4.78603454385678820E-002
   0.0000000000000000       0.21877007436705753     
        0        1  -0.305E+00   0.000E+00   0.446E-01   0.000E+00  -0.271E-01   0.000E+00
  OPTIMIZATION STUFF
           1  0.14357756444951519       2.06145170132546879E-002
   0.0000000000000000       0.14357756444951519     
        0        1  -0.484E+00   0.000E+00  -0.225E+00   0.000E+00   0.112E-01   0.000E+00
  OPTIMIZATION STUFF
           1  0.34932107938220724       0.12202521650075034     
   0.0000000000000000       0.34932107938220724     
        0        1  -0.339E+00   0.000E+00   0.280E+00   0.000E+00  -0.116E-01   0.000E+00
  OPTIMIZATION STUFF
           1  3.50495952152414247E-002  1.22847412475227450E-003
   0.0000000000000000       3.50495952152414247E-002
        0        1   0.394E+00   0.000E+00   0.943E-01   0.000E+00  -0.110E-01   0.000E+00
  OPTIMIZATION STUFF
           1 -0.23844995585386641       5.68583814467108414E-002
   0.0000000000000000      -0.23844995585386641     
        0        1  -0.130E+01   0.000E+00   0.448E-01   0.000E+00  -0.139E-01   0.000E+00
  OPTIMIZATION STUFF
           1  0.63541985748452134       0.40375839528564944     
   0.0000000000000000       0.63541985748452134     
        0        1  -0.238E+01   0.000E+00  -0.556E-01   0.000E+00  -0.613E-02   0.000E+00
  OPTIMIZATION STUFF
           1   1.2191242935077753        1.4862640430208323     
   0.0000000000000000        1.2191242935077753     
        0        1   0.646E+01   0.000E+00   0.108E+01   0.000E+00   0.707E-02   0.000E+00
  OPTIMIZATION STUFF
           1  -3.7752721113356529        14.252679514628758     
   0.0000000000000000       -3.7752721113356529     
        0        1  -0.453E+01   0.000E+00  -0.648E+00   0.000E+00  -0.521E-01   0.000E+00
  OPTIMIZATION STUFF
           1  -1.1594613474007929        1.3443506161164620     
   0.0000000000000000       -1.1594613474007929     
        0        1  -0.182E+01   0.000E+00  -0.170E+00   0.000E+00   0.546E-01   0.000E+00
  OPTIMIZATION STUFF
           1 -0.19191977493755985       3.68332000120836292E-002
   0.0000000000000000      -0.19191977493755985     
        0        1   0.776E+00   0.000E+00  -0.146E-01   0.000E+00  -0.900E-02   0.000E+00
  OPTIMIZATION STUFF
           1 -0.37613154879363719       0.14147494199790028     
   0.0000000000000000      -0.37613154879363719     
        0        1   0.887E+00   0.000E+00  -0.353E+00   0.000E+00   0.487E-01   0.000E+00
  OPTIMIZATION STUFF
           1 -0.66769176526577212       0.44581229340372291     
   0.0000000000000000      -0.66769176526577212     
        0        1   0.412E+00   0.000E+00   0.405E+00   0.000E+00  -0.321E-01   0.000E+00
  OPTIMIZATION STUFF
           1 -0.39225161570357159       0.15386133002206240     
   0.0000000000000000      -0.39225161570357159     
        0        1   0.681E+01   0.000E+00  -0.647E+00   0.000E+00   0.450E+00   0.000E+00
  OPTIMIZATION STUFF
           1  -3.3055226621072507        10.926480069704605     
   0.0000000000000000       -3.3055226621072507     
        0     3816  -0.198E-01   0.503E+01  -0.267E-02   0.180E+01  -0.829E-04   0.175E+00
  OPTIMIZATION STUFF
        3816 -0.55521297108079315        2.8892254659876668     
   1.6065378995626916       -2.1617508706434849     
        0     5485   0.117E-01   0.534E+01  -0.727E-02   0.184E+01   0.720E-03   0.186E+00
  OPTIMIZATION STUFF
        5485 -0.59139155106139174        3.2835155713323934     
   1.7128256200400538       -2.3042171711014454     
        0     4743   0.220E-01   0.520E+01  -0.972E-02   0.171E+01   0.995E-03   0.177E+00
  OPTIMIZATION STUFF
        4743 -0.60697076233557057        3.2116741933700608     
   1.6861971080036393       -2.2931678703392100     
        0     5254   0.369E-02   0.514E+01  -0.152E-02   0.181E+01   0.361E-03   0.184E+00
  OPTIMIZATION STUFF
        5254 -0.59381013072155442        3.1248560202731079     
   1.6650061708370807       -2.2588163015586353     
        0     3430  -0.109E-02   0.517E+01  -0.267E-02   0.178E+01   0.228E-03   0.176E+00
  OPTIMIZATION STUFF
        3430 -0.60982902024668284        3.3370524608200549     
   1.7219642931504200       -2.3317933133971027     
        0        1  -0.100E+01   0.000E+00   0.236E+00   0.000E+00  -0.735E-02   0.000E+00
  OPTIMIZATION STUFF
           1  0.38660876303038094       0.14946633565188125     
   0.0000000000000000       0.38660876303038094     
        0        1  -0.673E+00   0.000E+00   0.276E+00   0.000E+00  -0.176E-01   0.000E+00
  OPTIMIZATION STUFF
           1  0.20697848559939303       4.28400935010181463E-002
   0.0000000000000000       0.20697848559939303     
        0        1  -0.298E+00   0.000E+00  -0.493E-01   0.000E+00   0.282E-01   0.000E+00
  OPTIMIZATION STUFF
           1  0.15937751227465924       2.54011914188591557E-002
   0.0000000000000000       0.15937751227465924     
        0        1  -0.212E+00   0.000E+00  -0.160E-01   0.000E+00  -0.319E-02   0.000E+00
  OPTIMIZATION STUFF
           1  0.11576960417733062       1.34026012513758074E-002
   0.0000000000000000       0.11576960417733062     
        0        1  -0.125E+00   0.000E+00   0.868E-01   0.000E+00  -0.237E-01   0.000E+00
  OPTIMIZATION STUFF
           1  3.10888525709742680E-002  9.66516754179773375E-004
   0.0000000000000000       3.10888525709742680E-002
        0        1  -0.412E-01   0.000E+00   0.897E-01   0.000E+00   0.207E-01   0.000E+00
  OPTIMIZATION STUFF
           1 -3.45890116877853870E-002  1.19639972953775411E-003
   0.0000000000000000      -3.45890116877853870E-002
        0        1  -0.420E+00   0.000E+00  -0.293E+00   0.000E+00   0.399E-01   0.000E+00
  OPTIMIZATION STUFF
           1  0.33648787457786966       0.11322408973793215     
   0.0000000000000000       0.33648787457786966     
        0        1  -0.166E+00   0.000E+00   0.127E+00   0.000E+00  -0.366E-02   0.000E+00
  OPTIMIZATION STUFF
           1  2.11769813031423837E-002  4.48464537113642118E-004
   0.0000000000000000       2.11769813031423837E-002
        0        1   0.142E+01   0.000E+00   0.924E-01   0.000E+00  -0.510E-02   0.000E+00
  OPTIMIZATION STUFF
           1 -0.75207339259213768       0.56561438784504769     
   0.0000000000000000      -0.75207339259213768     
        0        1  -0.203E+01   0.000E+00  -0.798E-01   0.000E+00   0.117E-01   0.000E+00
  OPTIMIZATION STUFF
           1  0.29499168462643865       8.70200939987442468E-002
   0.0000000000000000       0.29499168462643865     
        0        1   0.632E+00   0.000E+00  -0.304E+00   0.000E+00   0.612E-01   0.000E+00
  OPTIMIZATION STUFF
           1 -0.19464748525933828       3.78876435177843141E-002
   0.0000000000000000      -0.19464748525933828     
        0     1041  -0.105E-01   0.473E+01   0.100E-01   0.150E+01  -0.198E-03   0.163E+00
  OPTIMIZATION STUFF
        1041 -0.54801903008454278        2.7767782548840225     
   1.5736751245251415       -2.1216941546096844     
        0     5804   0.118E-01   0.511E+01  -0.237E-02   0.172E+01   0.364E-03   0.174E+00
  OPTIMIZATION STUFF
        5804 -0.59285999174700166        3.1363041884325766     
   1.6687783611427618       -2.2616383528897632     
        0     5882  -0.542E-02   0.511E+01  -0.164E-02   0.181E+01   0.455E-04   0.182E+00
  OPTIMIZATION STUFF
        5882 -0.60224546546279301        3.0622507407270971     
   1.6430310831072554       -2.2452765485700485     
        0     5899  -0.901E-02   0.517E+01   0.404E-02   0.179E+01  -0.300E-03   0.181E+00
  OPTIMIZATION STUFF
        5899 -0.59419441099681924        3.2013851602465442     
   1.6876961107340052       -2.2818905217308245     
        0     6078   0.224E-01   0.536E+01  -0.936E-02   0.190E+01   0.666E-03   0.188E+00
  OPTIMIZATION STUFF
        6078 -0.59405847164629944        3.2663665239325939     
   1.7068863630007292       -2.3009448346470287     
        0     5579   0.195E-03   0.537E+01   0.912E-02   0.177E+01  -0.771E-03   0.185E+00
  OPTIMIZATION STUFF
        5579 -0.59798662184469242        3.2244009074660744     
   1.6931665327311567       -2.2911531545758490     
        0     6066  -0.156E-01   0.544E+01   0.656E-02   0.183E+01  -0.583E-03   0.191E+00
  OPTIMIZATION STUFF
        6066 -0.58292271031502829        3.3457136828727454     
   1.7337574215188603       -2.3166801318338885     
        0     5291   0.979E-02   0.521E+01  -0.252E-02   0.181E+01   0.367E-03   0.188E+00
  OPTIMIZATION STUFF
        5291 -0.59732002051261646        3.1269163438147900     
   1.6643692910257619       -2.2616893115383783     
        0     3056   0.125E-01   0.538E+01  -0.354E-02   0.192E+01   0.154E-03   0.192E+00
  OPTIMIZATION STUFF
        3056 -0.64863163397001422        3.4196735650586407     
   1.7317478362833401       -2.3803794702533541     
        0     5893  -0.209E-02   0.526E+01  -0.335E-02   0.182E+01   0.154E-03   0.183E+00
  OPTIMIZATION STUFF
        5893 -0.60664556424097216        3.3094386255956398     
   1.7150567876844172       -2.3217023519253894     
        0     5795   0.135E-01   0.507E+01   0.341E-02   0.178E+01  -0.135E-03   0.180E+00
  OPTIMIZATION STUFF
        5795 -0.60795774645870349        3.1193391024426838     
   1.6582299240345226       -2.2661876704932262     
        0     5177  -0.198E-01   0.492E+01   0.650E-02   0.178E+01  -0.490E-03   0.179E+00
  OPTIMIZATION STUFF
        5177 -0.55030235777940761        2.8202300388944233     
   1.5866308184063640       -2.1369331761857717     
