   892874.03270016005     
   892874.03270016005     
   892911.63022619439     
   892940.94442896801     
   892895.27396589064     
   892904.32210537978     
   892974.37559667905     
   892975.17201224493     
   893011.63580769673     
   893086.07840213983     
   893044.14554956893     
   893054.19767299143     
   893070.21392303717     
   893099.21572312573     
   893219.09013228491     
   893170.81331709283     
   893127.64222060400     
   893129.28840148414     
   893111.70631021075     
   893159.25527272967     
   893182.99872453231     
   893311.31364844774     
   893405.09611231682     
   893359.71013479668     
   893391.66711363988     
   893378.57235539635     
   893375.67348702555     
   893390.60549704591     
   893384.85630162363     
   893331.68562828784     
   893344.45337330003     
   893293.27568812133     
   893276.56081460533     
   893211.72635919589     
   893210.15971396293     
   893240.32126765256     
   893241.14064076729     
   893211.66902891116     
   893233.09249873960     
   893163.45350661059     
   893320.52809398808     
   893231.19582031434     
   893187.21426407376     
   893331.36181706144     
   893210.52947679348     
   893249.62556046899     
   893286.86074539844     
   893301.17178879818     
   893451.09854695445     
   893479.46254355460     
   893389.02465863398     
   893332.77756405901     
   893253.94713908504     
   893244.59279652417     
   893184.02975029871     
   893164.49026065716     
   893186.47197585972     
   893098.63829922047     
   893069.82433023257     
   893097.64789196290     
   893143.15121860593     
   893180.31502687023     
   893138.04372385831     
   893123.58803201118     
   893181.17135857488     
   893137.90596809355     
   893042.18538833363     
   893213.25407888461     
   893185.05171790381     
   893204.65368601086     
   893151.14023059444     
   893094.50042661116     
   893167.64185787318     
   893035.43720953434     
   893083.61349619518     
   893091.10063016380     
   893048.37964562885     
   893057.53854550282     
   893016.24934224808     
   892955.34495852480     
   892998.58597955783     
   892978.37607414299     
   892903.06147656683     
   893037.60462288780     
   893004.33396604878     
   893109.95757243643     
   893104.21673102223     
   893095.97822435317     
   893188.68384054082     
   893271.73411817045     
   893325.48003029858     
   893264.59608101856     
   893175.34165198950     
   893202.44057450967     
   893243.62335612858     
   893298.02609566948     
   893341.32960648718     
   893366.69734796882     
   893486.06556125754     
   893475.85835654743     
   893416.32494403643     
   893530.47003628348     
   893436.19584957988     
   893422.81562166696     
   893378.46744520054     
   893455.46581474377     
   893298.51782695891     
   893290.49392734410     
   893296.98114923434     
   893355.48121110629     
   893281.88190973538     
   893309.63046161528     
   893359.42544411554     
   893324.93329114828     
   893367.37363284524     
   893235.60249835020     
   893235.38130161457     
   893282.27163036575     
   893282.10433890228     
   893278.62105425377     
   893252.18624975241     
   893151.80911199981     
   893248.11130538443     
   893336.83243946906     
   893352.28006075148     
   893370.22820325906     
   893372.82827195560     
   893351.25617992319     
   893397.52289633581     
   893408.43866265542     
   893381.50971160119     
   893362.00366919464     
   893374.06731934554     
   893276.35570090031     
   893328.33774192480     
   893297.86226387101     
   893338.62825245713     
   893306.38932222512     
   893303.48110076017     
   893289.78970632807     
   893332.90598570788     
   893328.73388340988     
   893456.95709229098     
   893485.55757979979     
   893534.36651463865     
   893614.88364455639     
   893651.08463591163     
   893540.84956400678     
   893560.85444603022     
   893627.58527778753     
   893601.70021611010     
   893511.91922990361     
   893475.52946678328     
   893522.12396830053     
   893435.32227761601     
   893482.50673982501     
   893434.97636571690     
   893450.07891000283     
   893461.18146443111     
   893316.11409508681     
   893277.46765217674     
   893220.34017317730     
   893235.15232091665     
   893212.81456193305     
   893279.50642390759     
   893257.93439026945     
   893270.80851184984     
   893273.51466356253     
   893287.34411455318     
   893302.11670615780     
   893239.43587705621     
   893119.43737136165     
   893175.88930369494     
   893067.14804658550     
   893200.99608160823     
   893185.00394679082     
   893162.80079784314     
   893078.43762991368     
   892963.48620446108     
   892956.50115954364     
   892871.71639989514     
   892815.21107446903     
   892707.69916903577     
   892857.24386892247     
   892816.90905866411     
   892777.84553749731     
   892894.25828595483     
   892918.55088690203     
   893009.85198225919     
   893016.35758248833     
   892976.97947187570     
   892905.41098765121     
   892995.32996209245     
   893073.69690028578     
   892988.87484075874     
   892973.42547408200     
   892987.00788748963     
   892982.92719947547     
   892969.53402533056     
   892899.05441938003     
   892969.01589227724     
   892898.45743027341     
   892906.21183192846     
   892966.17436519393     
   892878.32810864272     
   892922.59641230199     
   892908.01504495821     
   892851.95943366224     
   892827.17063138541     
   892858.96152515290     
   892774.53882579389     
   892866.11322360218     
   892919.04023107153     
   892801.20845341275     
   892788.56499031978     
   892798.01008615457     
   892775.91087075113     
   892672.55547304056     
   892638.46529440733     
   892624.23645948968     
   892702.71885891957     
   892912.33993326896     
   892897.24459497724     
   892857.09349480853     
   892851.53269196360     
   892765.84392320889     
   892856.40489247441     
   892861.99677204818     
   892938.86203657277     
   892956.36959723115     
   892838.32839292788     
   892878.92746416398     
   892763.06229538471     
   892791.36203798000     
   892754.41255785816     
   892795.31605051609     
   892851.24255510431     
   892733.39476555248     
   892826.87102424656     
   892728.30340047088     
   892666.00372862269     
   892619.35060097999     
   892687.71797889529     
   892612.83155300352     
   892648.55100684171     
   892600.95838160277     
   892593.09152866271     
   892637.60194917081     
   892668.66668587353     
   892714.30076382984     
   892770.67458000674     
   892796.32606500702     
   892724.87314901419     
   892662.38377080334     
   892508.28820943146     
   892664.46928116458     
   892706.45088625734     
   892641.94233500422     
   892608.32115940808     
   892588.38675956626     
   892620.03028683108     
   892679.96682386531     
   892624.65117410594     
   892632.09765309200     
   892556.01510628208     
   892539.00793020637     
   892460.69120819983     
   892534.70535260357     
   892493.24336046586     
   892413.33247545350     
   892412.05624687532     
   892328.00062876532     
   892324.55301690253     
   892340.87660768884     
   892387.00404930743     
   892323.39108578698     
   892285.44618171093     
   892335.57220285514     
   892357.51004954183     
   892359.66559515428     
   892424.13222971861     
   892403.06886308966     
   892452.32983832224     
   892573.79036410013     
   892581.30519723066     
   892552.54368189152     
   892542.67074260314     
   892536.06305930670     
   892337.04014736600     
   892328.61152982409     
   892381.53891454614     
   892460.93851855036     
   892471.50946473761     
   892444.28999223432     
   892527.27138215711     
   892528.69996541308     
   892385.33672662824     
   892419.17495062959     
   892434.36118466966     
   892404.23197304888     
   892345.36629260448     
   892382.49877660000     
   892382.49877660000     
   892382.45844402921     
   892401.03905267571     
   892551.38766413741     
   892511.47706954635     
   892552.11750644492     
   892503.84737423691     
   892482.30263123009     
   892451.33666641871     
   892511.35351447784     
   892563.44628811348     
   892582.79106991389     
   892582.63100010518     
   892446.13917563809     
   892437.23099862703     
   892402.86049362936     
   892424.25998368207     
   892490.74050028680     
   892422.25956260134     
   892448.06136854773     
   892526.67178658512     
   892527.18070929952     
   892529.83510948671     
   892515.42582683591     
   892490.51155547542     
   892382.86101225566     
   892450.91708928801     
   892380.07057578303     
   892343.76170255512     
   892348.13868484600     
   892297.34159571538     
   892285.15506873047     
   892322.13583855075     
   892378.24156493309     
   892389.26181871817     
   892287.50098860136     
   892314.81475895690     
   892277.95342449576     
   892152.08449915354     
   892194.53381904098     
   892166.87774832034     
   892145.59235837264     
   892192.37328080588     
   892103.28395213920     
   892135.39044565405     
   892114.67851068743     
   892037.82984847622     
   892138.24859174259     
   892073.88802041684     
   892106.78791392420     
   892164.59984481486     
   892099.63937238266     
   892078.83699768689     
   892068.83162079693     
   892053.49436187919     
   892123.88500852394     
   892061.78920825117     
   892175.12743842986     
   892093.73617154988     
   892105.00782446866     
   892195.46847190580     
   892168.50825010845     
   892050.88307024015     
   892081.01640601386     
   891998.31105223473     
   892018.17673472047     
   891967.80519722123     
   892033.25851322501     
   891991.74373488419     
   891935.30925747438     
   891881.19772657834     
   891988.37294186547     
   892034.07839175803     
   892047.24893960916     
   892089.86958641256     
   892082.86262861895     
   892086.55299301841     
   892074.59097199375     
   892065.39376816154     
   892169.70744001772     
   892140.80293875304     
   892219.64666646975     
   892176.87263999542     
   892078.98022869695     
   892102.52241642377     
   892053.32436639175     
   892018.38267723063     
   891998.18229919649     
   892012.17188991245     
   892024.22968103981     
   891920.69588907680     
   891980.39637265122     
   891932.27820545994     
   891858.44671105046     
   891869.27648265229     
   892017.30834674730     
   892009.93401608570     
   892021.82012757135     
   891903.87693421799     
   891885.39186864824     
   891820.83421045926     
   891877.48211084527     
   891815.83391289972     
   891878.97002451378     
   891752.23850844463     
   891807.39873157302     
   891814.70726765890     
   891811.75377966533     
   891855.45697514806     
   891890.46278260078     
   891916.25472625985     
   891941.57747022319     
   891918.96886831883     
   891934.14230820409     
   891885.52235032455     
   891849.08667639387     
   891883.79715925222     
   891821.01037791744     
   891714.01291069039     
   891736.12321765791     
   891836.56522541516     
   891802.95817478164     
   891819.11927791953     
   891822.59997179359     
   891780.36438067595     
   891827.08178735082     
   891836.99811961944     
   891890.50549010397     
   891873.79174413090     
   891822.38851243386     
   891745.94973530294     
   891748.58319290122     
   891860.75089279551     
   891736.01964050555     
   891740.77614069812     
   891736.01679351693     
   891784.97720838652     
   891822.45096141717     
   891839.71934933157     
   891746.08233657607     
   891763.53833414870     
   891797.72144976037     
   891767.28157940554     
   891735.73155699472     
   891733.81870787626     
   891710.63743292785     
   891705.50123872154     
   891707.37611414609     
   891643.86785688356     
   891589.84451591771     
   891559.06523447158     
   891572.63689364714     
   891555.25482223800     
   891548.34761301160     
   891590.66520624154     
   891565.01952121430     
   891659.82380996959     
   891763.67117813474     
   891706.82355201279     
   891638.84434458660     
   891698.16976647044     
   891689.11046541331     
   891584.36439506069     
   891586.27335143124     
   891589.29876476573     
   891732.86438655597     
   891746.40708715655     
   891900.43957016279     
   891850.48682497116     
   891892.29099272296     
   891941.23953759053     
   892004.75432227075     
   891962.45674932085     
   891886.17994523235     
   891833.57076926914     
   891837.74927040027     
   891870.07042264461     
   891829.76133724197     
   891836.46791860915     
   891820.23517322796     
   891831.36066243867     
   891788.94762644032     
   891738.21033671394     
   891652.78746033029     
   891769.28483241389     
   891796.67612708441     
   891785.74198909709     
   891675.76387190097     
   891713.15119155170     
   891783.57739326765     
   891737.12956280785     
   891641.23405090242     
   891559.53246564756     
   891455.40471159236     
   891526.98113218648     
   891539.44248541270     
   891544.75976257620     
   891578.21695834934     
   891570.47458538436     
   891742.18618362339     
   891647.37498264422     
   891639.38903008052     
   891551.38262922270     
   891530.57117638818     
   891471.29193552653     
   891622.06959656102     
   891697.69703849778     
   891693.76786465268     
   891673.95707398781     
   891716.01678353478     
   891773.61038437427     
   891708.04078016558     
   891605.59409138432     
   891613.22129087697     
   891679.08507995214     
   891653.11150270794     
   891653.57157710905     
   891727.62193974108     
   891780.93416327622     
   891801.96953422518     
   891649.48285179888     
   891729.50035538711     
   891808.14394983125     
   891738.96419941890     
   891767.30187782983     
   891759.96987793455     
   891683.28971974459     
   891694.20182598988     
   891700.03745166981     
   891680.50312425557     
   891645.92427315528     
   891732.57977390406     
   891709.40801570599     
   891600.71315787057     
   891547.28471574036     
   891637.33511631237     
   891633.10839442315     
   891603.26218653575     
   891630.51348081254     
   891618.49730665714     
   891614.10277410550     
   891684.28086647554     
   891695.89732341026     
   891682.88965426502     
   891661.34418826492     
   891647.67824260111     
   891597.33664541703     
   891509.02441578661     
   891500.42847110168     
   891518.50792076264     
   891612.28222173208     
   891805.37377891073     
   891864.43444561749     
   891876.21091235650     
   891860.37144541147     
   891967.90748441895     
   891917.15222469100     
   891995.26201612665     
   891938.39188989345     
   891898.00494773558     
   891890.52348994312     
   891972.33414423035     
   891942.79100573657     
   892026.50282039505     
   892043.48994837678     
   892066.83010181610     
   892009.84076314478     
   891921.00100236549     
   891929.42271646869     
   891824.71271803789     
   891800.72277858644     
   891794.94497041823     
   891802.26208321168     
   891816.56827239436     
   891827.46189694351     
   891907.70378639293     
   891940.40334868594     
   891798.34129309875     
   891742.81610163697     
   891701.34001590102     
   891711.45638657489     
   891682.51253398787     
   891496.70479942707     
   891507.94611565850     
   891497.17765748932     
   891519.80707658653     
   891562.41654428514     
   891472.87231372006     
   891401.00284526288     
   891402.45248195902     
   891381.08410767990     
   891390.39614737744     
   891528.01265357481     
   891428.67811499489     
   891327.41707249184     
   891455.13769456372     
   891432.49416700867     
   891392.95102018572     
   891302.59012611746     
   891289.94338055653     
   891369.39110054774     
   891278.41530646523     
   891121.64390468108     
   891154.07225730480     
   891085.08207604953     
   891108.38089833362     
   891096.68709576200     
   891126.48028419982     
   891096.17032393755     
   891048.14864562545     
   891023.75289386895     
   891063.10878984362     
   891156.13192660327     
   891154.53276971448     
   891209.91207147576     
   891199.39781342575     
   891298.11034145765     
   891366.54416238226     
   891270.85671505716     
   891206.40624386969     
   891074.97234537615     
   891073.79359627026     
   891112.91318856389     
   891156.23365379567     
   891167.97210569191     
   891173.92104972713     
   891237.56278972921     
   891081.25240460190     
   891080.80834272120     
   891173.83757304878     
   891214.41358414525     
   891231.59759527049     
   891174.05055513594     
   891229.97290296969     
   891218.51870497561     
   891144.22906409844     
   891147.87233087700     
   891225.97998990747     
   891195.85609745467     
   891165.92573025113     
   891100.25432777591     
   891141.38040232414     
   891119.38104330143     
   891059.54318490787     
   891108.47799718264     
   891003.83235225955     
   891005.09249865578     
   891054.56591403566     
   891020.05414368969     
   891037.77169873705     
   891021.76444898266     
   890943.17245551816     
   890918.81904469000     
   890899.20673804951     
   890886.67722324224     
   890750.00652099680     
   890715.85314381239     
   890826.48308081622     
   890859.56637906341     
   890839.06950029696     
   890745.89796113770     
   890801.29401122010     
   890745.43795763329     
   890746.76048913994     
   890737.99600995635     
   890747.38904421660     
   890743.14138548379     
   890756.84187878889     
   890842.49125929968     
   890929.99031132902     
   890918.71953776607     
   890916.93910366262     
   890947.33472545759     
   890919.61244047910     
   890820.75046526617     
   890807.69411782676     
   890827.93764788855     
   890861.03697213437     
   890921.36687286268     
   890951.54979751597     
   890845.95240558195     
   890871.22699094668     
   890883.14760083635     
   890824.30672737129     
   890740.13045662665     
   890805.77948764747     
   890882.79174087674     
   890849.91050014086     
   890803.44529441989     
   890737.55341007293     
   890733.51257092739     
   890630.18137448991     
   890666.89351148263     
   890575.25124455185     
   890595.86824127263     
   890594.99135978473     
   890642.98676728900     
   890730.36604319280     
   890654.23224189901     
   890607.43910358474     
   890716.56235255802     
   890690.06528847537     
   890678.47480528965     
   890657.12000330130     
   890668.89409885905     
   890764.63516783691     
   890819.39878659404     
   890790.56427897688     
   890672.28883875138     
   890637.79847369366     
   890637.19018070889     
   890693.49362545682     
   890738.61376558244     
   890794.30226939276     
   890760.34977039206     
   890726.94333755528     
   890745.77617792320     
   890774.97382194654     
   890754.32467332250     
   890821.93159126060     
   890844.81333569763     
   890903.34371727682     
   890862.10288647516     
   890916.96323150396     
   890873.62196872209     
   890756.16745391919     
   890832.13532739272     
   890646.95631921664     
   890624.46247205872     
   890723.74245256453     
   890660.03063976008     
   890754.63330356590     
   890635.48295893450     
   890655.65562324075     
   890571.08599444397     
   890507.75285195489     
   890595.15120129986     
   890455.08203573874     
   890485.14496663411     
   890522.07321646705     
   890601.16872117238     
   890583.39135355514     
   890627.48824573739     
   890619.30760372384     
   890517.42472750845     
   890536.34951196692     
   890452.14089659846     
   890472.34801826288     
   890430.77806717181     
   890512.47955198167     
   890411.11076546938     
   890269.38645358139     
   890373.82733419049     
   890373.88137611479     
   890406.56888647028     
   890487.22464486829     
   890393.82484420412     
   890391.38570168242     
   890390.51805103128     
   890298.43333794340     
   890325.46364322025     
   890382.02043414325     
   890527.51351688581     
   890557.14928703289     
   890577.96959265287     
   890526.37497038743     
   890526.89041921485     
   890394.28752825188     
   890306.29015031655     
   890331.74835856829     
   890242.13890294323     
   890302.52580492944     
   890310.41879821627     
   890291.23430097022     
   890312.63861634349     
   890287.52542746149     
   890267.02327115182     
   890326.53280136699     
   890313.19428736856     
   890264.34194387530     
   890384.80908999348     
   890280.70739622798     
   890206.44133722410     
   890244.36807790794     
   890197.84432452079     
   890210.10396337695     
   890181.65946658957     
   890209.15491666854     
   890233.39951415500     
   890212.51635802281     
   890271.74000170839     
   890342.39332376304     
   890289.10069335136     
   890232.40661096561     
   890227.49710092449     
   890345.52055071876     
   890413.26508791372     
   890397.30226429633     
   890359.18316373159     
   890354.35002593196     
   890304.40212540329     
   890252.63988651615     
   890292.74177974043     
   890239.64715180185     
   890228.85604962206     
   890147.75400149636     
   890084.48791577248     
   890164.64155175083     
   890094.92974030564     
   890170.87417573505     
   890108.26042243675     
   890059.42505611898     
   890058.52794713888     
   890050.17604491196     
   890069.86097812664     
   890089.80436874914     
   890029.39558267349     
   889934.42340319697     
   889981.41130873840     
   890077.14817747346     
   890101.13762516680     
   890070.34402919328     
   889971.67592736147     
   889978.99523533299     
   890069.75957234309     
   890111.25959515944     
   890106.69030856958     
   890135.59868420695     
   890104.85254133749     
   889967.83488409687     
   889803.34455827973     
   889765.37015540292     
   889731.46862247703     
   889786.23830456194     
   889846.53676400066     
   889832.32858506416     
   889929.62465489586     
   889916.51749124459     
   889884.98474640376     
   889891.11098866467     
   889817.74470783013     
   889873.31783313968     
   889946.15657823009     
   890023.65741482866     
   890045.26341155241     
   890082.54045877571     
